037de252-f11b-4a31-a1da-8fc00defa22e,2081,48,2017-11-27 06:03:00.0,vSensor2
04bae0cd-b918-4228-b77d-5fe4ba95bf0a,3234,53,2017-11-27 06:03:00.0,vSensor2
04ef973a-9f10-414e-bc52-886c55454e77,4068,30,2017-11-27 06:03:00.0,vSensor2
056096e7-e21f-4a00-91e4-264a5d1e8025,2100_7,82,2017-11-27 06:03:00.0,vSensor2
05d5ecce-294a-4348-ab6d-d79db09d643c,4232,24,2017-11-27 06:03:00.0,vSensor2
05e6e4d5-3f1d-4d46-96da-d9b0b38e840e,2100_4,38,2017-11-27 06:03:00.0,vSensor2
098af055-4311-4eca-b058-2d12f50c7220,2216,60,2017-11-27 06:03:00.0,vSensor2
0a3d70ef-b6ad-4820-a933-812890c572e9,3100_3,88,2017-11-27 06:03:00.0,vSensor2
0a4ef50c-a198-42e2-86dd-2e127e3ac4a9,4004,55,2017-11-27 06:03:00.0,vSensor2
0b5f5ab8-d8b4-47ba-8593-9dc301482bb6,5089,68,2017-11-27 06:03:00.0,vSensor2
0c235735-ce52-4ee0-940b-8146dc438580,6084,8,2017-11-27 06:03:00.0,vSensor2
0c6a924a-c714-4cd5-9334-fc00f35cb9ca,5013,99,2017-11-27 06:03:00.0,vSensor2
0da839d3-ea8a-4da5-a057-f4e26ad11676,3048,59,2017-11-27 06:03:00.0,vSensor2
0f235519-0c69-4b28-806c-5eac97659bc8,4222,54,2017-11-27 06:03:00.0,vSensor2
11622cb4-6b8e-41c8-b294-8f152c7d60e2,1200,99,2017-11-27 06:03:00.0,vSensor2
11e3278f-02c0-42be-81a2-6df9b3b4e7f7,5099,81,2017-11-27 06:03:00.0,vSensor2
12af2bb2-b622-4d72-b324-d37298289842,6013,70,2017-11-27 06:03:00.0,vSensor2
148ce620-62a7-4721-8aae-d552272ad130,4243,63,2017-11-27 06:03:00.0,vSensor2
14a8680f-f6c2-4cab-9c0e-f2e9e078e0e8,6212,19,2017-11-27 06:03:00.0,vSensor2
14a8f9ef-6005-4811-96fa-9fb6760b31f1,3226,29,2017-11-27 06:03:00.0,vSensor2
14cb032b-ef3f-455b-8736-82aca51579da,3051,58,2017-11-27 06:03:00.0,vSensor2
15bb9800-7715-49bc-8444-c3806fe513db,3216,32,2017-11-27 06:03:00.0,vSensor2
16e96a98-5e4b-477d-b738-9b439da57729,2062,100,2017-11-27 06:03:00.0,vSensor2
17d15e9b-3321-4988-9016-7b76c1756e35,3052,25,2017-11-27 06:03:00.0,vSensor2
18bc20d2-3bb9-410d-b551-4204e47260fd,3212,83,2017-11-27 06:03:00.0,vSensor2
19c4399c-3457-4739-9160-1c2f8afc32e0,3008,81,2017-11-27 06:03:00.0,vSensor2
1be695a1-0770-4ba9-b6eb-1406d5f29b6a,2044,93,2017-11-27 06:03:00.0,vSensor2
1d8d3485-80ea-4825-9568-19e6999965d7,5204,66,2017-11-27 06:03:00.0,vSensor2
1e885419-e1a3-4d81-855a-8f069baf24b4,5224,40,2017-11-27 06:03:00.0,vSensor2
1ee8a73f-e397-4bed-bb51-6604922e19d7,2234,53,2017-11-27 06:03:00.0,vSensor2
1f40820e-93b5-4524-a086-f3fc07546885,3202,60,2017-11-27 06:03:00.0,vSensor2
1fae059f-bf82-4db2-a78c-8452a10c7822,4216,46,2017-11-27 06:03:00.0,vSensor2
1fb8f1d6-f839-4a2b-9142-4e68a4b9316c,1406,94,2017-11-27 06:03:00.0,vSensor2
205575e9-d700-4be4-bf80-927ef83a8c8c,4056,16,2017-11-27 06:03:00.0,vSensor2
21abb8d8-4a70-4d96-81e7-ddc05e9213a4,4061,18,2017-11-27 06:03:00.0,vSensor2
21c3f2d8-4a70-4469-8b8a-41398b7fbabc,4234,82,2017-11-27 06:03:00.0,vSensor2
223f5881-ff86-40af-a00d-9be7470212cc,2100_9,89,2017-11-27 06:03:00.0,vSensor2
23e2da12-a0aa-43ee-8e29-35daab39968a,5065,88,2017-11-27 06:03:00.0,vSensor2
23fcd20a-41c3-48e0-ba31-90a6cff9d434,6072,16,2017-11-27 06:03:00.0,vSensor2
24dcc709-35db-4c2c-8877-44e36c21b462,4084,31,2017-11-27 06:03:00.0,vSensor2
265eb645-e7b9-45aa-9d38-649df469ce8e,4091,23,2017-11-27 06:03:00.0,vSensor2
26ee8d42-b144-4081-9230-32de275e45c2,6218,37,2017-11-27 06:03:00.0,vSensor2
2917be98-d356-4a18-9a9f-92e5d000b7fd,2051,28,2017-11-27 06:03:00.0,vSensor2
2a848c01-82ce-4208-af99-547aeb7c8131,5209,51,2017-11-27 06:03:00.0,vSensor2
2b4a4ad5-3036-4f40-b484-09f76349c286,2019,70,2017-11-27 06:03:00.0,vSensor2
2bffd9be-d015-4d2b-99ea-42d635b4a090,4214,44,2017-11-27 06:03:00.0,vSensor2
2c4b6feb-1fef-4a62-a941-53136b3e2f11,6082,100,2017-11-27 06:03:00.0,vSensor2
2ceb8825-feb9-422a-91af-a2690e0282e0,3100_1,86,2017-11-27 06:03:00.0,vSensor2
2e2e2751-ecb3-4fa4-94f3-81a6d25ea796,4100_8,74,2017-11-27 06:03:00.0,vSensor2
3131fb1c-4dde-4c2b-b41c-0570d3a2add0,6210,63,2017-11-27 06:03:00.0,vSensor2
315eeacb-a47d-4641-9c76-b3605b6a7169,2211,17,2017-11-27 06:03:00.0,vSensor2
3243bd03-6492-4f54-bffe-a7f078a7b064,6044,100,2017-11-27 06:03:00.0,vSensor2
33018a76-5fee-44a6-9ba6-5888753ef866,4099,54,2017-11-27 06:03:00.0,vSensor2
33d3089c-7f06-4794-a83c-77f0e1bde469,5232,1,2017-11-27 06:03:00.0,vSensor2
349f0b32-1157-42ff-9834-4fe43f3b39ae,2214,26,2017-11-27 06:03:00.0,vSensor2
35d24fde-5a49-4930-b0ac-2c53809e5a1c,4204,22,2017-11-27 06:03:00.0,vSensor2
37f6e86a-e527-459c-b7c8-4aac51538f00,3100_9,63,2017-11-27 06:03:00.0,vSensor2
380c19ab-b693-4166-9084-38f8bb4e483c,4226,63,2017-11-27 06:03:00.0,vSensor2
38327ef7-06a4-4a32-8215-288c376f5a45,5029,56,2017-11-27 06:03:00.0,vSensor2
38463ed8-de84-465d-b336-658eaf2c6ebb,2011,99,2017-11-27 06:03:00.0,vSensor2
39281c4e-90fb-4eac-8f91-fc97d94084b1,3028,52,2017-11-27 06:03:00.0,vSensor2
39329e66-e3ab-4ace-868e-928a433c3c72,5221,2,2017-11-27 06:03:00.0,vSensor2
39642b1a-564a-4408-b816-482874a36e1f,5100_8,23,2017-11-27 06:03:00.0,vSensor2
39dc127b-760b-44fb-8966-4cbb01a52842,2241,26,2017-11-27 06:03:00.0,vSensor2
3a73f1dd-2fd1-42e4-9123-dcd8124d5728,5219,98,2017-11-27 06:03:00.0,vSensor2
3a876ed1-9f48-463a-9608-302f4aa2f7c6,5241,17,2017-11-27 06:03:00.0,vSensor2
3b29687b-af39-40b9-bcf1-5a85ad5e89ef,3228,13,2017-11-27 06:03:00.0,vSensor2
3b3f5bf9-0637-4c93-9725-337714fc03ba,1423,4,2017-11-27 06:03:00.0,vSensor2
3c441afd-8782-4131-8bf5-a5f4e57667b0,1403,62,2017-11-27 06:03:00.0,vSensor2
3c744b35-84ac-435a-9ea4-a75059ab95ff,2204,15,2017-11-27 06:03:00.0,vSensor2
3ced6945-9ef7-4904-82d8-1409625ba7ac,5052,78,2017-11-27 06:03:00.0,vSensor2
3d48c2e0-1888-47f8-921f-7e6b431b213e,1431,67,2017-11-27 06:03:00.0,vSensor2
3e69d183-646c-4882-b57b-458fbf42273d,5062,79,2017-11-27 06:03:00.0,vSensor2
40f3cab2-9d29-4ab8-8f4f-9d97f7b5eff8,4086,8,2017-11-27 06:03:00.0,vSensor2
41d65507-eb57-4b8f-a861-a974ef6a4eb8,1427,80,2017-11-27 06:03:00.0,vSensor2
424f440f-4c25-404d-9876-31586dcc9bba,5243,17,2017-11-27 06:03:00.0,vSensor2
43946c1d-a33b-44b7-a941-e36c145a9673,5226,88,2017-11-27 06:03:00.0,vSensor2
43fc10dd-2174-4bb0-b8c9-8aedd432e58e,3221,69,2017-11-27 06:03:00.0,vSensor2
4426d000-28a1-4462-a271-64cf12f40d9c,5044,71,2017-11-27 06:03:00.0,vSensor2
44ca57ce-7009-4337-b94b-35910910b91f,2224,68,2017-11-27 06:03:00.0,vSensor2
455b952d-084a-468b-9c88-bb5fc9eab8f8,5091,65,2017-11-27 06:03:00.0,vSensor2
46d49ad8-f409-465a-8f5d-01521b57bdaf,3100_4,91,2017-11-27 06:03:00.0,vSensor2
48d9a8b1-904f-4ad8-8b27-d422c02c1b62,2058,15,2017-11-27 06:03:00.0,vSensor2
4b07fe78-3bfa-4a97-89e2-0a751392e5b4,2212,26,2017-11-27 06:03:00.0,vSensor2
4b7051ab-5180-465e-a790-ecf42269011b,2048,44,2017-11-27 06:03:00.0,vSensor2
4c42a8b9-6d56-4a23-87b4-89ef887b4d23,5076,6,2017-11-27 06:03:00.0,vSensor2
4c5df329-7361-44c4-bea7-5d23b0b7b500,2042,43,2017-11-27 06:03:00.0,vSensor2
4caeaf23-36b6-4e94-b7f3-5c278bd8707d,4066,12,2017-11-27 06:03:00.0,vSensor2
4e0bc178-a7dc-49a3-9732-f0b8be8c71e0,6036,50,2017-11-27 06:03:00.0,vSensor2
4eab8302-d649-46ff-a98a-5aaed4d188ed,3066,96,2017-11-27 06:03:00.0,vSensor2
4efcf2c1-9a1c-40e5-9d69-d5fe06bdb008,2099,52,2017-11-27 06:03:00.0,vSensor2
4fcbe172-d5a3-4703-ac5c-28e3f845c19b,5216,21,2017-11-27 06:03:00.0,vSensor2
50eda44d-b49c-4fef-bb86-91d04e6044d7,6092,90,2017-11-27 06:03:00.0,vSensor2
50f8a727-40d1-4d9c-90aa-cff1c58cec03,3029,39,2017-11-27 06:03:00.0,vSensor2
510d1f11-40fd-444e-81e8-7565ed2581e5,4100_10,8,2017-11-27 06:03:00.0,vSensor2
5121b4fa-55b3-4dec-91ff-d8defd4ee0eb,6219,28,2017-11-27 06:03:00.0,vSensor2
52400201-ffe8-4459-83df-ba86f276f74d,2243,28,2017-11-27 06:03:00.0,vSensor2
52d0c4b2-51b9-4581-bd44-ff3da307b939,3056,4,2017-11-27 06:03:00.0,vSensor2
52f27583-66c6-4261-b3c2-8845b4c7fc1b,2100_5,1,2017-11-27 06:03:00.0,vSensor2
548623ae-3ff6-412a-8b2d-3907c1ad7fec,4042,6,2017-11-27 06:03:00.0,vSensor2
57348c15-fb7d-4f4c-83fd-4a74ec8cc505,3038,75,2017-11-27 06:03:00.0,vSensor2
578ed0b5-5ab5-4943-a32d-4ab4d6f82d4c,4028,22,2017-11-27 06:03:00.0,vSensor2
58269bfe-6f04-4ad5-b034-e5001e3982da,4002,14,2017-11-27 06:03:00.0,vSensor2
58dead5e-ccea-415d-a3f1-766be1ef3221,5069,7,2017-11-27 06:03:00.0,vSensor2
597c0398-8635-44a0-a6a1-02546ad029b5,4058,58,2017-11-27 06:03:00.0,vSensor2
59a43d70-a74d-40a6-86ea-14496053dbe3,3026,82,2017-11-27 06:03:00.0,vSensor2
59c77be1-fc1d-4731-bb8d-ec1996803d85,6213,40,2017-11-27 06:03:00.0,vSensor2
5a77af2b-bdc8-470c-9279-88e038a3a654,4008,51,2017-11-27 06:03:00.0,vSensor2
5b57b834-3a25-4b22-99bf-43cf2a54baac,3100_8,4,2017-11-27 06:03:00.0,vSensor2
5c7d8a03-2138-4334-9148-55b49fd6bda7,5100_7,88,2017-11-27 06:03:00.0,vSensor2
5d323377-40bc-41d4-849a-f897732e9f88,6032,48,2017-11-27 06:03:00.0,vSensor2
5d612ea7-8ad7-41cd-ba27-634c76756e8c,2206,65,2017-11-27 06:03:00.0,vSensor2
5ede552b-0c31-4219-a45d-14e2f573ceeb,3206,67,2017-11-27 06:03:00.0,vSensor2
5f7983d2-32b6-4cc9-8653-6af3227444b3,3089,35,2017-11-27 06:03:00.0,vSensor2
5ff4fd0a-4950-4250-b802-e2e740e787b1,5019,28,2017-11-27 06:03:00.0,vSensor2
60db83df-2cd0-4390-b223-37bf40eb8c4a,1434,94,2017-11-27 06:03:00.0,vSensor2
61135644-e8c0-4a9f-9fd2-7d61f5f4bfa8,4064,50,2017-11-27 06:03:00.0,vSensor2
615da1ca-0fa3-44dc-b78f-c146451e354e,2026,26,2017-11-27 06:03:00.0,vSensor2
625041b0-c547-4f93-90a1-438a82be58a1,3019,63,2017-11-27 06:03:00.0,vSensor2
6279c3af-0e78-48e7-8970-2b39a0e504b7,1412,92,2017-11-27 06:03:00.0,vSensor2
627baf1e-3777-4688-b1ef-7b446151576c,5048,29,2017-11-27 06:03:00.0,vSensor2
63333fd5-e8c8-462d-a1e1-04556597dd41,5011,57,2017-11-27 06:03:00.0,vSensor2
6440e8b3-3bbd-4945-9b9c-d3069a938fa3,4100_9,40,2017-11-27 06:03:00.0,vSensor2
65061429-82a1-4b9a-bc18-304afdac1b24,5028,94,2017-11-27 06:03:00.0,vSensor2
65b32e7f-8a3e-4f2f-9d4a-d93aa571e015,3032,97,2017-11-27 06:03:00.0,vSensor2
6653597e-25e7-4d14-898c-22e8f863ccfa,3074,83,2017-11-27 06:03:00.0,vSensor2
66e56fe8-1087-44be-a14f-61372d0170a7,3076,6,2017-11-27 06:03:00.0,vSensor2
66f116ba-ac9d-40d4-b72c-70f6988c0269,2008,27,2017-11-27 06:03:00.0,vSensor2
679e1cf5-86a2-4b30-a8d7-f88033d2da2b,4100_5,29,2017-11-27 06:03:00.0,vSensor2
67f52c4c-a2f3-4b7d-a7bd-7e663bc135c4,6048,11,2017-11-27 06:03:00.0,vSensor2
68dabeb1-1028-4a9e-aaa2-266a7058a545,5061,13,2017-11-27 06:03:00.0,vSensor2
69e68c6b-6018-42b9-9659-4f0c26c18cbb,4026,78,2017-11-27 06:03:00.0,vSensor2
6bd1daa3-f0c4-4003-8187-397043bd3830,2068,83,2017-11-27 06:03:00.0,vSensor2
6d21f8d3-386c-46a6-be18-d3e76a2552c4,3100_6,92,2017-11-27 06:03:00.0,vSensor2
6d823238-9ed1-4b88-8c73-0a9c63571abe,1428,15,2017-11-27 06:03:00.0,vSensor2
6f23df2c-ebd4-48b7-a3f0-8ae79f79326b,5231,67,2017-11-27 06:03:00.0,vSensor2
6f3dcec4-1a85-4d76-9076-4eace8bae780,3100_2,26,2017-11-27 06:03:00.0,vSensor2
6f93ae74-019d-41a7-bfde-08514f202de6,2100_6,22,2017-11-27 06:03:00.0,vSensor2
734f401f-4eeb-4262-84fa-13722e5dc2db,4219,59,2017-11-27 06:03:00.0,vSensor2
742d8df1-1952-4039-9a07-7342d70d792f,6056,5,2017-11-27 06:03:00.0,vSensor2
7435698d-d711-4363-9530-82cdaf92960f,4074,71,2017-11-27 06:03:00.0,vSensor2
74b3b106-1df0-4cd0-aa49-ae5ea8f7a960,2100_3,62,2017-11-27 06:03:00.0,vSensor2
74c0067f-418d-4d15-81bf-112cb396ae31,6019,31,2017-11-27 06:03:00.0,vSensor2
77e42769-016f-4727-9870-fa4980080157,5068,33,2017-11-27 06:03:00.0,vSensor2
78de0c4e-8859-4d6b-9d7b-7168e9a39bc1,4062,14,2017-11-27 06:03:00.0,vSensor2
7abeb4de-1065-483f-b511-ea4c48b28452,4029,48,2017-11-27 06:03:00.0,vSensor2
7b3fe366-a95b-4c07-8e67-a128560eec77,6029,13,2017-11-27 06:03:00.0,vSensor2
7bc56ee1-b2d5-4946-9958-7628d64cc2b4,4081,95,2017-11-27 06:03:00.0,vSensor2
7bf7f54d-1bc1-4248-8fbb-e1efe9e4aeec,6028,16,2017-11-27 06:03:00.0,vSensor2
7ca66ec1-e6b7-4246-8016-513226459b7b,3002,83,2017-11-27 06:03:00.0,vSensor2
7ce74586-f87a-4c27-bfcc-2ccbeab347b1,3081,43,2017-11-27 06:03:00.0,vSensor2
7d5a2357-09cd-43f2-900b-97ad14b7934c,4100_4,1,2017-11-27 06:03:00.0,vSensor2
7e6550d3-568e-46a8-ada2-cac523b0ed58,5038,67,2017-11-27 06:03:00.0,vSensor2
7e7b73f2-8762-4829-bf88-6df6bff0a088,3086,72,2017-11-27 06:03:00.0,vSensor2
7fbaac31-003f-43ed-8b75-3798b34f4260,3211,17,2017-11-27 06:03:00.0,vSensor2
813aebba-3d34-4902-9715-4112956c0de2,6074,27,2017-11-27 06:03:00.0,vSensor2
8146eedf-0499-4032-9ecb-612a17bc2e14,5058,22,2017-11-27 06:03:00.0,vSensor2
821ff49c-36b8-42f9-a400-2eb58e33db91,4208,60,2017-11-27 06:03:00.0,vSensor2
82609e40-9622-47d1-b498-9ed2956d8dae,6088,70,2017-11-27 06:03:00.0,vSensor2
832ad0bb-851f-4ff8-bfc5-ace2f22f503e,5066,61,2017-11-27 06:03:00.0,vSensor2
832d706f-1e8d-43ed-b113-601d4946b4e7,5074,5,2017-11-27 06:03:00.0,vSensor2
850f616d-d787-43c1-87d9-afe0a2815749,4052,60,2017-11-27 06:03:00.0,vSensor2
86d90c03-9bc2-4e2f-9c27-aa14e29303d2,3061,2,2017-11-27 06:03:00.0,vSensor2
87316c76-6f84-491a-a7ec-848199362e8a,5211,78,2017-11-27 06:03:00.0,vSensor2
88273027-abc2-4ee8-98cb-6dc5e4ab5d15,3243,2,2017-11-27 06:03:00.0,vSensor2
88fdce79-c1a9-4087-b20a-996ddeada395,4082,87,2017-11-27 06:03:00.0,vSensor2
89ef7487-1b96-419d-97f0-d02086d8cd35,2029,77,2017-11-27 06:03:00.0,vSensor2
8b1187ad-e5d8-4283-8f2d-b919057f3d96,4072,72,2017-11-27 06:03:00.0,vSensor2
8b471d9c-cc8f-468d-b29f-3a5005341b59,4100_6,88,2017-11-27 06:03:00.0,vSensor2
8f00a0ca-89d6-422a-adda-6ea53edc4114,3059,28,2017-11-27 06:03:00.0,vSensor2
902bdb96-8a85-40f0-9035-aec32a41642b,2061,11,2017-11-27 06:03:00.0,vSensor2
90c45ddd-e5bf-4291-92e4-672de5aabd0b,5008,86,2017-11-27 06:03:00.0,vSensor2
9208b821-10ac-4530-b6a2-975100ca66a8,3042,51,2017-11-27 06:03:00.0,vSensor2
9281badb-0dd7-4796-96b1-8c271665c08e,2202,11,2017-11-27 06:03:00.0,vSensor2
93e614a8-72a4-40a3-aee4-6e388cd73c62,4019,71,2017-11-27 06:03:00.0,vSensor2
9481b1e0-a443-4d1b-9a5b-a0c64a7feadf,3082,98,2017-11-27 06:03:00.0,vSensor2
949832f1-f3b4-40b2-b4a5-162ba772f4a9,2089,14,2017-11-27 06:03:00.0,vSensor2
94dd1977-b01b-4abd-b912-1901722c94f5,3072,73,2017-11-27 06:03:00.0,vSensor2
95b35034-ea77-41b5-a150-7e61de5a63b1,5051,21,2017-11-27 06:03:00.0,vSensor2
95cc4986-6ce5-47e7-88d9-337622c57b2a,5206,7,2017-11-27 06:03:00.0,vSensor2
95db2de3-b23d-49be-aecc-f0d37045adb9,1429,40,2017-11-27 06:03:00.0,vSensor2
96501732-4904-482a-9042-99b2954f7ae7,4044,94,2017-11-27 06:03:00.0,vSensor2
9695691d-eb7f-40b8-a916-25c65ed63046,4228,54,2017-11-27 06:03:00.0,vSensor2
98901bb9-e610-4ac6-ae5d-291f5540ec10,3064,7,2017-11-27 06:03:00.0,vSensor2
991debd3-78b0-46c9-926c-7d64a5c12079,3208,37,2017-11-27 06:03:00.0,vSensor2
9a9c1e31-6690-4098-ad99-d32e0e0a1c5b,5032,78,2017-11-27 06:03:00.0,vSensor2
9bc42d7d-49fa-46e2-a5de-635314a28520,4209,19,2017-11-27 06:03:00.0,vSensor2
9d8163d5-bdee-4288-9968-5c67d6fe88be,2086,82,2017-11-27 06:03:00.0,vSensor2
9d893671-e2d0-470c-9cb3-04ecd6228baa,3088,5,2017-11-27 06:03:00.0,vSensor2
9e26e4d9-ea72-4a10-972c-4b92285ec00a,5100_1,35,2017-11-27 06:03:00.0,vSensor2
9e8a9e4b-455a-4384-be18-d1c453e8fbff,5082,29,2017-11-27 06:03:00.0,vSensor2
9eb9dc06-0af3-4805-beef-5c06972cd728,3214,28,2017-11-27 06:03:00.0,vSensor2
9f341bd4-3834-48e8-b268-b3b06af1acc0,2039,19,2017-11-27 06:03:00.0,vSensor2
9f599d1c-8ca5-4e92-990d-0bd7b383f3b3,5088,7,2017-11-27 06:03:00.0,vSensor2
9f86c5e2-2188-4135-9b7c-d5e6fd7b50a9,1407,13,2017-11-27 06:03:00.0,vSensor2
9fc3bc21-c473-4327-9555-0361534f00cf,2100_8,86,2017-11-27 06:03:00.0,vSensor2
9ffaa9c8-2a32-44ea-8b2f-d7cfbb98223c,4206,24,2017-11-27 06:03:00.0,vSensor2
a16bb8e6-1415-4446-bd16-b72cac7aba94,6076,38,2017-11-27 06:03:00.0,vSensor2
a19a4c5e-6502-4ae5-b68a-74ee22145ee5,5056,55,2017-11-27 06:03:00.0,vSensor2
a28a7f5e-f1b1-4a37-a2bc-2495d4775a74,3209,25,2017-11-27 06:03:00.0,vSensor2
a2edb8a5-2386-4c3a-bb78-0740936f7d6f,1500,85,2017-11-27 06:03:00.0,vSensor2
a33ff53f-0f8b-4066-95dd-bcdfaf5c90aa,2092,14,2017-11-27 06:03:00.0,vSensor2
a3d591c3-cdb5-4ac9-bd09-ada3f045aa9c,3204,36,2017-11-27 06:03:00.0,vSensor2
a4140e8a-4266-4374-a739-814fef85eb4b,2002,71,2017-11-27 06:03:00.0,vSensor2
a570064a-7482-4f65-894b-d764bb17d753,6086,54,2017-11-27 06:03:00.0,vSensor2
a69b5ff5-ac83-46a9-9ca2-057b96f1c792,2052,11,2017-11-27 06:03:00.0,vSensor2
a7300b12-951a-4cd0-90aa-af812fbeda51,5026,17,2017-11-27 06:03:00.0,vSensor2
a74d3f4a-4444-4c62-8e07-f0b0708aeb5b,4013,29,2017-11-27 06:03:00.0,vSensor2
a8680d37-305f-476f-9115-1481cafcf635,6046,11,2017-11-27 06:03:00.0,vSensor2
a89e6782-7d41-446d-803e-22af245d4122,1422,32,2017-11-27 06:03:00.0,vSensor2
a8d73a6e-9fed-49c6-a5c6-205039157373,2082,88,2017-11-27 06:03:00.0,vSensor2
aa75d99c-3d0d-4af6-b327-b151d2b8422a,5004,88,2017-11-27 06:03:00.0,vSensor2
abbddd7d-f9b3-4796-ae56-0ba71047001b,5042,8,2017-11-27 06:03:00.0,vSensor2
ac4fff55-2ea9-4f0b-9c42-8407cbc52931,5214,3,2017-11-27 06:03:00.0,vSensor2
ada68f30-2b91-433c-be74-8dddb2637ff0,6215,14,2017-11-27 06:03:00.0,vSensor2
ae6f149b-0112-4e07-bee6-48bb1b494ea3,4059,92,2017-11-27 06:03:00.0,vSensor2
aef014a7-8392-46b2-ba68-0465fabfc622,6039,24,2017-11-27 06:03:00.0,vSensor2
afcae761-5f0e-4f7a-b4ec-de61f93e1f61,3222,10,2017-11-27 06:03:00.0,vSensor2
b1485fc2-9cb3-48b6-8437-f85ab499da83,2231,48,2017-11-27 06:03:00.0,vSensor2
b1740801-05bb-4ce9-ba0f-6bd79f6e7c0e,6052,61,2017-11-27 06:03:00.0,vSensor2
b2d23321-f720-4221-803a-df6708f1167e,5222,51,2017-11-27 06:03:00.0,vSensor2
b3a40a75-6209-4bfb-a9ec-b8cf688e4a22,2076,28,2017-11-27 06:03:00.0,vSensor2
b3ef721f-538a-47fe-9530-f42b173ca5db,2084,86,2017-11-27 06:03:00.0,vSensor2
b427264a-cc35-4d0c-b416-eb5d0e1ec4b0,5100_3,93,2017-11-27 06:03:00.0,vSensor2
b4a86baf-b363-40e4-85b9-225a89d02b91,6042,67,2017-11-27 06:03:00.0,vSensor2
b5027553-0641-468c-bbe1-5422607aed8b,5100_2,12,2017-11-27 06:03:00.0,vSensor2
b59bc8e0-02c7-4e0c-849f-da55dbd06277,4038,94,2017-11-27 06:03:00.0,vSensor2
b5a49f03-4377-4ee4-a4ba-6960efff7c04,5100_9,68,2017-11-27 06:03:00.0,vSensor2
b5db1f6a-26dc-487f-8474-ee7de50a2d66,2056,61,2017-11-27 06:03:00.0,vSensor2
b6f112f8-53c7-4e2e-b02b-17c55ccf8011,2100_1,7,2017-11-27 06:03:00.0,vSensor2
b6f76215-ae67-4489-8abb-80eec2f39bd1,3100_7,8,2017-11-27 06:03:00.0,vSensor2
b76ade47-d8f2-4314-a18e-354ac5267e9a,3100_5,58,2017-11-27 06:03:00.0,vSensor2
b85a2db5-aa6f-476d-8ae7-1586a67de1f4,6132,6,2017-11-27 06:03:00.0,vSensor2
b8656263-8ba1-4785-b454-8e0903d12c36,2066,17,2017-11-27 06:03:00.0,vSensor2
b8f22325-bde7-4eb9-8160-ad8b119f6a37,2032,16,2017-11-27 06:03:00.0,vSensor2
b91d5558-ade6-42fd-8ff9-6b8968fe024b,6066,29,2017-11-27 06:03:00.0,vSensor2
ba3fbacf-49bf-4323-8b2d-4510733573e4,4076,49,2017-11-27 06:03:00.0,vSensor2
bb5342af-428f-4134-a2ea-943976d388ab,3013,80,2017-11-27 06:03:00.0,vSensor2
bb8fbb22-6d2b-4587-86bf-f376d8382d79,5086,6,2017-11-27 06:03:00.0,vSensor2
bd9badec-ad59-4596-a900-e6a34fa9bde0,4224,97,2017-11-27 06:03:00.0,vSensor2
bdda364b-1d63-4001-aede-59ee7833bafe,4011,71,2017-11-27 06:03:00.0,vSensor2
be669a1a-86c8-4432-9c74-8703be04e474,3224,64,2017-11-27 06:03:00.0,vSensor2
bed172a5-30bf-4c36-825d-be4ead65fde2,6211,35,2017-11-27 06:03:00.0,vSensor2
bf8a9252-b68b-454e-b30c-747326bb85e9,6024,76,2017-11-27 06:03:00.0,vSensor2
bf98d2b4-509c-444c-87d4-7557ec239de0,1100,12,2017-11-27 06:03:00.0,vSensor2
bfe47607-13b7-4953-8ff9-95d9ebe3226d,2072,29,2017-11-27 06:03:00.0,vSensor2
c0a9af26-e0b0-4413-862c-084fe693399c,5100_10,98,2017-11-27 06:03:00.0,vSensor2
c18ab531-891d-41af-a5c6-c05a84aa6cf1,5039,0,2017-11-27 06:03:00.0,vSensor2
c1a551a1-1af1-4a94-b20a-b9757b9ffcd2,3232,4,2017-11-27 06:03:00.0,vSensor2
c26239de-042a-4295-ad31-4bc1ffe10f84,2221,87,2017-11-27 06:03:00.0,vSensor2
c3e473eb-e782-4292-9326-696603f9318a,4202,82,2017-11-27 06:03:00.0,vSensor2
c4309d1e-3c61-42d5-ade5-662775ea9e9e,3241,32,2017-11-27 06:03:00.0,vSensor2
c4eef683-c3c7-4fbe-8940-982232003db1,5212,90,2017-11-27 06:03:00.0,vSensor2
c5381465-e517-46c2-ad07-d9bee545dbd1,2004,26,2017-11-27 06:03:00.0,vSensor2
c5e3ceb2-56f4-4396-aa12-d46a651e54e6,5084,40,2017-11-27 06:03:00.0,vSensor2
c60bc76c-72f1-44ab-bfe8-71431165bf9d,5064,21,2017-11-27 06:03:00.0,vSensor2
c65fc762-e121-4665-9109-d4b9492bf8ce,4100_3,87,2017-11-27 06:03:00.0,vSensor2
c6d5a725-3e61-42ff-a8fe-0c5a5a14d2b7,5208,68,2017-11-27 06:03:00.0,vSensor2
c771052a-c953-4141-bd33-c87839034536,3044,75,2017-11-27 06:03:00.0,vSensor2
c77b13bd-e661-49c1-8deb-0d961e348386,3058,16,2017-11-27 06:03:00.0,vSensor2
c7c0a6aa-0d3f-4427-b189-ccd41defad94,6068,42,2017-11-27 06:03:00.0,vSensor2
c81e8cf1-58cb-4614-a11d-d4960a9deab4,2222,71,2017-11-27 06:03:00.0,vSensor2
c8646c1c-a45c-4b40-86e8-f4c422f2764e,6064,22,2017-11-27 06:03:00.0,vSensor2
c933e415-8073-4362-aced-637fe9789d34,3065,43,2017-11-27 06:03:00.0,vSensor2
c9b7fd6f-f1a9-4837-abfc-42c8ebd67075,2232,97,2017-11-27 06:03:00.0,vSensor2
c9f13c41-c990-4183-b7ae-3d046c31f0dd,2065,44,2017-11-27 06:03:00.0,vSensor2
cacc35da-2767-4920-9216-0b1f937a59de,4231,79,2017-11-27 06:03:00.0,vSensor2
cbc5f0be-a1fd-46a2-b242-977dbffab5d2,4069,38,2017-11-27 06:03:00.0,vSensor2
cc047725-616f-4b9c-aa66-550da8089796,5100_5,97,2017-11-27 06:03:00.0,vSensor2
cc769f3f-6501-4c82-a2dd-dd063cff72bc,2038,13,2017-11-27 06:03:00.0,vSensor2
cd962504-ed7a-4970-86cd-0229ee602c76,1600,23,2017-11-27 06:03:00.0,vSensor2
cd998cba-7bd4-4578-af09-b486dc570050,2064,27,2017-11-27 06:03:00.0,vSensor2
cdc4e3fc-ae3f-412e-afa5-7f676783242f,2013,7,2017-11-27 06:03:00.0,vSensor2
ce92165c-fe53-4505-9a3d-f955a377c83c,2059,97,2017-11-27 06:03:00.0,vSensor2
cf7843ce-e119-4b4a-b7f6-68feca3d4da7,2226,46,2017-11-27 06:03:00.0,vSensor2
cfc52bb1-7f6b-43f6-aced-1ae3ffffad7e,3069,77,2017-11-27 06:03:00.0,vSensor2
d01e63bb-625e-4450-8ca0-52705cf96ac5,2228,59,2017-11-27 06:03:00.0,vSensor2
d19b125f-cc1e-4942-ae50-2faff5ad0ae4,5100_4,98,2017-11-27 06:03:00.0,vSensor2
d4a764c3-3bc8-40ea-82e3-c989341937f6,4065,22,2017-11-27 06:03:00.0,vSensor2
d4d59253-3167-426c-8a28-10048d1c7844,5202,95,2017-11-27 06:03:00.0,vSensor2
d4fe9a3b-40e8-4261-b8a0-5a0fd723b7d1,5228,8,2017-11-27 06:03:00.0,vSensor2
d54913cc-e924-40d4-97b8-62fa136b7bcd,3231,42,2017-11-27 06:03:00.0,vSensor2
d68e922d-b6e9-4080-93f2-0a2c15be9262,3039,95,2017-11-27 06:03:00.0,vSensor2
d6e2cab1-86fd-4d42-a37d-ce522fae7a17,4100_2,90,2017-11-27 06:03:00.0,vSensor2
d75b24b9-0cc2-4614-9ed4-5ccbf7a0e28c,2054,88,2017-11-27 06:03:00.0,vSensor2
d85856cb-1368-45de-9a4f-df76c9ebccc2,4100_1,88,2017-11-27 06:03:00.0,vSensor2
d96cbe40-d7e4-4050-ae6f-a62cd9d97d2a,6026,79,2017-11-27 06:03:00.0,vSensor2
daba68a5-44e5-4b38-8a00-7849797f5d2f,2100_2,72,2017-11-27 06:03:00.0,vSensor2
db53150f-fe58-4d16-8299-468dfe40d663,4100_7,33,2017-11-27 06:03:00.0,vSensor2
dd59f89f-4f6b-44bc-b95f-705f4843c466,6011,19,2017-11-27 06:03:00.0,vSensor2
dd945ed1-b92c-46ea-960b-7798de55e986,3062,91,2017-11-27 06:03:00.0,vSensor2
deaf5823-bb67-481a-81df-76d76f243676,4032,94,2017-11-27 06:03:00.0,vSensor2
df5efe4a-0db4-4074-bf6e-a10c803dd946,5092,77,2017-11-27 06:03:00.0,vSensor2
dfd38c1f-3dd4-417a-8c9d-95a662c1e1e7,1413,81,2017-11-27 06:03:00.0,vSensor2
e090972a-65f3-4a1a-be74-705ea348f323,1420,84,2017-11-27 06:03:00.0,vSensor2
e10a190a-aae8-42ed-940e-29c10db30bfa,2219,56,2017-11-27 06:03:00.0,vSensor2
e11e1e8d-80db-4788-a2c3-46c649a856ad,3091,91,2017-11-27 06:03:00.0,vSensor2
e12e653b-5994-449e-ba3b-0dc93e9c1c38,6049,90,2017-11-27 06:03:00.0,vSensor2
e1ebb632-9a60-4fcc-9528-6d7637100ce8,3011,59,2017-11-27 06:03:00.0,vSensor2
e282caec-dfcf-4f5f-b56e-e980ab62d785,4212,99,2017-11-27 06:03:00.0,vSensor2
e38be6e8-3aaa-4696-ba7b-bbe52babe1da,2091,54,2017-11-27 06:03:00.0,vSensor2
e60b7c07-f85d-43b9-8ebd-54acc5f764e4,3084,21,2017-11-27 06:03:00.0,vSensor2
e75c9129-7fbf-4a7a-aa08-94fa353aef31,2100_10,19,2017-11-27 06:03:00.0,vSensor2
e7dea51b-7b66-4e6a-b232-185eac98141a,4088,37,2017-11-27 06:03:00.0,vSensor2
e7eb86be-3040-41a1-b892-674cbff8b7ee,3219,63,2017-11-27 06:03:00.0,vSensor2
e8222f29-dbaa-43bb-bebb-8d072f245ce0,4089,90,2017-11-27 06:03:00.0,vSensor2
e847e006-7b43-4816-892f-ed283db4dd00,4221,91,2017-11-27 06:03:00.0,vSensor2
e9117898-90c7-4e5c-bfe4-95a1fbfcb989,6034,35,2017-11-27 06:03:00.0,vSensor2
ea31ac2a-c9a4-4344-8284-0247e4b6dd64,5234,45,2017-11-27 06:03:00.0,vSensor2
ea76154c-0c4e-4dac-95f0-706def2a4f2b,2088,7,2017-11-27 06:03:00.0,vSensor2
eb9a0e1f-a5e4-4cc8-b719-8d0aed2bad51,3099,23,2017-11-27 06:03:00.0,vSensor2
ec87405a-ea8a-4bfe-8513-00be8f32c453,3054,93,2017-11-27 06:03:00.0,vSensor2
ec8964ad-d82e-421f-b569-7bb298a937c2,3100_10,41,2017-11-27 06:03:00.0,vSensor2
ed4aa329-86b5-443b-9d3e-81ecb5ae5d83,2069,5,2017-11-27 06:03:00.0,vSensor2
ed98bf71-c2e3-4f73-b171-d5f746bef7c6,1433,7,2017-11-27 06:03:00.0,vSensor2
ee6f3853-d3d9-4d87-8bbd-b16a71c40c80,4054,15,2017-11-27 06:03:00.0,vSensor2
eef42a56-2078-46a1-adb1-19935dd5cd02,5100_6,95,2017-11-27 06:03:00.0,vSensor2
ef5063d0-0c09-4fa8-aa0b-42e1cf920b5f,4092,88,2017-11-27 06:03:00.0,vSensor2
f18f80f2-e148-4e58-b3c6-14c12a2c17d3,4048,94,2017-11-27 06:03:00.0,vSensor2
f376507e-9ba7-4f76-865b-169eb6b50864,2074,11,2017-11-27 06:03:00.0,vSensor2
f45e088f-a93a-491f-857a-d4b3e9b9bff1,2209,46,2017-11-27 06:03:00.0,vSensor2
f4a59a6c-412e-4497-85a7-ba7b6c862331,4039,16,2017-11-27 06:03:00.0,vSensor2
f4b274bc-51ac-4349-bc19-66d87f2b345b,5059,51,2017-11-27 06:03:00.0,vSensor2
f5e81399-faff-4842-bb39-420d3bd59c06,4241,94,2017-11-27 06:03:00.0,vSensor2
f6340808-ef11-4043-afca-90372c98a030,6051,67,2017-11-27 06:03:00.0,vSensor2
f86b37fb-a44b-4b08-b26d-9b81cfcf5826,6136,87,2017-11-27 06:03:00.0,vSensor2
f8a11b12-eae1-4fe4-8fc1-820335d91f72,3068,97,2017-11-27 06:03:00.0,vSensor2
f8fe89ec-c6e2-4a1b-af5c-f0f37859b21e,4211,49,2017-11-27 06:03:00.0,vSensor2
f90d5c14-df70-4eb0-95aa-4c76a53e6f93,3004,70,2017-11-27 06:03:00.0,vSensor2
f97c4bb3-6857-4078-ab08-61e6d4415f42,6062,11,2017-11-27 06:03:00.0,vSensor2
fa4b72e9-ad16-4c6c-8833-bac936785023,5081,8,2017-11-27 06:03:00.0,vSensor2
fa733fbd-ed59-4ff3-bf33-27e67d766014,2028,95,2017-11-27 06:03:00.0,vSensor2
fafa787c-20d4-4565-a303-f8134580278f,1425,33,2017-11-27 06:03:00.0,vSensor2
fc469d67-5394-4005-8165-a9a06f285ba0,5072,77,2017-11-27 06:03:00.0,vSensor2
fcfc2f27-14a3-4640-bc9c-a0545dc5dac3,2208,56,2017-11-27 06:03:00.0,vSensor2
fd029995-3e5d-4d3d-8ead-a7c4b3a14748,1300,14,2017-11-27 06:03:00.0,vSensor2
fd3e9674-bc02-42c4-aa9f-af68d48ae08e,5002,72,2017-11-27 06:03:00.0,vSensor2
fd883812-c25a-4231-b085-c81e65989ed2,4051,71,2017-11-27 06:03:00.0,vSensor2
fe43bee5-3a47-49e9-a4ac-4fa015b9b8f5,3092,42,2017-11-27 06:03:00.0,vSensor2
ff40e071-6d52-42c3-9c02-6af221d1d530,5054,38,2017-11-27 06:03:00.0,vSensor2
