00321de4-f986-4e03-88bc-087967001e17,1406,50,2017-11-08 01:48:00.0,vSensor2
017fa685-11f8-4ee8-a647-e0709a71289f,2058,16,2017-11-08 01:48:00.0,vSensor2
045b5d64-880c-4e09-b9dc-3d37c24e326d,5219,81,2017-11-08 01:48:00.0,vSensor2
04bd6756-950e-43dd-90f1-52ef7595b5de,5084,87,2017-11-08 01:48:00.0,vSensor2
05a5f1af-f958-4803-aa72-4edb1adfeec8,2074,71,2017-11-08 01:48:00.0,vSensor2
0848779c-b186-4106-8bfb-432365d56224,6036,17,2017-11-08 01:48:00.0,vSensor2
08dd8946-b5bd-4426-abdb-f1af66abab1c,1600,9,2017-11-08 01:48:00.0,vSensor2
08f798db-bfe3-4202-ba39-888e9b5d2911,3092,98,2017-11-08 01:48:00.0,vSensor2
09017888-81ce-4ec7-ba4a-4faf4fd8ba37,3062,96,2017-11-08 01:48:00.0,vSensor2
094bf887-8575-4d31-be68-b2c3809c5595,2100_4,79,2017-11-08 01:48:00.0,vSensor2
0a2b4423-c3fb-43b4-ac19-6e96470d4f58,2076,88,2017-11-08 01:48:00.0,vSensor2
0a7699b5-1a55-4233-812d-3d72c7e5453d,2232,9,2017-11-08 01:48:00.0,vSensor2
0abe13ec-adc0-4034-bf8a-ba2483aab893,4026,42,2017-11-08 01:48:00.0,vSensor2
0c0c9312-5495-4ce7-8c10-f8e36429d117,5066,30,2017-11-08 01:48:00.0,vSensor2
0cd9ee06-177a-459c-bbed-9ff7dd860265,2222,30,2017-11-08 01:48:00.0,vSensor2
0d472145-6547-41fe-a3fe-3aa6d916a1cd,2044,3,2017-11-08 01:48:00.0,vSensor2
0db4d5b5-f6f1-4b51-b46c-fd02bfb1afe3,5013,23,2017-11-08 01:48:00.0,vSensor2
0dcae5bc-cf10-4d5d-ae6d-cd0b5d2d5377,3069,4,2017-11-08 01:48:00.0,vSensor2
0df3e968-0b38-4834-a9ff-3193e4cb198d,5228,94,2017-11-08 01:48:00.0,vSensor2
0e8df473-39c5-4572-8fe2-e38558842898,2100_6,79,2017-11-08 01:48:00.0,vSensor2
10052982-71c3-41bf-967d-cd458d91069a,4100_1,93,2017-11-08 01:48:00.0,vSensor2
1379a508-69d0-4111-ac67-ecff662003c4,3086,42,2017-11-08 01:48:00.0,vSensor2
1449e6ce-c7de-4632-aa42-2b9dd504259f,2072,1,2017-11-08 01:48:00.0,vSensor2
15340e3c-02e2-4f69-a98d-eef90507eef3,5038,26,2017-11-08 01:48:00.0,vSensor2
160d008f-7852-4ef4-9e18-9facc8670663,2099,39,2017-11-08 01:48:00.0,vSensor2
16bfafb6-a4c0-4593-8340-afd8864c032b,5051,11,2017-11-08 01:48:00.0,vSensor2
16cd7542-c8b9-4494-bbb3-b917f62c1739,4013,37,2017-11-08 01:48:00.0,vSensor2
17b9f518-79a5-4244-bc2b-2dccbaf9c47f,2032,68,2017-11-08 01:48:00.0,vSensor2
17f39b2f-9fad-438b-abe8-004eb165b43f,2100_2,85,2017-11-08 01:48:00.0,vSensor2
18e322ec-fb3d-4a6f-b77a-b9cfa3d5ce40,4216,92,2017-11-08 01:48:00.0,vSensor2
1bba72b4-23ed-4521-8902-ba76c9fc998b,6132,67,2017-11-08 01:48:00.0,vSensor2
1c39b66d-b788-4ec2-b093-c92e5ba1698a,5052,69,2017-11-08 01:48:00.0,vSensor2
1d4b2087-e4d8-4f30-88c1-6454fb34d2cc,2228,35,2017-11-08 01:48:00.0,vSensor2
1dd6a63d-e341-42f1-b678-a16bea3a06b9,3214,74,2017-11-08 01:48:00.0,vSensor2
1e1fff7c-418f-4b2a-bd0d-826e28ea4243,4061,69,2017-11-08 01:48:00.0,vSensor2
1e7fdbe0-cc64-42da-b584-a5ff9d2dd4a8,4008,84,2017-11-08 01:48:00.0,vSensor2
1eca00ec-394e-4bdc-9e26-fc6f6968e267,6034,85,2017-11-08 01:48:00.0,vSensor2
202e135a-c5ca-4ffd-9814-288f45f9f152,3224,49,2017-11-08 01:48:00.0,vSensor2
20304fd6-aba0-47ee-b5ff-9cbf4eb490bc,4038,79,2017-11-08 01:48:00.0,vSensor2
212d4f85-ebdf-491d-adf7-2bb852c6e42e,2066,68,2017-11-08 01:48:00.0,vSensor2
222ce0f1-a2dc-44a0-bdc0-15ce59684fe9,2092,20,2017-11-08 01:48:00.0,vSensor2
22306cc6-3783-4da7-922c-0781544e5606,2100_7,95,2017-11-08 01:48:00.0,vSensor2
227cc6c6-7494-479a-b240-d6037667946d,3202,85,2017-11-08 01:48:00.0,vSensor2
23c52931-12d4-4371-b795-a430bc7f2427,5100_6,65,2017-11-08 01:48:00.0,vSensor2
23e28c8a-1b50-474a-9f5d-0023dd706a76,3228,82,2017-11-08 01:48:00.0,vSensor2
2463aaaa-f9bc-46a0-aa8a-473fdf92e2af,3068,22,2017-11-08 01:48:00.0,vSensor2
2566306c-5452-48c2-888d-4e3fa134a125,5100_3,8,2017-11-08 01:48:00.0,vSensor2
269fa8e7-5332-4f12-a967-41ad3202bf8f,3206,61,2017-11-08 01:48:00.0,vSensor2
2ba422b3-630e-4741-850a-2616dabf709d,2062,7,2017-11-08 01:48:00.0,vSensor2
2c11916e-befa-4619-9378-4f411b6b4d9e,4089,13,2017-11-08 01:48:00.0,vSensor2
2c13d50f-ba85-4726-a500-8603f5ffc833,1407,64,2017-11-08 01:48:00.0,vSensor2
2d112398-b751-40c7-8143-23d257b9a0b0,5064,54,2017-11-08 01:48:00.0,vSensor2
2d4fbf96-c53c-496d-bab7-d143a6fa42db,3100_5,47,2017-11-08 01:48:00.0,vSensor2
2da51b92-8391-4055-b056-5737f3281280,3076,15,2017-11-08 01:48:00.0,vSensor2
2e0cfd41-d914-4394-b62b-ad56055a658f,5059,14,2017-11-08 01:48:00.0,vSensor2
2e9252de-cfe0-4c5a-bd0c-2e41ae40611f,4029,43,2017-11-08 01:48:00.0,vSensor2
2fda8dd8-7dd8-49b6-b78f-a140bfb202e3,2212,49,2017-11-08 01:48:00.0,vSensor2
2fde5bd7-bf91-4868-acbe-dd9464c94ce0,3216,55,2017-11-08 01:48:00.0,vSensor2
3014fc67-34c3-4de9-bdeb-eaa03d5985e8,4056,99,2017-11-08 01:48:00.0,vSensor2
307aed87-6101-4821-b06a-2c43d2cec215,5072,40,2017-11-08 01:48:00.0,vSensor2
30875f58-728e-4588-ae5b-4e4b9025021f,2068,50,2017-11-08 01:48:00.0,vSensor2
318d5945-4091-4df8-84d2-4604530faa13,4062,8,2017-11-08 01:48:00.0,vSensor2
3310f8b2-52dd-4868-bff2-1b3bfc90c382,2013,11,2017-11-08 01:48:00.0,vSensor2
34058c0d-45a4-4408-a2c6-fb044ee592fb,5074,4,2017-11-08 01:48:00.0,vSensor2
343f60ad-9482-4164-85c5-a3b8eca249bd,6082,6,2017-11-08 01:48:00.0,vSensor2
3502888a-2bf2-40b8-85a3-c695e83bff57,4100_7,84,2017-11-08 01:48:00.0,vSensor2
3567a592-6512-4695-b71b-c15c29882e00,3029,17,2017-11-08 01:48:00.0,vSensor2
35b55eec-0e7e-46ad-a5ae-ff41f2662cdb,2059,15,2017-11-08 01:48:00.0,vSensor2
37745385-c679-4df1-97a0-78a98240d004,1403,13,2017-11-08 01:48:00.0,vSensor2
38437859-8a1b-4d4d-b746-e0a8a32d6689,4100_2,64,2017-11-08 01:48:00.0,vSensor2
388602e3-2dba-4f0a-aa03-007dad887924,3081,68,2017-11-08 01:48:00.0,vSensor2
39ad2a90-6e77-490f-a00f-a783b0e629cf,4208,55,2017-11-08 01:48:00.0,vSensor2
39c4c502-69ea-41c7-b31e-98a7afc6d8c4,2029,63,2017-11-08 01:48:00.0,vSensor2
3a33ca91-8b59-4566-b8bf-aa81db42a0b2,5081,31,2017-11-08 01:48:00.0,vSensor2
3d47326a-7577-48f3-ba2a-84b9619d59d5,1200,6,2017-11-08 01:48:00.0,vSensor2
3efa3f66-7bd2-429c-9f43-0cd505dbdf39,5204,83,2017-11-08 01:48:00.0,vSensor2
40e0f794-736a-4914-8a60-c83c153ac5df,4221,14,2017-11-08 01:48:00.0,vSensor2
412382fb-d22d-4e67-a9aa-5df879a711dc,3004,8,2017-11-08 01:48:00.0,vSensor2
42a2149e-df39-4f70-81b1-77aa1256ce77,3100_8,53,2017-11-08 01:48:00.0,vSensor2
44156dc1-7ac2-4484-abdc-d8009788e645,5011,10,2017-11-08 01:48:00.0,vSensor2
44b60b17-5f9a-4370-98e7-b2c778a4eb4c,5086,10,2017-11-08 01:48:00.0,vSensor2
44dc0c89-dcb2-4b70-841f-a3b137c1a1f7,3100_10,66,2017-11-08 01:48:00.0,vSensor2
44eae817-6d6b-44e9-bc40-9c7222aff6f6,3026,68,2017-11-08 01:48:00.0,vSensor2
45278c0a-7a32-4b19-87d7-be2b2c699ad3,5222,80,2017-11-08 01:48:00.0,vSensor2
4536ff9d-aeaf-469b-8cd2-5043bb248ce3,5089,47,2017-11-08 01:48:00.0,vSensor2
45e5739f-4f21-4273-bff9-27d9bb6657e3,2100_9,8,2017-11-08 01:48:00.0,vSensor2
46c75dde-b452-454e-962c-2fd88cc43123,4226,90,2017-11-08 01:48:00.0,vSensor2
4908243f-5a03-4219-9acd-c03582af0656,2214,14,2017-11-08 01:48:00.0,vSensor2
492391e6-7294-427b-ae96-634af99f80a2,3231,39,2017-11-08 01:48:00.0,vSensor2
499daed1-e5b5-4eba-91fa-fc964b57cd59,6211,74,2017-11-08 01:48:00.0,vSensor2
4b528531-e302-4b77-be63-3675da7e0944,2008,26,2017-11-08 01:48:00.0,vSensor2
4bf5dc1a-65c0-488d-875a-d5c9bc702f50,6072,42,2017-11-08 01:48:00.0,vSensor2
4c0f9ef8-2236-44b2-837e-e9adbde04fdc,4212,92,2017-11-08 01:48:00.0,vSensor2
4c3ffa4d-00ea-42c6-9b34-3ed9c1ab4c90,1413,76,2017-11-08 01:48:00.0,vSensor2
4ccc1f07-6b83-4ebc-b8b6-57ec5461b64b,5091,26,2017-11-08 01:48:00.0,vSensor2
4d169b12-736e-4475-a69c-4f2c4df12aec,5232,88,2017-11-08 01:48:00.0,vSensor2
4dcbd806-31d3-40dd-a82f-cca48d61ff49,5039,90,2017-11-08 01:48:00.0,vSensor2
4e5da00a-5d60-4c5f-8cc6-5df64450896c,5243,36,2017-11-08 01:48:00.0,vSensor2
4fecd2d8-cced-4a2c-915a-b38ec97ee74a,4214,90,2017-11-08 01:48:00.0,vSensor2
509b90a1-3074-450d-8800-fcdc9e9ea627,2039,72,2017-11-08 01:48:00.0,vSensor2
52e020f1-be2f-4279-8127-1eedb93e511a,4206,71,2017-11-08 01:48:00.0,vSensor2
543a07d4-d838-4d48-825b-8a1dc53efcdd,4069,54,2017-11-08 01:48:00.0,vSensor2
5592c218-aa37-455e-9756-f674bc411364,2202,26,2017-11-08 01:48:00.0,vSensor2
56f2f2db-b402-49fc-ae83-cceb3d209f82,3061,36,2017-11-08 01:48:00.0,vSensor2
574d1d81-7965-4adc-85ef-4f45a68af557,4004,46,2017-11-08 01:48:00.0,vSensor2
59ecfca9-808c-4679-a704-9d7fca429b44,1425,50,2017-11-08 01:48:00.0,vSensor2
5a546f82-0b6e-49fa-877b-e5498e832256,3222,32,2017-11-08 01:48:00.0,vSensor2
5a776fad-ee86-4994-85ab-b02215479e24,2100_5,74,2017-11-08 01:48:00.0,vSensor2
5b3a4801-a2f0-4547-af80-f84f8004b6d5,4065,57,2017-11-08 01:48:00.0,vSensor2
5bf64888-dcdc-49db-9001-342448de740e,3051,73,2017-11-08 01:48:00.0,vSensor2
5c670622-c78e-4b87-9579-83342eee63e8,3066,97,2017-11-08 01:48:00.0,vSensor2
5c82b8cd-727c-483d-9f39-d86ba39f2061,2051,14,2017-11-08 01:48:00.0,vSensor2
5d0b96df-c578-42e8-829c-cd135ec50316,5044,80,2017-11-08 01:48:00.0,vSensor2
5d780bbd-50ef-487c-905a-f8071ff07437,3208,35,2017-11-08 01:48:00.0,vSensor2
6011fd58-53cf-4ac4-8cd4-05cc8523fd36,6013,48,2017-11-08 01:48:00.0,vSensor2
6033eb85-bc99-47f8-95b5-8508bf3fa26a,4051,90,2017-11-08 01:48:00.0,vSensor2
60d2db33-953b-4e82-be61-a15963cf19b2,1500,44,2017-11-08 01:48:00.0,vSensor2
61560cf8-032b-4d03-862d-c3fb8ce1e6d5,5004,13,2017-11-08 01:48:00.0,vSensor2
616a7f01-1ee7-4e5d-99d8-a3469e799e4f,5058,94,2017-11-08 01:48:00.0,vSensor2
625f9417-557a-43a9-b142-c50fb42561f6,4100_6,67,2017-11-08 01:48:00.0,vSensor2
6394edf1-453e-44d0-b4f6-284d928f875f,3099,86,2017-11-08 01:48:00.0,vSensor2
6588f3fa-318f-4c44-934d-f93b496eca9e,3002,90,2017-11-08 01:48:00.0,vSensor2
67752ddf-5df3-4835-9b54-95325b6b69ad,3019,40,2017-11-08 01:48:00.0,vSensor2
67f3cdaf-4669-4595-932f-58910c5a21e6,2234,51,2017-11-08 01:48:00.0,vSensor2
69ee6ef2-7d85-46f9-b391-37992044475a,2241,90,2017-11-08 01:48:00.0,vSensor2
69fb395f-22b3-420a-81ca-80289d6788b0,5069,3,2017-11-08 01:48:00.0,vSensor2
6a21b09e-2212-4f9a-9352-a6f633ef1931,2064,28,2017-11-08 01:48:00.0,vSensor2
6a5b079b-51ea-4958-9959-7dd773675ea1,5100_5,25,2017-11-08 01:48:00.0,vSensor2
6b35f3c5-d219-41d9-8334-6f8c8f906a52,6062,50,2017-11-08 01:48:00.0,vSensor2
6c7f5f0d-f66b-4c8f-9a7e-4f20e1495677,5211,14,2017-11-08 01:48:00.0,vSensor2
6cb17ff3-2371-4ec3-9a82-ac22935ee892,6210,27,2017-11-08 01:48:00.0,vSensor2
6dfe0d13-746e-40ce-abcf-0f72ea4b7111,5076,78,2017-11-08 01:48:00.0,vSensor2
6ea1c50a-1de9-4a9b-95d3-a6c0986e59b0,5054,39,2017-11-08 01:48:00.0,vSensor2
6f38a72b-3bab-41e0-b369-6abe25dd7070,3204,8,2017-11-08 01:48:00.0,vSensor2
6fe230a8-ff59-4bfb-a13b-30ec0652e2bb,6011,85,2017-11-08 01:48:00.0,vSensor2
70131c10-7b0a-466c-9620-891bce7747d2,1431,42,2017-11-08 01:48:00.0,vSensor2
70a6de26-1ae5-4fb5-b9ef-206cc1eaa225,2209,57,2017-11-08 01:48:00.0,vSensor2
718c8990-988b-44c6-aa13-baf093dfe0e0,5231,58,2017-11-08 01:48:00.0,vSensor2
71a745fc-43d5-45c1-84c3-a6241d64f157,1422,1,2017-11-08 01:48:00.0,vSensor2
71c11f55-1368-45ed-99cf-f4d03549888d,2082,51,2017-11-08 01:48:00.0,vSensor2
727ebc6c-2f93-4e4b-a01b-f761f4f54d11,3241,15,2017-11-08 01:48:00.0,vSensor2
728214cb-fb73-4dbe-9396-65ec4c3639c3,5092,16,2017-11-08 01:48:00.0,vSensor2
72a207a8-54ec-43fd-b3af-f96df8599802,1423,41,2017-11-08 01:48:00.0,vSensor2
737d3757-f144-45eb-8e79-c037b3d19402,4074,38,2017-11-08 01:48:00.0,vSensor2
73a8fb1f-6d42-4d7b-bf28-6eda88463d27,1434,94,2017-11-08 01:48:00.0,vSensor2
74906167-9d3b-495c-8d89-f3697516c3dd,4052,17,2017-11-08 01:48:00.0,vSensor2
74c3a229-d00a-40ce-aa1c-442e0dcf0345,4228,91,2017-11-08 01:48:00.0,vSensor2
74ef7fa4-78f9-45fc-80dc-bdbc3a03db71,3211,30,2017-11-08 01:48:00.0,vSensor2
7521015e-d74a-4796-816c-a4df26ff2848,5234,95,2017-11-08 01:48:00.0,vSensor2
754038c0-b3ba-4cda-a1bb-ece7d3144c70,3013,29,2017-11-08 01:48:00.0,vSensor2
75c7a91b-bed7-4177-9fb1-da38cd639c47,3221,83,2017-11-08 01:48:00.0,vSensor2
75dc9b5a-b73f-41b2-9b9a-3f80e3969cac,2002,76,2017-11-08 01:48:00.0,vSensor2
78954dd9-8754-48b7-aa6a-eafbebd7e455,4048,55,2017-11-08 01:48:00.0,vSensor2
7980afe7-de65-4b47-a1ce-e63b0554d954,4039,7,2017-11-08 01:48:00.0,vSensor2
7a38fd2e-aba0-43b2-a749-100a503e9d83,4222,76,2017-11-08 01:48:00.0,vSensor2
7a9bef48-2218-43bf-8b0c-b8f6a395b7e9,3100_1,8,2017-11-08 01:48:00.0,vSensor2
7af4c205-5b79-4850-b313-8a2afc124242,4100_9,4,2017-11-08 01:48:00.0,vSensor2
7b43a410-877c-4310-ac30-2647439afca2,6019,87,2017-11-08 01:48:00.0,vSensor2
7c8ca591-9e50-46b3-9b09-2fc22e8f831d,1412,0,2017-11-08 01:48:00.0,vSensor2
7d6a4847-4c9c-45e1-aee1-a65d4eaaa91e,2026,2,2017-11-08 01:48:00.0,vSensor2
7e686e7a-4d96-43b3-aba0-f5c46a35d55b,2206,9,2017-11-08 01:48:00.0,vSensor2
8096b13e-0e60-4341-9ff9-38084203f2de,4054,40,2017-11-08 01:48:00.0,vSensor2
80e03cd5-d078-4bf4-8a18-4d203c99fbc9,3089,29,2017-11-08 01:48:00.0,vSensor2
8153434c-0ce5-4aa5-9454-f13d4abdd222,2231,49,2017-11-08 01:48:00.0,vSensor2
8216f583-d1e7-4d0d-86c9-78d49c9b62a6,4209,59,2017-11-08 01:48:00.0,vSensor2
82ba191b-b685-41e4-94f2-e676ea68c8b4,3056,52,2017-11-08 01:48:00.0,vSensor2
82c52e68-bcf2-4394-9291-e80340358e9c,2038,48,2017-11-08 01:48:00.0,vSensor2
8313f33d-ee66-44df-a108-b36a63d87a61,2011,65,2017-11-08 01:48:00.0,vSensor2
8405e040-3827-4473-9dcf-f0adfff6b84d,3052,69,2017-11-08 01:48:00.0,vSensor2
85085f74-e2ef-4103-a711-98b8fab56aef,3243,39,2017-11-08 01:48:00.0,vSensor2
8525a97c-7e28-4261-89ae-1af93ef728d3,3226,47,2017-11-08 01:48:00.0,vSensor2
86444f35-2047-4e88-9033-57fb2c0d1dbd,6212,64,2017-11-08 01:48:00.0,vSensor2
87a6b77f-2e8c-457e-b86e-78a91b18532a,2226,86,2017-11-08 01:48:00.0,vSensor2
8a0f87d7-1785-4d6c-949c-5bbde4889a51,4058,45,2017-11-08 01:48:00.0,vSensor2
8b0a30e6-ff4c-4ee0-b519-0640c5707bd1,5008,11,2017-11-08 01:48:00.0,vSensor2
8b19494e-70cd-4310-b0da-c8016f5625d7,3082,5,2017-11-08 01:48:00.0,vSensor2
8b6b3226-796e-47b3-aade-e87dce8aafe0,6076,5,2017-11-08 01:48:00.0,vSensor2
8b75250f-647a-4846-9e72-601e8da5fa5d,2224,37,2017-11-08 01:48:00.0,vSensor2
8c142e42-6659-404f-9299-689fcb256763,4076,82,2017-11-08 01:48:00.0,vSensor2
8c775f07-ecf5-4048-a4e6-dd1add39f109,4202,69,2017-11-08 01:48:00.0,vSensor2
8e80e588-a807-479a-b32b-179c3f675c9a,6042,28,2017-11-08 01:48:00.0,vSensor2
8ebcbbae-8207-44f6-9653-bf99966c9c1d,2048,57,2017-11-08 01:48:00.0,vSensor2
900b28e3-3755-4ba5-bb71-4b810042d953,6052,39,2017-11-08 01:48:00.0,vSensor2
916a72ec-1adf-412a-9cfb-f322fe8d3c93,2204,10,2017-11-08 01:48:00.0,vSensor2
91783145-7907-4495-b3de-17e51bf2b43e,3008,36,2017-11-08 01:48:00.0,vSensor2
91ad3e59-ae90-40e9-b721-d805960274e7,5042,18,2017-11-08 01:48:00.0,vSensor2
91f08cb5-6a22-4402-943a-cdba91d308e2,6026,10,2017-11-08 01:48:00.0,vSensor2
92133404-298b-4db7-9154-f4202e6f3ea1,2100_1,35,2017-11-08 01:48:00.0,vSensor2
93a13e60-64ce-4a43-a84d-219d8e827e73,6084,47,2017-11-08 01:48:00.0,vSensor2
956074cd-d4c6-4a53-bbd6-b2395ea003fd,3100_4,66,2017-11-08 01:48:00.0,vSensor2
964d778f-2878-40ef-98af-dfb589dab71b,5062,47,2017-11-08 01:48:00.0,vSensor2
967b4370-0a59-4128-b789-2ff72a2321e7,5029,43,2017-11-08 01:48:00.0,vSensor2
972791ec-0f4a-4f6c-b4b1-3fdec84583ec,4092,32,2017-11-08 01:48:00.0,vSensor2
97663ac8-3676-4ee3-87d3-41201390a97e,2056,86,2017-11-08 01:48:00.0,vSensor2
990f756e-79ab-49c9-9998-af2186d552d8,4231,85,2017-11-08 01:48:00.0,vSensor2
9aa59868-f850-4f38-9781-5b7c66ace359,6056,12,2017-11-08 01:48:00.0,vSensor2
9afca2f0-1468-416d-83f8-9018624d7ef6,3039,77,2017-11-08 01:48:00.0,vSensor2
9b404f40-3353-4fd9-9913-849e3dede44e,5032,9,2017-11-08 01:48:00.0,vSensor2
9bf4afb2-4852-4462-862f-69fac2485084,3100_6,48,2017-11-08 01:48:00.0,vSensor2
9c54db4e-fdaa-4e29-82b9-5fb2bc54b4cb,4081,53,2017-11-08 01:48:00.0,vSensor2
9c684a52-60d7-432c-a55c-4bdc46d21b7d,5214,3,2017-11-08 01:48:00.0,vSensor2
9c936a61-6514-4fe5-9411-fb8a3f6a8fde,4100_5,46,2017-11-08 01:48:00.0,vSensor2
9cbf119d-697e-4bca-b11f-5d27634a03b7,4072,26,2017-11-08 01:48:00.0,vSensor2
9ceac7fa-9e7b-4639-a47c-4997e9a17106,4086,26,2017-11-08 01:48:00.0,vSensor2
9d051ce9-cf0a-4b39-a5c2-a7cf1efc16ab,5100_10,78,2017-11-08 01:48:00.0,vSensor2
9d45307f-521e-482b-859b-787cfef5049e,6136,22,2017-11-08 01:48:00.0,vSensor2
9d7157d3-3244-408b-b7e1-6af3ab06bd2d,3044,41,2017-11-08 01:48:00.0,vSensor2
9d7ed1c9-4a9e-4c44-ba88-e84d5ff8e81f,5099,40,2017-11-08 01:48:00.0,vSensor2
9d86296c-4f23-4657-930a-930da30e74b1,5241,32,2017-11-08 01:48:00.0,vSensor2
9dbae235-55c3-4e88-b6f1-1e481aa95481,4211,11,2017-11-08 01:48:00.0,vSensor2
9deb38f5-185f-4405-9702-d1f5691af1c4,4042,78,2017-11-08 01:48:00.0,vSensor2
9e6314d5-b13a-4bf5-b488-81455b31bc10,3064,18,2017-11-08 01:48:00.0,vSensor2
a0237fdd-68c6-4b13-9cd3-37f70105a328,6051,53,2017-11-08 01:48:00.0,vSensor2
a05270a9-9dff-4d49-afdd-ae250d270a29,4084,79,2017-11-08 01:48:00.0,vSensor2
a22d0fb4-a2cc-4149-b351-9a0f760c646d,4019,93,2017-11-08 01:48:00.0,vSensor2
a242339a-aa92-4661-9408-bf7759d172e4,6068,93,2017-11-08 01:48:00.0,vSensor2
a24ecf20-a493-4dd5-9d7e-507404c52c75,4082,57,2017-11-08 01:48:00.0,vSensor2
a32f3b3d-038d-42ff-92d8-3aa92eec797b,4044,97,2017-11-08 01:48:00.0,vSensor2
a3f0e332-c0d6-44ef-85ac-64a9d50da775,1427,19,2017-11-08 01:48:00.0,vSensor2
a5420706-3539-47c3-835d-39e98ec9cb38,2219,69,2017-11-08 01:48:00.0,vSensor2
a5936fe0-71da-4801-9161-26e22ffccb7d,5088,30,2017-11-08 01:48:00.0,vSensor2
a6069854-887d-4ed1-a065-676b59ec1fd5,2061,38,2017-11-08 01:48:00.0,vSensor2
a67ac3ca-af48-45ff-b187-7a3d778820cb,3042,61,2017-11-08 01:48:00.0,vSensor2
a71509d4-8519-426d-9e76-f4cbfee1bc22,3065,74,2017-11-08 01:48:00.0,vSensor2
aa2fc87d-1aac-4509-bcca-2d67f03b6481,3058,65,2017-11-08 01:48:00.0,vSensor2
ab8ac382-f8cc-47fd-9daa-5bd8eb2c3190,2221,56,2017-11-08 01:48:00.0,vSensor2
acfffd40-3550-45d6-a746-5c538cb3ad19,4088,1,2017-11-08 01:48:00.0,vSensor2
ad38da2f-1e25-4604-b578-f5080ffe77f8,3032,67,2017-11-08 01:48:00.0,vSensor2
ad3a9b2c-ea13-4ffd-beb1-c6780bcd9902,2100_10,90,2017-11-08 01:48:00.0,vSensor2
ae9c7312-311e-46d9-bd70-1582787c0359,2091,69,2017-11-08 01:48:00.0,vSensor2
afb35c20-fa6b-4c9b-b9db-45a3f2ad33cf,1429,51,2017-11-08 01:48:00.0,vSensor2
afd9dc10-16d5-4a41-a49c-2d5e952c6652,2065,70,2017-11-08 01:48:00.0,vSensor2
b08bcf3f-b7c4-4251-bd1b-c90bf8a5cae8,4064,13,2017-11-08 01:48:00.0,vSensor2
b09cb5ae-3f75-4cb2-892e-2a6c94073c55,2100_3,24,2017-11-08 01:48:00.0,vSensor2
b12c337b-122c-459a-8426-c7501bb7cfdd,6219,79,2017-11-08 01:48:00.0,vSensor2
b1b3753a-5ee6-4361-8d67-7ac0006cea2d,3100_3,14,2017-11-08 01:48:00.0,vSensor2
b238a3ea-a4f9-4678-8e15-620e920c3c8a,4224,40,2017-11-08 01:48:00.0,vSensor2
b290035b-6cef-4c6e-8f73-59e7c7cf0432,3088,43,2017-11-08 01:48:00.0,vSensor2
b2d94cf8-e167-44ad-a802-752a4b9168b7,4011,19,2017-11-08 01:48:00.0,vSensor2
b4b4cba5-53e6-444a-9390-86999388e042,5208,87,2017-11-08 01:48:00.0,vSensor2
b4d1652b-3092-48b2-be4a-ae61632c862b,6064,18,2017-11-08 01:48:00.0,vSensor2
b4e20b4b-20d9-432b-9daf-b02f106b4658,5056,93,2017-11-08 01:48:00.0,vSensor2
b5447ebc-7e20-4f03-bd92-34359123b189,3100_9,33,2017-11-08 01:48:00.0,vSensor2
b5f88204-b1a2-4e5e-98cc-5e452bec6a38,4091,92,2017-11-08 01:48:00.0,vSensor2
b79d24b3-05fd-408b-b810-e2457294ebfc,2086,32,2017-11-08 01:48:00.0,vSensor2
b8c630ca-e875-4473-a856-700048e99940,5082,57,2017-11-08 01:48:00.0,vSensor2
b939260c-a659-42de-a73b-264d5b50bdcf,4066,7,2017-11-08 01:48:00.0,vSensor2
b9472f0e-2ee5-4af9-858e-c7f41822f0af,1428,32,2017-11-08 01:48:00.0,vSensor2
b9701e70-5741-4081-9d07-e683319810fd,5212,25,2017-11-08 01:48:00.0,vSensor2
b98e4976-1b0b-485a-bea8-c2899fb2ba22,6029,14,2017-11-08 01:48:00.0,vSensor2
baf84e2c-2916-48d7-959d-1ac863da78c2,5048,31,2017-11-08 01:48:00.0,vSensor2
bb5a35fa-361d-46d3-8122-d7dc13d1a5d6,5206,37,2017-11-08 01:48:00.0,vSensor2
bbda5157-204f-403c-b529-c1e58c909151,1100,75,2017-11-08 01:48:00.0,vSensor2
bdbd4ca7-6134-4d5a-ad43-8c8aa30108e0,6048,91,2017-11-08 01:48:00.0,vSensor2
be9f493c-fb10-49fb-93d9-ababcab6ed11,5002,86,2017-11-08 01:48:00.0,vSensor2
c0347e48-e4f6-40b7-9b94-d0b80e0aa29b,5100_4,19,2017-11-08 01:48:00.0,vSensor2
c1a070c0-ce44-4811-a1ea-b6dc2565fdb7,5100_2,32,2017-11-08 01:48:00.0,vSensor2
c22eaa68-5d0a-46c0-b4fa-0ef1312d1357,4032,12,2017-11-08 01:48:00.0,vSensor2
c22f8316-6e5f-4bb6-87b8-afef8daeb789,5028,45,2017-11-08 01:48:00.0,vSensor2
c2404ec2-a203-46af-a8ec-63eeb493b5b7,5068,47,2017-11-08 01:48:00.0,vSensor2
c2b19f62-c671-44c1-9655-daa6fb54a4c7,4059,1,2017-11-08 01:48:00.0,vSensor2
c3b24495-912e-47db-bf6e-36daebeef7d6,6044,55,2017-11-08 01:48:00.0,vSensor2
c5467d2b-69c3-4ab9-9d4d-9fdc23186127,1300,64,2017-11-08 01:48:00.0,vSensor2
c6664633-6800-4bd4-9360-a22452abf1e9,2054,67,2017-11-08 01:48:00.0,vSensor2
c686fae8-f547-4207-9e89-ef8ea2cb7edd,4100_4,21,2017-11-08 01:48:00.0,vSensor2
c6b8097b-39c2-43fe-9770-47ac905d137c,3084,51,2017-11-08 01:48:00.0,vSensor2
c7295a4d-9411-43a8-8674-1505b36a0829,2088,75,2017-11-08 01:48:00.0,vSensor2
c7f5343b-1315-4d6d-81a4-7556bb7ce6b2,2084,85,2017-11-08 01:48:00.0,vSensor2
c7fc0ed4-78cc-462c-b0f9-665b513349e3,6046,57,2017-11-08 01:48:00.0,vSensor2
c82b299b-c1fc-417f-b5df-1c3dee917597,3100_7,17,2017-11-08 01:48:00.0,vSensor2
c87033bc-43fb-4004-aad9-7b80b396d35b,6074,33,2017-11-08 01:48:00.0,vSensor2
c881d8f9-2920-4efc-9e38-edb1fe3fe1ed,4100_8,22,2017-11-08 01:48:00.0,vSensor2
c8c98c0d-b454-4fb1-8858-efcc80e6d2cb,4232,95,2017-11-08 01:48:00.0,vSensor2
caedb0a6-c78d-4a66-b96b-ca2a0e29af59,5224,26,2017-11-08 01:48:00.0,vSensor2
cb0250ad-4fc3-4c4f-9b21-6075958233ee,5221,77,2017-11-08 01:48:00.0,vSensor2
cc75218b-9513-469b-b37c-b40c0d7aa1f3,6086,94,2017-11-08 01:48:00.0,vSensor2
cd79777f-44a3-465e-a0ab-f9754188e25b,3100_2,68,2017-11-08 01:48:00.0,vSensor2
ce30896a-8d90-4b57-97d3-a2ba5a250977,4219,62,2017-11-08 01:48:00.0,vSensor2
ce569367-a5e1-4663-9be7-9843b7620424,4234,50,2017-11-08 01:48:00.0,vSensor2
cf24f381-b079-4aad-85e8-c53191498595,6092,47,2017-11-08 01:48:00.0,vSensor2
cf83ed3b-5f10-4671-833f-092f7a3a9da6,3038,51,2017-11-08 01:48:00.0,vSensor2
cfe16c70-50e2-438d-9e1c-357fbac489c0,3028,11,2017-11-08 01:48:00.0,vSensor2
d02ea472-5b9e-40e1-bc92-69a8138ea987,2211,23,2017-11-08 01:48:00.0,vSensor2
d0534eca-8ac7-4c7a-9eb8-adb91e229849,3059,46,2017-11-08 01:48:00.0,vSensor2
d24eb603-2894-4399-8f3d-7154bcfbb098,6028,43,2017-11-08 01:48:00.0,vSensor2
d2933636-318d-4d51-857f-f422819d62d9,3232,99,2017-11-08 01:48:00.0,vSensor2
d2c6ef68-1856-4e0b-b6de-3b04f6700db1,4028,18,2017-11-08 01:48:00.0,vSensor2
d2fb3dc3-ebe5-4bf8-b1a1-9ee645cd60c5,4068,36,2017-11-08 01:48:00.0,vSensor2
d39b154b-73b7-4670-9f2c-8ee871c63825,6032,32,2017-11-08 01:48:00.0,vSensor2
d5330b89-738b-4457-8fdd-e2e18596874f,4002,13,2017-11-08 01:48:00.0,vSensor2
d5393355-2eb9-4687-b578-a65c0c49666b,5100_9,28,2017-11-08 01:48:00.0,vSensor2
d732481d-a15b-4a98-960d-c0ee170a99bc,6066,35,2017-11-08 01:48:00.0,vSensor2
d801c78a-6315-4db7-a5ef-30a528bc53eb,5065,72,2017-11-08 01:48:00.0,vSensor2
d8b18d45-2f38-400a-8591-c1eadfbc9874,6213,39,2017-11-08 01:48:00.0,vSensor2
dabb0c65-1536-449c-b691-4ef81cc0b3a1,3072,16,2017-11-08 01:48:00.0,vSensor2
dafb6306-1686-4259-bc08-f33dc4e6fbe0,5202,95,2017-11-08 01:48:00.0,vSensor2
db0f1cf8-5e4d-4995-83f2-c93969f4b934,5026,61,2017-11-08 01:48:00.0,vSensor2
db9d4620-34db-4755-b300-2b247aeb3002,2069,88,2017-11-08 01:48:00.0,vSensor2
dbf1627f-8727-452b-8941-86481b662ca5,5100_8,96,2017-11-08 01:48:00.0,vSensor2
dbf7a505-8c96-416e-9c15-abbef1bed94e,4241,51,2017-11-08 01:48:00.0,vSensor2
dd1a3ae7-1c29-4442-b840-21306f6e46dd,5226,54,2017-11-08 01:48:00.0,vSensor2
de2796f9-528a-4d30-af97-cc30959318a6,2089,13,2017-11-08 01:48:00.0,vSensor2
de611c21-e533-46d1-9a00-2186a6345697,6049,15,2017-11-08 01:48:00.0,vSensor2
e02b2c1d-a134-419c-a0c4-498077a62dee,1433,96,2017-11-08 01:48:00.0,vSensor2
e03b19cf-f77d-4287-8009-e785104f7c1b,3011,81,2017-11-08 01:48:00.0,vSensor2
e0d816bc-fa1c-43a5-8930-685ecd8a3647,2100_8,28,2017-11-08 01:48:00.0,vSensor2
e1c93069-f67a-43d9-aec0-03fa5acd3b5f,5209,75,2017-11-08 01:48:00.0,vSensor2
e2137107-139d-401d-823a-d625f4da659e,2081,38,2017-11-08 01:48:00.0,vSensor2
e2b8809f-9451-498c-8774-d37de9b6b084,3219,89,2017-11-08 01:48:00.0,vSensor2
e367ced0-0496-4f8b-85d9-adedb03806a6,2243,71,2017-11-08 01:48:00.0,vSensor2
e4d0f40d-e530-498d-80b4-3391b5f3dbc4,6039,85,2017-11-08 01:48:00.0,vSensor2
e4fad51d-c3ae-4932-9af6-41b598b65ff8,5019,1,2017-11-08 01:48:00.0,vSensor2
e55b0ec7-7ef3-4c5f-8f7d-bde32aee45bf,2052,88,2017-11-08 01:48:00.0,vSensor2
e61b4758-7b84-4002-8d75-9b06287e8b21,4099,75,2017-11-08 01:48:00.0,vSensor2
e75cc797-ed7c-4f56-a0db-c1dfdf6a1cb3,2019,80,2017-11-08 01:48:00.0,vSensor2
e7f6d276-e52d-4011-84aa-75277ace27e0,4100_3,0,2017-11-08 01:48:00.0,vSensor2
e884ca5e-7c59-405c-bd12-f5a20ba3356f,4100_10,90,2017-11-08 01:48:00.0,vSensor2
e8e5dfc8-a9ad-4aa4-838e-7e507cf892dc,2208,38,2017-11-08 01:48:00.0,vSensor2
e96c1ec9-d207-4d0d-9c3f-abd74c8f37b4,5100_7,93,2017-11-08 01:48:00.0,vSensor2
eaf1456f-e532-4f3f-8ffa-a769cdaa770e,3209,7,2017-11-08 01:48:00.0,vSensor2
ebc81d67-0b3b-44b5-917f-cd56863408e3,3054,36,2017-11-08 01:48:00.0,vSensor2
ec97232e-0414-4f67-831c-26c579ecf31c,6088,14,2017-11-08 01:48:00.0,vSensor2
ed3157b7-fb94-40f9-90be-21edb53efca7,3048,64,2017-11-08 01:48:00.0,vSensor2
f09c0c55-7337-451d-a224-22d48a7a0772,3074,14,2017-11-08 01:48:00.0,vSensor2
f0dea6cc-599e-4fbc-8388-ba93863aad5b,5061,65,2017-11-08 01:48:00.0,vSensor2
f15240c9-5823-4b2a-8481-5e8aa4bbeb1d,4204,67,2017-11-08 01:48:00.0,vSensor2
f195b18d-d121-4268-bb68-ff6700f53823,2216,98,2017-11-08 01:48:00.0,vSensor2
f20df8d2-ad84-4718-93fb-e3283fbebe51,2042,99,2017-11-08 01:48:00.0,vSensor2
f4a7f144-55d5-40ce-868d-897b05a7383f,2028,85,2017-11-08 01:48:00.0,vSensor2
f5557c8d-a71c-4edd-96e8-49e91c285b2e,5216,86,2017-11-08 01:48:00.0,vSensor2
f7b25af4-d686-493c-a93b-d6d69a3181ec,3234,37,2017-11-08 01:48:00.0,vSensor2
f7eb8787-7982-4525-94e5-c8c08800ed2f,6215,51,2017-11-08 01:48:00.0,vSensor2
fa60f04c-5dfb-49e0-9e96-dbbd9b7b79a1,3091,99,2017-11-08 01:48:00.0,vSensor2
fc4fedf4-8d4b-4665-a67c-80619b74015c,6218,79,2017-11-08 01:48:00.0,vSensor2
fcf3cc6e-1277-404e-90ae-78df07a62346,3212,45,2017-11-08 01:48:00.0,vSensor2
fdb753c4-633e-4db0-83cc-5266f02d1fcb,1420,79,2017-11-08 01:48:00.0,vSensor2
fe640ec6-ba27-4b30-9a54-f449d2d18368,6024,15,2017-11-08 01:48:00.0,vSensor2
fe746b5b-bc85-47c4-88c3-a6b0b05c5199,2004,21,2017-11-08 01:48:00.0,vSensor2
fefdd9ac-496e-45a2-be6e-b8780aedd0b8,5100_1,18,2017-11-08 01:48:00.0,vSensor2
ff1d0d39-9271-4176-a042-26fc09508d7b,4243,86,2017-11-08 01:48:00.0,vSensor2
003dfe3a-b15d-49dd-b60f-c8eb22dfaa0d,6066,61,2017-11-08 01:50:00.0,vSensor2
00c55731-2bbf-4211-b134-cbb0aec7aaa3,5002,5,2017-11-08 01:50:00.0,vSensor2
02b05f1a-c540-4c5b-a89c-b08590fa93ad,5204,11,2017-11-08 01:50:00.0,vSensor2
02e53394-0a6d-42bf-99cf-8429efbfc40f,4089,44,2017-11-08 01:50:00.0,vSensor2
033225a7-8906-4f26-9e68-2734e7d973c4,4211,32,2017-11-08 01:50:00.0,vSensor2
0365dab5-9611-4fc6-a383-fb7a7d582de1,2061,34,2017-11-08 01:50:00.0,vSensor2
036f9440-1ab7-4d47-b28b-f37959263a1f,4086,91,2017-11-08 01:50:00.0,vSensor2
055fba70-92a3-4e93-a54c-76e4bdc254b1,4052,75,2017-11-08 01:50:00.0,vSensor2
073cc81a-e9cf-47d0-8f3d-ebb989256647,2056,9,2017-11-08 01:50:00.0,vSensor2
07c9f205-a71c-4dd2-8b1b-ff6530be27bd,3100_2,30,2017-11-08 01:50:00.0,vSensor2
07ee96ad-fe54-42b1-b148-860f1a90f5cd,3054,95,2017-11-08 01:50:00.0,vSensor2
0961ae83-0728-4406-aa79-def59d7e1e4f,3221,100,2017-11-08 01:50:00.0,vSensor2
0965ed17-90f3-466d-a28c-559c51a7296b,2081,38,2017-11-08 01:50:00.0,vSensor2
0966732b-27f5-4747-abdf-22d8707243c2,6212,10,2017-11-08 01:50:00.0,vSensor2
0a0d1ba8-a615-4550-a7c4-5d1e1d4adebf,2231,90,2017-11-08 01:50:00.0,vSensor2
0d1cd71f-da47-4db5-b4eb-a1824fe1f043,4074,95,2017-11-08 01:50:00.0,vSensor2
0e086c16-4c62-4738-bc58-f1548ac0491b,5221,24,2017-11-08 01:50:00.0,vSensor2
0e62d62e-7cfb-4ad8-b86f-70ac03cb861e,2051,71,2017-11-08 01:50:00.0,vSensor2
0f2f99dc-a011-4ec9-bfc7-d99c49071492,4066,81,2017-11-08 01:50:00.0,vSensor2
0ff09c2c-71b1-4858-a5d3-d014db97a520,4011,24,2017-11-08 01:50:00.0,vSensor2
10f6c687-7590-4560-81d7-05b9c7d3e857,5226,15,2017-11-08 01:50:00.0,vSensor2
1237fe34-cf66-4e47-9ece-1d36fecbb414,1434,48,2017-11-08 01:50:00.0,vSensor2
132388f0-0fea-489a-98ac-2777bd85c1de,4058,11,2017-11-08 01:50:00.0,vSensor2
1372c0a5-8a26-4d29-abd8-e90165f95f47,5066,93,2017-11-08 01:50:00.0,vSensor2
1397ade2-c16a-422a-b66f-31d176f80665,5234,37,2017-11-08 01:50:00.0,vSensor2
1527cc99-350f-4805-8301-a5ac6b980a5a,4081,65,2017-11-08 01:50:00.0,vSensor2
160f8f26-d0e1-46b6-b8bb-65b6360dc8cd,3092,76,2017-11-08 01:50:00.0,vSensor2
17e70f21-c20b-4ef7-a9db-626de73b0741,4219,61,2017-11-08 01:50:00.0,vSensor2
18dbc897-3a88-493b-b52a-76cdc0e76350,3209,93,2017-11-08 01:50:00.0,vSensor2
18ed73ad-e9c7-414c-bbdd-d03b6e116c68,5026,47,2017-11-08 01:50:00.0,vSensor2
1be657e0-6f60-4243-9357-a5df5929a999,4232,3,2017-11-08 01:50:00.0,vSensor2
1c4469fd-1a53-4d0a-ba6e-3fdead0b7608,3216,34,2017-11-08 01:50:00.0,vSensor2
1c582e86-84dc-421c-966a-fee127070a5b,1403,88,2017-11-08 01:50:00.0,vSensor2
1d7e2518-571a-4032-8beb-63a664e6f41a,3028,30,2017-11-08 01:50:00.0,vSensor2
1f1418bb-383d-4231-8f2d-643dc5533fdf,3069,42,2017-11-08 01:50:00.0,vSensor2
1f8c555a-b5cc-4d63-96e4-6d5dd550c828,3204,1,2017-11-08 01:50:00.0,vSensor2
1fe7c075-748e-4e1c-8068-91a72703ac2e,5092,37,2017-11-08 01:50:00.0,vSensor2
1ffcf604-9dce-4741-970c-667a5c112dae,2100_8,69,2017-11-08 01:50:00.0,vSensor2
2006bf74-19a9-4f1a-ba54-a18a8441540a,3219,89,2017-11-08 01:50:00.0,vSensor2
203b46d2-31cf-4403-b77f-e645c5449681,3224,4,2017-11-08 01:50:00.0,vSensor2
218e3a5c-dcd1-40b0-91db-58d21fb4c18e,2216,39,2017-11-08 01:50:00.0,vSensor2
21afb3f9-efcc-4d68-8df2-e80e9fffe260,1100,77,2017-11-08 01:50:00.0,vSensor2
21bdd76a-f760-4af6-b2c2-3319b9b7b574,5062,71,2017-11-08 01:50:00.0,vSensor2
26d18081-922a-47b8-bf0d-9d3408358ea4,3013,47,2017-11-08 01:50:00.0,vSensor2
288de41f-e4bc-4d6c-baa6-93497a511b16,3059,17,2017-11-08 01:50:00.0,vSensor2
290e656f-4cd0-4971-8ae5-6bd5289e3cab,2100_4,50,2017-11-08 01:50:00.0,vSensor2
2a68d414-8cfc-47ae-a8a2-63765367a6e0,1200,30,2017-11-08 01:50:00.0,vSensor2
2a76731e-b249-49d6-bc33-a2bda69d6462,5082,77,2017-11-08 01:50:00.0,vSensor2
2ae022d1-b8d2-4c6f-95d4-90b8638d8f85,4208,6,2017-11-08 01:50:00.0,vSensor2
2aea6ca8-76f4-4e48-b435-c28266540ace,4044,71,2017-11-08 01:50:00.0,vSensor2
2c01713c-cf50-4e77-872d-e318678db5fa,1431,3,2017-11-08 01:50:00.0,vSensor2
2cd03655-d917-40ae-bcac-752816ee6608,5232,66,2017-11-08 01:50:00.0,vSensor2
2d917fbd-8895-42c6-b8f1-1bb74433c077,4206,71,2017-11-08 01:50:00.0,vSensor2
2e0c43ce-0fca-4969-95ac-02ccc9794858,4091,56,2017-11-08 01:50:00.0,vSensor2
2e4eec70-7ff0-4ac8-b272-20d931503c95,4062,21,2017-11-08 01:50:00.0,vSensor2
2ecf8256-0807-44b1-b7d1-4e6746d095d6,4100_3,22,2017-11-08 01:50:00.0,vSensor2
2efe674b-030f-439c-983c-54a5c2c90714,6082,98,2017-11-08 01:50:00.0,vSensor2
2f709097-85db-4e1d-90ee-9255ac0909cb,3243,45,2017-11-08 01:50:00.0,vSensor2
2f97e672-699d-4170-a02a-9f76c05f52c0,5019,91,2017-11-08 01:50:00.0,vSensor2
2f9cb5fd-0a1b-412b-a98b-d60a7f0d1c68,5072,75,2017-11-08 01:50:00.0,vSensor2
304fa8b1-b56d-4a5a-a659-72d0ca2ef5bb,2084,62,2017-11-08 01:50:00.0,vSensor2
306c6fd3-c7a5-4ae8-baad-430b255ca54e,5068,16,2017-11-08 01:50:00.0,vSensor2
31e2cd0b-eb2a-4252-b4a3-0d4b16101895,3100_10,28,2017-11-08 01:50:00.0,vSensor2
3237161a-074d-40e4-9d4f-7beac9574150,4008,65,2017-11-08 01:50:00.0,vSensor2
32f3a45a-4409-49f3-8851-5a2a7bdc91d0,2226,12,2017-11-08 01:50:00.0,vSensor2
3328e40e-1e9f-42d6-a448-c1c244173b49,4241,16,2017-11-08 01:50:00.0,vSensor2
336f29a4-5490-43e4-a8a6-7e0e6b10fddc,5231,3,2017-11-08 01:50:00.0,vSensor2
350d44ea-7a2c-41d5-87fc-61938e83e861,2232,16,2017-11-08 01:50:00.0,vSensor2
351bdd7b-f33f-42c7-bf18-d6b3b7b8f5c9,3100_4,98,2017-11-08 01:50:00.0,vSensor2
35ee8559-097f-440f-b12d-c835586a3aff,4221,54,2017-11-08 01:50:00.0,vSensor2
3647bd19-c2b8-44ac-b8c5-fe935ab5a0fe,3100_9,7,2017-11-08 01:50:00.0,vSensor2
367ee9d7-f65c-4798-b6ac-9c0ef413dfd0,3082,25,2017-11-08 01:50:00.0,vSensor2
36a2e87c-6303-4d19-bd26-a18184e002f0,3076,52,2017-11-08 01:50:00.0,vSensor2
370f1c07-8741-486a-9d0c-321bb1829a53,3066,91,2017-11-08 01:50:00.0,vSensor2
375df4c8-bfdc-4284-8961-9d6cab3678d4,1406,36,2017-11-08 01:50:00.0,vSensor2
3781fde6-b731-492d-b9fd-fbe8385743a8,1300,83,2017-11-08 01:50:00.0,vSensor2
37cb443e-9ed1-4825-b46c-b608b63f24d5,5100_4,81,2017-11-08 01:50:00.0,vSensor2
38c6f790-2d27-47b2-bb79-48efbfa31b8d,2100_9,69,2017-11-08 01:50:00.0,vSensor2
38f00019-6325-4a76-b128-f813a6d9e10f,2099,24,2017-11-08 01:50:00.0,vSensor2
399902f6-c363-4298-8542-823bb38e4f1c,4039,31,2017-11-08 01:50:00.0,vSensor2
3a3fc104-9081-4db9-9b4e-78643eb41a95,5011,34,2017-11-08 01:50:00.0,vSensor2
3a597d37-56e7-4b27-9ba8-6d57ada323d3,2068,36,2017-11-08 01:50:00.0,vSensor2
3a8f9e90-f077-46e2-8960-b5dabc5ea037,6034,25,2017-11-08 01:50:00.0,vSensor2
3d11a548-3b0f-4d77-8b6a-97e75886c051,6064,49,2017-11-08 01:50:00.0,vSensor2
3d4d1ac9-3262-486f-b7b8-b9ea1e9a46ea,6068,16,2017-11-08 01:50:00.0,vSensor2
3d5dce12-1241-4666-af37-1e5802975efe,2100_5,37,2017-11-08 01:50:00.0,vSensor2
3e1564dc-4134-4975-938e-05c8bc0ec50c,2032,2,2017-11-08 01:50:00.0,vSensor2
3ef4a367-3303-4991-8d2c-d37d96b28484,2100_7,27,2017-11-08 01:50:00.0,vSensor2
3fc60c9b-22f5-4685-8f44-de5a8c8f196b,2039,61,2017-11-08 01:50:00.0,vSensor2
40393b96-08bd-4642-b701-6685d37371d3,6051,22,2017-11-08 01:50:00.0,vSensor2
40aabfea-04a3-4ad2-90f3-d6d8767581fd,3011,20,2017-11-08 01:50:00.0,vSensor2
4175d352-1ddc-4c33-a793-548c497ad33f,3061,68,2017-11-08 01:50:00.0,vSensor2
4187faf8-c411-44a0-b9e1-83a92ea692c3,2054,55,2017-11-08 01:50:00.0,vSensor2
41e4ab16-3bea-48fc-ab11-1145538bc00f,4100_8,23,2017-11-08 01:50:00.0,vSensor2
4416800e-cb46-4614-a37f-31b08b31d958,2089,40,2017-11-08 01:50:00.0,vSensor2
44b481ca-ae52-4b25-9325-756775f49336,2066,96,2017-11-08 01:50:00.0,vSensor2
45f0af1a-77d6-46b1-b4a7-28c721b1e7d8,6026,64,2017-11-08 01:50:00.0,vSensor2
4666d283-d0ae-40e3-8611-9774d50c085b,5100_5,25,2017-11-08 01:50:00.0,vSensor2
46964fe2-b785-4100-bece-9edd3f9df822,2062,68,2017-11-08 01:50:00.0,vSensor2
473a1286-54d0-4502-9362-dc73a149b9b7,4100_2,5,2017-11-08 01:50:00.0,vSensor2
4951ab98-aaf0-4d70-87e5-e4e2ef1d7f04,5044,8,2017-11-08 01:50:00.0,vSensor2
496f4b36-39f0-473e-a2d9-c48bc7eda812,2064,78,2017-11-08 01:50:00.0,vSensor2
4af3a993-a5e5-43e4-b03f-cd0f75960378,2086,52,2017-11-08 01:50:00.0,vSensor2
4b5c5762-239d-468a-af32-6cc3c529d1fa,3222,96,2017-11-08 01:50:00.0,vSensor2
4c2aba0a-91db-4f42-9f1e-bc629be0fe81,4048,48,2017-11-08 01:50:00.0,vSensor2
4d317256-74b7-48fe-9b75-f362f6efaa21,2202,8,2017-11-08 01:50:00.0,vSensor2
4dbdb8a3-9d90-45cc-871b-50756f95d81a,2100_1,59,2017-11-08 01:50:00.0,vSensor2
4e8132a8-17c5-4504-ba75-52a655493cf4,6210,59,2017-11-08 01:50:00.0,vSensor2
4ef9a08c-9bde-4a0c-926e-cba1fa2cb185,5054,85,2017-11-08 01:50:00.0,vSensor2
4fb37497-8f82-4a58-b807-b02c09ef5814,6024,45,2017-11-08 01:50:00.0,vSensor2
50d8dc70-4bb4-41da-861b-cea7383de827,3019,83,2017-11-08 01:50:00.0,vSensor2
5193f981-ae54-4c81-8e22-2629277f32b3,3100_3,83,2017-11-08 01:50:00.0,vSensor2
52f1362b-1b0f-4b20-b8ee-6f8432b9030b,5048,52,2017-11-08 01:50:00.0,vSensor2
53bf3141-369a-4bd9-a71c-b1da7ca446f3,4065,95,2017-11-08 01:50:00.0,vSensor2
53d8cc1b-e343-49c7-bcc9-e80498d8a425,3039,20,2017-11-08 01:50:00.0,vSensor2
5443fc63-64a2-452a-a7e2-c82ed035bd5d,2221,51,2017-11-08 01:50:00.0,vSensor2
555f175e-0375-4ebf-b16f-80fbe1620b40,5099,70,2017-11-08 01:50:00.0,vSensor2
55a4f4c2-894f-494b-bc03-ac68cf07edee,4100_5,52,2017-11-08 01:50:00.0,vSensor2
573feceb-4d46-485a-8319-63bac688d84a,2028,23,2017-11-08 01:50:00.0,vSensor2
5a023a6f-3327-4499-9aa0-1bdc4753395a,3228,52,2017-11-08 01:50:00.0,vSensor2
5ae8ae9c-5ae7-41ad-ba8a-75233b7c7335,3206,44,2017-11-08 01:50:00.0,vSensor2
5b20eb62-b4a8-48bf-82da-a7f43c367505,4042,23,2017-11-08 01:50:00.0,vSensor2
5b6c0e41-bc18-4fb5-830b-38d05346ac3d,1429,23,2017-11-08 01:50:00.0,vSensor2
5c85cfa4-404d-4844-9218-f6ce93a6c205,5058,14,2017-11-08 01:50:00.0,vSensor2
5d07ab4a-9ec0-4628-a4b6-c0a8113c7804,4051,7,2017-11-08 01:50:00.0,vSensor2
5d1efcdd-38f1-45ec-9119-7e0bf85b386b,6076,49,2017-11-08 01:50:00.0,vSensor2
5d33cb13-068f-458a-96b5-db1f9b1645cf,1427,67,2017-11-08 01:50:00.0,vSensor2
5df3060c-e309-42d1-b52a-54c2b57a6a38,6029,55,2017-11-08 01:50:00.0,vSensor2
5e1af4d4-5eaa-485b-a8ab-ccaff2e03434,4059,85,2017-11-08 01:50:00.0,vSensor2
5f11b612-a8b0-4fb3-8a77-4647f85398ed,3099,46,2017-11-08 01:50:00.0,vSensor2
607ebcf4-11de-4ebd-83e4-75df326cd734,5074,12,2017-11-08 01:50:00.0,vSensor2
61d19578-ff7f-4b82-9230-94bc7618fa9e,2212,45,2017-11-08 01:50:00.0,vSensor2
61dbcbd8-5a1f-4c90-bea4-2123e98725d6,5224,42,2017-11-08 01:50:00.0,vSensor2
625cbf4d-791b-4129-a3ac-1e7bbba2278e,5008,60,2017-11-08 01:50:00.0,vSensor2
629f4399-023f-458e-b3b8-15dc5ef8663e,4100_6,40,2017-11-08 01:50:00.0,vSensor2
651214a5-ff47-40e1-aa5b-fe05c512ffb1,5076,36,2017-11-08 01:50:00.0,vSensor2
66cbd77b-4dbb-4d35-be1f-e807c53c0863,4019,70,2017-11-08 01:50:00.0,vSensor2
68219ceb-1568-4f7a-92a2-27b8ed5b574b,4084,23,2017-11-08 01:50:00.0,vSensor2
683a02f4-f70d-4a7e-a874-69dc3438a912,2222,68,2017-11-08 01:50:00.0,vSensor2
68676cf5-b577-4b14-bfc3-5c5ce6483f17,6132,65,2017-11-08 01:50:00.0,vSensor2
6981358d-8eef-4ff6-9a5c-bb31b1881044,6086,19,2017-11-08 01:50:00.0,vSensor2
6ba95c66-e528-4fe4-b3d0-685f4359fedf,3084,77,2017-11-08 01:50:00.0,vSensor2
6be4b751-d9b1-4a1f-a4b4-75805d595eb7,4004,81,2017-11-08 01:50:00.0,vSensor2
6bfc74c5-4945-48aa-83e4-c6c19e9fd758,5100_10,76,2017-11-08 01:50:00.0,vSensor2
6d604cdb-bf80-408f-94cd-9bf42806248e,3100_1,92,2017-11-08 01:50:00.0,vSensor2
6d69b64e-7e1f-4945-a2a6-3e39e6f1fa88,2234,62,2017-11-08 01:50:00.0,vSensor2
6d939536-c2bc-4664-8588-a11d67ef89f9,2228,100,2017-11-08 01:50:00.0,vSensor2
6db5df6e-3bd9-47c5-b1fb-0e7e84db72ad,4100_7,26,2017-11-08 01:50:00.0,vSensor2
6df1c3ed-e613-4878-a998-d6d2a204dbad,3038,5,2017-11-08 01:50:00.0,vSensor2
6dfc9336-bf92-499b-a5e4-d834b96d08ef,3042,9,2017-11-08 01:50:00.0,vSensor2
6e8cb52c-6642-4e37-98fd-62b6608e268c,4092,63,2017-11-08 01:50:00.0,vSensor2
70eef336-c1cc-42f2-ae90-7cabd34fdd27,6036,39,2017-11-08 01:50:00.0,vSensor2
74ba571e-1d9c-4b95-b183-c1ccd5afd60e,5241,98,2017-11-08 01:50:00.0,vSensor2
75a6441a-7c9b-4bb4-8079-187b501b2b6e,4234,39,2017-11-08 01:50:00.0,vSensor2
75ce78fa-3cf3-4213-b80e-17840ae725a2,5028,59,2017-11-08 01:50:00.0,vSensor2
77b42dde-44d8-47d1-a942-c384f855a730,6084,30,2017-11-08 01:50:00.0,vSensor2
794fc51a-31d0-46dc-af25-f6c86a6c952c,3232,2,2017-11-08 01:50:00.0,vSensor2
7975227f-2e00-4082-9d2a-441e24561fac,3051,69,2017-11-08 01:50:00.0,vSensor2
7a102222-2ea0-4c59-98ab-7210af27279a,3072,75,2017-11-08 01:50:00.0,vSensor2
7c3b65fb-af8f-42c0-964c-a24febd4b8d6,5100_8,3,2017-11-08 01:50:00.0,vSensor2
7c49bbc4-55bd-46a7-ae9f-56f2597703d5,3226,20,2017-11-08 01:50:00.0,vSensor2
7c51e601-2d9b-4461-a8b9-2c9b3009c8b6,4243,91,2017-11-08 01:50:00.0,vSensor2
7c9b768f-a705-404d-892d-9632e9ca328e,5038,0,2017-11-08 01:50:00.0,vSensor2
7d82e915-ed75-4662-9cd4-d0db46a04509,1422,49,2017-11-08 01:50:00.0,vSensor2
7d8bb7b6-c8e5-4c6c-9f71-17a5e4149371,6136,75,2017-11-08 01:50:00.0,vSensor2
7e6b64fc-b9e6-457b-993e-8ddcb384aee4,4202,87,2017-11-08 01:50:00.0,vSensor2
7f1f7be3-01b4-43b7-bed3-1e834b56ff6c,6019,95,2017-11-08 01:50:00.0,vSensor2
7f600331-0414-441d-a0d4-eae508ca6dd1,6218,74,2017-11-08 01:50:00.0,vSensor2
80c67a25-d967-40b4-ad18-32844cfd46cd,4222,64,2017-11-08 01:50:00.0,vSensor2
819c5b11-0e44-4e20-9b08-711cfb238990,2224,33,2017-11-08 01:50:00.0,vSensor2
834bd6ca-af93-434f-81b2-874d02f66e17,2209,67,2017-11-08 01:50:00.0,vSensor2
8431d0b5-6f84-410e-a39e-4f40de2a10fe,6052,75,2017-11-08 01:50:00.0,vSensor2
861d922e-d92e-4cff-b380-7512d83b7718,2100_6,4,2017-11-08 01:50:00.0,vSensor2
86b8084c-745e-429f-9b43-c30dd8d588b5,6072,72,2017-11-08 01:50:00.0,vSensor2
88be202b-f587-4ab0-863f-171ae91ecabc,3086,15,2017-11-08 01:50:00.0,vSensor2
891fcac4-1a1c-46a6-bfd2-d7056e954b84,5084,11,2017-11-08 01:50:00.0,vSensor2
89c7e005-a4ac-4fda-a6d5-70720d1b7b19,2074,79,2017-11-08 01:50:00.0,vSensor2
8c4c200f-eb38-487a-b179-03b15235f99f,2072,29,2017-11-08 01:50:00.0,vSensor2
8c621160-27c1-47a6-bfd3-b0d04bbf19fe,2002,40,2017-11-08 01:50:00.0,vSensor2
8d31a0eb-85e1-4b85-823d-50d0537e4b8e,3089,43,2017-11-08 01:50:00.0,vSensor2
8db4b171-ae6f-48d6-a276-1180ef856c8e,2219,84,2017-11-08 01:50:00.0,vSensor2
8e4ab4e5-43a9-46c7-b230-41abb1603335,3032,40,2017-11-08 01:50:00.0,vSensor2
8eb8f254-7419-4bed-8e61-6a48b017a9db,2069,2,2017-11-08 01:50:00.0,vSensor2
903b1a1d-af8a-4903-876b-9248f61891ff,5206,45,2017-11-08 01:50:00.0,vSensor2
90ec76c1-1101-4265-8849-dff893ea5949,1412,30,2017-11-08 01:50:00.0,vSensor2
91456113-14db-4b4a-8c64-ed78b67b402a,6056,58,2017-11-08 01:50:00.0,vSensor2
91faaa61-5be8-4df1-9a20-5bf442d906d1,4099,21,2017-11-08 01:50:00.0,vSensor2
92095342-ce4c-48b8-8710-63f24176d152,5056,67,2017-11-08 01:50:00.0,vSensor2
921212e1-b390-407c-8c6e-1bb4073ae5a0,5100_3,30,2017-11-08 01:50:00.0,vSensor2
92e5482d-697b-40ea-930e-2f9100feee57,4061,48,2017-11-08 01:50:00.0,vSensor2
93aab39b-21ad-4e96-bee6-d6434b8eccae,3029,32,2017-11-08 01:50:00.0,vSensor2
942f2f84-dcf3-402a-a6a4-b8d5bf3de112,5219,77,2017-11-08 01:50:00.0,vSensor2
95e6f34a-7327-4b0f-91c0-b4e9b1375fbf,5208,66,2017-11-08 01:50:00.0,vSensor2
963c6f39-1173-4337-9c9d-216d2081ced3,3100_5,58,2017-11-08 01:50:00.0,vSensor2
98754286-9862-476d-a5d1-5c8062fdd737,4100_10,74,2017-11-08 01:50:00.0,vSensor2
98adef08-2cda-429a-aa44-25bee9fd40ae,6048,87,2017-11-08 01:50:00.0,vSensor2
9a186062-96ba-4183-88c6-528da4dd98b6,2052,83,2017-11-08 01:50:00.0,vSensor2
9a78d43d-245f-4e9a-a2bc-72ec970a7c8a,2042,49,2017-11-08 01:50:00.0,vSensor2
9aa32ee0-88ae-426c-99f9-f689392d43ad,3008,4,2017-11-08 01:50:00.0,vSensor2
9ab0fb01-8f63-4cce-b604-b7dfe49d5e7f,5032,44,2017-11-08 01:50:00.0,vSensor2
9b784759-3edb-4e9b-9113-d7b535229953,3241,92,2017-11-08 01:50:00.0,vSensor2
9c42378f-df8c-4d80-823a-a9c944815208,6062,95,2017-11-08 01:50:00.0,vSensor2
9c7d18e8-734b-4c47-b004-fc518d2c8ef3,4231,81,2017-11-08 01:50:00.0,vSensor2
9d79ad37-c033-4313-b052-64fdb1a14102,5228,2,2017-11-08 01:50:00.0,vSensor2
9e2f516b-3f0a-4f3a-9ee2-fd40af6e9d4f,6044,37,2017-11-08 01:50:00.0,vSensor2
9f5295f8-5e4e-464f-aefc-8eb97d8983a0,4204,52,2017-11-08 01:50:00.0,vSensor2
9f7c62e0-d043-456d-95fe-f0ef60fac329,3058,82,2017-11-08 01:50:00.0,vSensor2
9f8a4250-8495-43db-9b1e-bee31c9edaca,3004,19,2017-11-08 01:50:00.0,vSensor2
a047e722-59ad-41b3-bd81-923c9b49ce20,3002,99,2017-11-08 01:50:00.0,vSensor2
a13de996-1588-4e8d-8034-12c84c199848,3208,68,2017-11-08 01:50:00.0,vSensor2
a33e2b0a-fb32-49da-b00a-5b4e82db2619,6215,61,2017-11-08 01:50:00.0,vSensor2
a3f07e92-4e9c-48f1-b8be-8d68f86ad825,5212,49,2017-11-08 01:50:00.0,vSensor2
a5e0435e-27e0-4019-a1ac-2998f32c1b97,4216,63,2017-11-08 01:50:00.0,vSensor2
a5e1cd0f-4250-45a0-9956-9267358e424b,1423,69,2017-11-08 01:50:00.0,vSensor2
a6b027c2-519f-43b4-bc70-9599969c7645,4056,23,2017-11-08 01:50:00.0,vSensor2
a6f6bfb8-ca81-454f-9e44-a3473c97a525,6011,32,2017-11-08 01:50:00.0,vSensor2
a84fe441-03c3-45c6-afcf-b8ea199e89ed,3064,4,2017-11-08 01:50:00.0,vSensor2
a901d8d9-33e7-409b-99a3-f5973e2b4468,5013,44,2017-11-08 01:50:00.0,vSensor2
a90cd42e-9944-4c8b-9268-cd11ac955b4f,4032,28,2017-11-08 01:50:00.0,vSensor2
aa269327-9c79-46d8-9d7f-a6885375b83a,4100_4,85,2017-11-08 01:50:00.0,vSensor2
aa3b55be-861e-42d5-9977-29cf5b620e88,1428,84,2017-11-08 01:50:00.0,vSensor2
aa9dfd19-6714-4b2a-96a8-3a23b7233c96,2241,20,2017-11-08 01:50:00.0,vSensor2
acd275bb-4add-4f68-89d8-f58da21268fd,3044,76,2017-11-08 01:50:00.0,vSensor2
ae78c9c2-535d-465c-8030-e3dfe4c19295,4076,86,2017-11-08 01:50:00.0,vSensor2
b0444c6e-3507-4aca-87af-08c2a9556aa8,1433,81,2017-11-08 01:50:00.0,vSensor2
b10e16ac-2054-47f8-98b0-661aee5d181d,5064,94,2017-11-08 01:50:00.0,vSensor2
b272261c-1356-4684-9571-6062b8bd785d,1425,78,2017-11-08 01:50:00.0,vSensor2
b447f441-1327-478a-ba26-d01e7075aea9,4029,21,2017-11-08 01:50:00.0,vSensor2
b4946ccb-d6f6-40d4-b071-7bfa9df902f6,2004,77,2017-11-08 01:50:00.0,vSensor2
b4eb9f99-bcaf-450f-b844-b482638de358,6046,6,2017-11-08 01:50:00.0,vSensor2
b5fcc24c-5866-4d29-a1f0-f8dea0aaf76d,4100_1,78,2017-11-08 01:50:00.0,vSensor2
b6778d1f-b7c4-44da-b5a2-092944c437e0,5069,5,2017-11-08 01:50:00.0,vSensor2
b67e9f69-4075-49fd-bb34-cf6c2df86c42,4069,68,2017-11-08 01:50:00.0,vSensor2
b72db21d-3853-44e2-8e96-bd623811ce93,3088,55,2017-11-08 01:50:00.0,vSensor2
b7e534d0-a1a7-48c8-8ec8-14a4a6ccde42,4028,82,2017-11-08 01:50:00.0,vSensor2
b8415272-eb54-4172-9cd3-6798353e4c1e,4038,45,2017-11-08 01:50:00.0,vSensor2
bab7cfc5-e5d4-45a5-b9ab-1244bc283ba3,5089,26,2017-11-08 01:50:00.0,vSensor2
bb07c0af-1aee-42f9-95c8-fae7e57242a2,6049,100,2017-11-08 01:50:00.0,vSensor2
bcbfb843-d0ed-4407-9ddb-cab91a1c510d,4013,90,2017-11-08 01:50:00.0,vSensor2
bd0bcc8b-595b-4d27-b2c6-ab8885c91c90,5100_2,89,2017-11-08 01:50:00.0,vSensor2
bd7b9d85-0fc4-4320-ad1f-8898183148f8,4082,19,2017-11-08 01:50:00.0,vSensor2
bd98687d-ce90-4f72-838c-22ee0bd1ab3d,2208,40,2017-11-08 01:50:00.0,vSensor2
bdbd1ca8-48f9-4f29-b7a5-5b8ed346216e,1500,58,2017-11-08 01:50:00.0,vSensor2
becb324d-0f2a-4958-abb1-ae2f70297d7c,6032,8,2017-11-08 01:50:00.0,vSensor2
bf46cc94-f2ae-4e4d-b13a-5a6a46ec0ebf,2214,6,2017-11-08 01:50:00.0,vSensor2
bf9bf17a-8aef-4b4e-8503-73813091acb0,3234,82,2017-11-08 01:50:00.0,vSensor2
bfefd186-5d7c-438e-8ae2-3a1a8d27e775,4026,78,2017-11-08 01:50:00.0,vSensor2
c094a192-85cc-46f2-982c-6d7362989f70,5039,69,2017-11-08 01:50:00.0,vSensor2
c271ba2e-0a36-4883-9c29-1c70dae2385a,3212,34,2017-11-08 01:50:00.0,vSensor2
c37eefe9-1ac8-4a58-9120-9769ac0106e7,2092,60,2017-11-08 01:50:00.0,vSensor2
c3e04f3a-cffc-4bdd-be2e-52e21fbac42e,4226,39,2017-11-08 01:50:00.0,vSensor2
c4ef738d-c364-4452-831d-d8e7d4e86c4c,2100_3,74,2017-11-08 01:50:00.0,vSensor2
c4f702e4-60ac-475b-8013-d031199bbdc3,5042,25,2017-11-08 01:50:00.0,vSensor2
c52747e3-d906-4f30-b361-14091d374974,6042,75,2017-11-08 01:50:00.0,vSensor2
c6f3373a-eba9-4500-bcbc-c59e49dd7fac,3202,72,2017-11-08 01:50:00.0,vSensor2
c7f5ee91-0b9b-4c4d-8828-aabfc6bb253b,6013,78,2017-11-08 01:50:00.0,vSensor2
c8c3470c-4176-4aa1-a0bc-62516c036abb,2029,4,2017-11-08 01:50:00.0,vSensor2
ca71b63c-5d98-4988-996d-98287ad00fbb,2059,45,2017-11-08 01:50:00.0,vSensor2
ca8b74bf-3b3b-4caa-be21-479f8c13f1d5,6088,50,2017-11-08 01:50:00.0,vSensor2
ca8bdd63-ffc2-4e5d-95cf-8e52770b3beb,3074,94,2017-11-08 01:50:00.0,vSensor2
caba3fdb-68b5-4a37-b19d-1e81ccc0c4ea,5091,48,2017-11-08 01:50:00.0,vSensor2
cad07cfc-5b15-4327-a81d-8c61bc2d1591,6028,40,2017-11-08 01:50:00.0,vSensor2
cb643931-3db3-4926-bb17-aadf0169c182,4100_9,51,2017-11-08 01:50:00.0,vSensor2
cb7d66b3-b50a-40de-b5bc-dc1bbc734fe5,2082,24,2017-11-08 01:50:00.0,vSensor2
cca4bc19-f1bd-44e9-9d23-5ceb6c5700b0,3100_7,85,2017-11-08 01:50:00.0,vSensor2
ccc6a98f-c39f-4a91-951e-d260a9fb7e4d,2065,69,2017-11-08 01:50:00.0,vSensor2
cceccb03-8533-480e-90de-c860f491dd4d,3231,60,2017-11-08 01:50:00.0,vSensor2
cd084f25-b9a7-4742-bedc-ccb7fc54c3c5,2204,93,2017-11-08 01:50:00.0,vSensor2
cd69a702-8560-4992-9828-f1af4fcd4abf,5065,19,2017-11-08 01:50:00.0,vSensor2
ce0abe21-1a31-4caf-bac6-31db2d88418a,4209,84,2017-11-08 01:50:00.0,vSensor2
ce1a217b-5152-4cab-9f52-1a174d6921be,6092,81,2017-11-08 01:50:00.0,vSensor2
ce6d5e73-5acb-49f8-ae90-1166b55b414e,6213,1,2017-11-08 01:50:00.0,vSensor2
ce9ed7c3-846e-4b84-aa6b-d33c137de6db,3048,13,2017-11-08 01:50:00.0,vSensor2
cf57d603-ae6a-412b-a4d6-1edf89569f94,5086,59,2017-11-08 01:50:00.0,vSensor2
cfbef141-9a3d-4e06-8e0e-a4bc096419c0,1407,24,2017-11-08 01:50:00.0,vSensor2
d04ad85d-54bf-432e-b266-b0bfa3f87fea,5209,6,2017-11-08 01:50:00.0,vSensor2
d067fc53-cb59-4ff2-906b-d1d8df42f907,3211,21,2017-11-08 01:50:00.0,vSensor2
d14e2fbe-6bc6-420b-91e4-4154c8036e1d,4002,95,2017-11-08 01:50:00.0,vSensor2
d15376ac-d6fa-4971-8584-e2cb58e96573,5211,33,2017-11-08 01:50:00.0,vSensor2
d1f933a3-7723-4f24-90e1-328aef4d0731,2058,3,2017-11-08 01:50:00.0,vSensor2
d2814c95-647b-43cc-b2fe-365701a5b172,4054,38,2017-11-08 01:50:00.0,vSensor2
d2cd6681-2e21-46e6-a952-4858a7369a76,4214,39,2017-11-08 01:50:00.0,vSensor2
d35689af-8a58-4ddd-a3a3-0ff7a8655e8e,4088,30,2017-11-08 01:50:00.0,vSensor2
d3946c5a-e3da-497d-a126-20b737beb341,2011,58,2017-11-08 01:50:00.0,vSensor2
d3b231b6-b4de-44c1-80c7-418c87efe752,1420,36,2017-11-08 01:50:00.0,vSensor2
d42a0e16-88b5-4ce9-bb5a-6ef287ffd423,4072,85,2017-11-08 01:50:00.0,vSensor2
d4d665e6-6ef5-4130-9c2f-dcc42cc4fc70,3026,41,2017-11-08 01:50:00.0,vSensor2
d51593e3-228b-433d-bebb-246b7f851856,5216,27,2017-11-08 01:50:00.0,vSensor2
d7a1819b-7cea-4bab-b3dd-4435dd2db252,3100_8,13,2017-11-08 01:50:00.0,vSensor2
d8375c6d-7a57-4b10-8b36-da5d25a059b7,5100_6,0,2017-11-08 01:50:00.0,vSensor2
d89780c1-d855-4bf8-aa1f-acd2ccc87319,5214,84,2017-11-08 01:50:00.0,vSensor2
dae3861f-6035-44c2-b921-2e80641fdac7,2044,90,2017-11-08 01:50:00.0,vSensor2
db0bb5be-52c2-4a8d-a056-adc40a2dadf7,5081,15,2017-11-08 01:50:00.0,vSensor2
dbce30d9-6f2f-4296-918f-fd9cb4ff4e03,5100_1,64,2017-11-08 01:50:00.0,vSensor2
dbdc0beb-bd88-497d-bdb5-71adda5fabc8,2038,61,2017-11-08 01:50:00.0,vSensor2
dc3fc38a-659a-4d1a-b02b-4ebf3d90f7d7,5061,9,2017-11-08 01:50:00.0,vSensor2
dcfbad3c-a9e7-44d6-bef1-a019d2cd330e,5243,90,2017-11-08 01:50:00.0,vSensor2
de76ad33-f0b3-40ec-9778-262e802c08e9,3065,20,2017-11-08 01:50:00.0,vSensor2
df0a4e45-1366-4532-85fc-ea5ee6ea96ab,2019,57,2017-11-08 01:50:00.0,vSensor2
e0afb2ed-b09e-49fd-b207-6024136be359,4224,29,2017-11-08 01:50:00.0,vSensor2
e0b89ba7-305f-432d-abf7-f0535c844f0e,2100_10,51,2017-11-08 01:50:00.0,vSensor2
e265cf0c-9c1e-406f-99e5-5f5173fb585a,4228,61,2017-11-08 01:50:00.0,vSensor2
e3a0cd0c-6b94-44f2-a1a9-0246cf717c64,2088,69,2017-11-08 01:50:00.0,vSensor2
e49e4ee6-1d83-4abf-bb16-f0d7c5a283ce,2013,51,2017-11-08 01:50:00.0,vSensor2
e55bfbfd-7f95-477e-8ebf-03b178ba2e34,5052,30,2017-11-08 01:50:00.0,vSensor2
e56c0341-6e4e-4f92-9ca3-e502d8587d94,2048,82,2017-11-08 01:50:00.0,vSensor2
e7b6e410-3ee7-4a97-9c83-aa97528b1d9d,4212,46,2017-11-08 01:50:00.0,vSensor2
e8091fa4-2a0f-44a6-9c70-eb5cd8a6bef7,3068,73,2017-11-08 01:50:00.0,vSensor2
e8377f95-c2ac-48c3-a87b-a20290957cec,1600,83,2017-11-08 01:50:00.0,vSensor2
e9410fef-dd80-4e6c-a86b-051f66300a00,3056,6,2017-11-08 01:50:00.0,vSensor2
e9421b04-a33d-4353-acca-585fffc61fc8,5059,47,2017-11-08 01:50:00.0,vSensor2
e9b48c2c-4a69-4288-8cf1-2558b839a81c,6074,7,2017-11-08 01:50:00.0,vSensor2
e9d5f720-c99b-482f-9b4a-fc2536f53c99,4068,93,2017-11-08 01:50:00.0,vSensor2
ea9fdc28-f874-45b1-ae42-df9267abd478,5088,100,2017-11-08 01:50:00.0,vSensor2
eabc6f61-cb3e-4c79-9be7-efa3e5fce774,5029,53,2017-11-08 01:50:00.0,vSensor2
eb1c92f7-4a13-42c6-a996-c7426b73c16e,3100_6,86,2017-11-08 01:50:00.0,vSensor2
eb218536-d4ad-41b6-830e-2ce43100a1fe,1413,28,2017-11-08 01:50:00.0,vSensor2
ebc8700b-112c-499c-be30-4f3855332b00,2100_2,24,2017-11-08 01:50:00.0,vSensor2
ec03a4d1-e554-4601-b458-2d0b84dcb7af,5004,59,2017-11-08 01:50:00.0,vSensor2
ed1845ca-58ed-40ee-aa93-5f56f73d5b40,6219,87,2017-11-08 01:50:00.0,vSensor2
ed5ffc4d-a93d-4451-8b25-ac1c1e11c592,2026,46,2017-11-08 01:50:00.0,vSensor2
ed795e08-fef4-42f8-bc22-ce1da99020ec,2211,73,2017-11-08 01:50:00.0,vSensor2
ee4698cb-4bd6-49f3-85ec-ece73635dea4,6039,62,2017-11-08 01:50:00.0,vSensor2
ee75e013-0792-4d5f-a239-e108d86f92dd,5051,28,2017-11-08 01:50:00.0,vSensor2
ee98f3b1-97f7-4112-b797-edaded75869a,5222,2,2017-11-08 01:50:00.0,vSensor2
ef608f52-bbae-4ba9-b337-afbf50082ffc,2008,13,2017-11-08 01:50:00.0,vSensor2
efb0a247-1f0d-43b5-b191-90caec9511da,3062,27,2017-11-08 01:50:00.0,vSensor2
efb58fbf-754e-4c6a-ad7b-c462d5e24fc0,2076,64,2017-11-08 01:50:00.0,vSensor2
f10a3f39-a05e-494f-ad62-b8ea49b90296,2206,89,2017-11-08 01:50:00.0,vSensor2
f2b00f8c-b9cb-4359-8dba-525814083ef6,3214,4,2017-11-08 01:50:00.0,vSensor2
f3174b68-c4ba-4b09-ae29-0630bdee219f,5202,2,2017-11-08 01:50:00.0,vSensor2
f437ac8a-f83a-4a77-95f9-039b709fb22e,3091,12,2017-11-08 01:50:00.0,vSensor2
f71a5bec-8b01-4644-88c5-1376820f646f,2243,73,2017-11-08 01:50:00.0,vSensor2
fa0be71b-7b37-452a-be9b-7205ddfd667b,5100_9,24,2017-11-08 01:50:00.0,vSensor2
faadd3c8-6af6-422e-8084-7cda2f8962ea,5100_7,45,2017-11-08 01:50:00.0,vSensor2
fc143799-6e82-4658-9573-437c5a532f0a,2091,27,2017-11-08 01:50:00.0,vSensor2
fd4e7b9a-469f-467a-89e7-897822ff04e0,3052,48,2017-11-08 01:50:00.0,vSensor2
fe37c3df-c5ac-4eee-8a0f-cd2ff428c4c6,6211,1,2017-11-08 01:50:00.0,vSensor2
feade46b-03fd-47d3-9f18-0852137f4918,3081,51,2017-11-08 01:50:00.0,vSensor2
fed16703-e493-4e6e-8853-ab7f4e0c54f8,4064,75,2017-11-08 01:50:00.0,vSensor2
