012724b1-b3c9-4883-9550-147e9b58abff,5084,79,2017-11-20 17:27:00.0,vSensor2
019e6d9a-d35b-4575-89e0-a5fdc619a9dc,4026,6,2017-11-20 17:27:00.0,vSensor2
033bb43c-c7bd-496c-b79a-f995e7a1de8a,1420,36,2017-11-20 17:27:00.0,vSensor2
0379208f-1221-4065-bf9f-3eed71dd252c,5241,28,2017-11-20 17:27:00.0,vSensor2
03dcacf1-2590-42cf-bb5c-2334890588e7,4061,83,2017-11-20 17:27:00.0,vSensor2
04c80c8b-a633-4524-b8ca-366112ab7551,5100_8,10,2017-11-20 17:27:00.0,vSensor2
04e7d1bb-7537-40fe-abd4-5af09dc0730d,3202,79,2017-11-20 17:27:00.0,vSensor2
0575cc32-e8b0-4160-82bb-58e8e18b206c,3091,40,2017-11-20 17:27:00.0,vSensor2
06521562-184c-41d4-b244-1eaa88d04bfd,4048,35,2017-11-20 17:27:00.0,vSensor2
06a33434-fedb-4743-bc25-005c5c840d2c,4002,51,2017-11-20 17:27:00.0,vSensor2
06a5b043-da42-4d01-a7c3-4234ad209578,6213,43,2017-11-20 17:27:00.0,vSensor2
070e4eee-630b-4507-868a-668fbf815dab,4221,91,2017-11-20 17:27:00.0,vSensor2
0bb6cf38-ad1d-42b4-9ea5-c99e59994877,5243,85,2017-11-20 17:27:00.0,vSensor2
0c6806cd-c22c-42cd-b8b7-baf5ea870d72,5224,65,2017-11-20 17:27:00.0,vSensor2
0d1d3dde-0ef2-424c-9a8f-2325fa4521e3,5091,41,2017-11-20 17:27:00.0,vSensor2
0fd8c328-89b0-41e6-81c5-838dc89df446,6088,77,2017-11-20 17:27:00.0,vSensor2
1047981d-2d8b-491d-8803-2010aff12869,4216,49,2017-11-20 17:27:00.0,vSensor2
108832f5-d453-4d1e-a5a2-b73a873b02d3,2069,14,2017-11-20 17:27:00.0,vSensor2
10aa7ece-29e3-4604-a0d3-82534462409c,3221,57,2017-11-20 17:27:00.0,vSensor2
112f9b90-7c50-4a21-ba2f-7e2d680f149d,2032,46,2017-11-20 17:27:00.0,vSensor2
11ffd948-6a66-4c97-bf7e-4df6efcf94b9,1406,43,2017-11-20 17:27:00.0,vSensor2
1261813c-69a7-496a-b13d-95038047f05d,3066,7,2017-11-20 17:27:00.0,vSensor2
1281928b-0eee-4a8e-9ec2-236ae3f4bce6,3076,74,2017-11-20 17:27:00.0,vSensor2
13c0d1c9-f97d-42e8-ae13-5e8631a74d38,2038,2,2017-11-20 17:27:00.0,vSensor2
1735b3e1-25ac-4806-b2f2-2021f381d63f,6086,52,2017-11-20 17:27:00.0,vSensor2
174b981d-aa8e-485b-b96b-69c6c5420380,1422,90,2017-11-20 17:27:00.0,vSensor2
17851499-9ec4-4dc0-8c27-f0b7573ee515,6032,30,2017-11-20 17:27:00.0,vSensor2
17af4b1a-3815-4fed-b017-dfa9adce6ac8,5216,50,2017-11-20 17:27:00.0,vSensor2
17c8fa41-49e2-4b5c-b6df-fd349e0c67fc,3219,55,2017-11-20 17:27:00.0,vSensor2
1888b684-ce97-45fd-87aa-63d69fa778fb,2029,0,2017-11-20 17:27:00.0,vSensor2
1aa25842-d6a5-4934-b18a-3a4bcd4db5f4,4088,66,2017-11-20 17:27:00.0,vSensor2
1b3af9bf-3606-43f5-a615-cd08efacc1bd,2228,76,2017-11-20 17:27:00.0,vSensor2
1b585589-9b11-4bc1-90c1-b15777522cd6,6074,28,2017-11-20 17:27:00.0,vSensor2
1bd280d7-24be-4496-8fbb-2d0ea5aa2b7d,3068,40,2017-11-20 17:27:00.0,vSensor2
1bf222d7-6481-49b4-8231-e347a5fe9d10,4038,27,2017-11-20 17:27:00.0,vSensor2
1c362056-d7be-4a01-83b0-c6e551051354,5100_2,50,2017-11-20 17:27:00.0,vSensor2
1c5cccdc-fbbc-4918-85ef-6bc4f2031ec3,2222,12,2017-11-20 17:27:00.0,vSensor2
1f32fdb3-7170-43e2-948d-c521555ea0a8,5204,38,2017-11-20 17:27:00.0,vSensor2
1fdc3990-9eeb-4297-95e2-17cec545033b,3051,18,2017-11-20 17:27:00.0,vSensor2
1fe57e06-06a0-44cc-a923-ee7453a1ad4a,6024,20,2017-11-20 17:27:00.0,vSensor2
20b82014-e41b-4d86-92eb-d58c399d9021,5202,76,2017-11-20 17:27:00.0,vSensor2
213306b0-42d8-4f59-877d-59423535dc9f,3044,5,2017-11-20 17:27:00.0,vSensor2
2194ed56-8a28-4721-a805-cb4fd6e00ac1,3222,41,2017-11-20 17:27:00.0,vSensor2
21ab8285-ef21-4bd4-85dd-b108abaf5e13,4068,13,2017-11-20 17:27:00.0,vSensor2
21bdc1d6-75f9-4ea7-89c3-a929c5c069a8,2065,48,2017-11-20 17:27:00.0,vSensor2
22a58fac-080f-42ad-8d76-5bbe88799c0b,5072,94,2017-11-20 17:27:00.0,vSensor2
233fad8d-9bf6-4c11-ae28-b539ad29bf4a,4042,79,2017-11-20 17:27:00.0,vSensor2
235cfeaa-7841-4286-ab51-fa8d758d9163,2054,49,2017-11-20 17:27:00.0,vSensor2
25098408-0884-416c-bcbb-3f6df33dee28,3088,27,2017-11-20 17:27:00.0,vSensor2
2509f2da-9c20-459b-b710-2c89b3a035ce,1300,72,2017-11-20 17:27:00.0,vSensor2
25228968-deb7-48d3-b397-f4d0648b4606,4082,17,2017-11-20 17:27:00.0,vSensor2
2548b4aa-426f-4730-9891-054377f58683,4208,74,2017-11-20 17:27:00.0,vSensor2
26061edd-a775-46f3-8fce-d3b08c97b877,5059,43,2017-11-20 17:27:00.0,vSensor2
275795fd-2669-426c-96fb-083d0dcb39a7,4100_8,56,2017-11-20 17:27:00.0,vSensor2
28c10e41-2b4d-44c5-ae46-300f95d2d11a,3100_1,24,2017-11-20 17:27:00.0,vSensor2
2a99dae2-c201-4829-b444-431d838348bf,4100_3,75,2017-11-20 17:27:00.0,vSensor2
2aeb0eb5-d281-4f3e-be00-7e7d85dab001,5100_9,22,2017-11-20 17:27:00.0,vSensor2
2b72fd1b-98b2-46eb-a7dd-a5a5ba517935,6066,60,2017-11-20 17:27:00.0,vSensor2
2d31d539-e144-42fb-888a-b661d67d2181,6092,53,2017-11-20 17:27:00.0,vSensor2
2dbd325f-1aa9-4e8e-aba4-82a2c86cc937,1423,71,2017-11-20 17:27:00.0,vSensor2
2ea0d612-884d-40e7-9031-a8037ca0e1a8,5069,12,2017-11-20 17:27:00.0,vSensor2
2fa9e214-71df-4ec9-993a-d7af589f9673,5052,56,2017-11-20 17:27:00.0,vSensor2
305de8d3-2340-42a8-87cf-b5593b9dce07,4214,21,2017-11-20 17:27:00.0,vSensor2
33c1e166-8b3b-4068-8368-9bed6a833c51,3226,56,2017-11-20 17:27:00.0,vSensor2
3435b0b8-8ac4-437c-9831-ab4576c5a70a,2100_1,2,2017-11-20 17:27:00.0,vSensor2
34ae611b-419c-43c2-a2bd-5049590fd492,3054,96,2017-11-20 17:27:00.0,vSensor2
351be4db-3fbb-4544-8f7b-959b6971621e,5100_4,25,2017-11-20 17:27:00.0,vSensor2
36da63af-c63f-475b-b38d-89f75ad3cc9f,1412,48,2017-11-20 17:27:00.0,vSensor2
3713f58a-4940-46c2-9748-1e07af6ffef0,3081,62,2017-11-20 17:27:00.0,vSensor2
387ee7c4-b455-4b9b-aebd-95775ef8a1c5,4241,31,2017-11-20 17:27:00.0,vSensor2
3a143bcd-3412-4be7-8508-a185fdacc66d,6215,29,2017-11-20 17:27:00.0,vSensor2
3a4f44a4-df54-4de2-9c89-df01a66563d3,2042,56,2017-11-20 17:27:00.0,vSensor2
3da42720-09d3-4fec-9079-3e06780a8a48,2214,29,2017-11-20 17:27:00.0,vSensor2
3e0f4aae-9381-4219-9eeb-cbf7fa07e01e,2008,73,2017-11-20 17:27:00.0,vSensor2
3ff61f42-17b2-4b0d-88ed-b4c2c27d47e7,4202,28,2017-11-20 17:27:00.0,vSensor2
410cc3f4-712f-4e50-ab69-c2a3c8dfca55,2019,56,2017-11-20 17:27:00.0,vSensor2
4161da09-a5ed-4bdf-a04d-9e5e87d2d500,3029,23,2017-11-20 17:27:00.0,vSensor2
4309349b-71ae-415d-ad9e-e02e5a6fcd0a,2092,0,2017-11-20 17:27:00.0,vSensor2
43152dcb-e7af-4a34-bd92-10fec69293bb,4100_5,81,2017-11-20 17:27:00.0,vSensor2
438a5ea1-a975-4669-87f1-d3ca49869c9c,1429,3,2017-11-20 17:27:00.0,vSensor2
448f50d1-e3ff-4777-8ce4-cb5da3f4420e,4076,65,2017-11-20 17:27:00.0,vSensor2
45178b94-e21c-40f0-aaed-721ad9828a66,4032,3,2017-11-20 17:27:00.0,vSensor2
4606ce7f-24a3-4c2c-b864-3b51a2ad346e,5056,87,2017-11-20 17:27:00.0,vSensor2
4653b7b5-e3ab-4773-8dfc-06ab83ee2f09,4084,68,2017-11-20 17:27:00.0,vSensor2
465b58e7-7ad3-4272-aa9e-763c47aa2b9b,6136,17,2017-11-20 17:27:00.0,vSensor2
46bf6017-1edf-4195-809f-5ffe37fa7147,2074,46,2017-11-20 17:27:00.0,vSensor2
46cc779a-3d28-4efe-b6b0-89db2906d865,4056,75,2017-11-20 17:27:00.0,vSensor2
4768e89b-ed69-4ad9-a9e3-ec5d4c0551cd,4234,50,2017-11-20 17:27:00.0,vSensor2
47713a78-1e15-466e-b261-0610570539ee,3100_3,10,2017-11-20 17:27:00.0,vSensor2
47767ae1-fce5-4d18-8956-62f0e1de8746,5026,63,2017-11-20 17:27:00.0,vSensor2
4853d2c0-94a7-47a2-bdab-06137ec3b627,3206,36,2017-11-20 17:27:00.0,vSensor2
489ec757-05a7-4e18-8f17-928869ff51b4,3243,47,2017-11-20 17:27:00.0,vSensor2
4aa0076c-de0a-4836-9c86-063665575e9e,6046,61,2017-11-20 17:27:00.0,vSensor2
4abbf1fc-2853-4544-b7d2-384c88822e1e,4066,99,2017-11-20 17:27:00.0,vSensor2
4bd310cb-7bee-4eb2-90b7-84baffa18276,5082,57,2017-11-20 17:27:00.0,vSensor2
4bd8e67c-a7e1-4019-a2ea-e7416b40d97c,3231,40,2017-11-20 17:27:00.0,vSensor2
4c2568f1-a578-4d84-b945-12117cf3c80b,2221,30,2017-11-20 17:27:00.0,vSensor2
4c5b42ab-0baf-439b-9b26-c0bbe0b586b3,3234,80,2017-11-20 17:27:00.0,vSensor2
4eca3862-d9e4-4437-b6fb-4a5f285e7c13,3204,56,2017-11-20 17:27:00.0,vSensor2
4f2555bb-a33e-40bb-b019-a39bf413536e,3209,6,2017-11-20 17:27:00.0,vSensor2
50a31a2d-bc0c-4142-a5d7-2b844c42d551,5013,98,2017-11-20 17:27:00.0,vSensor2
50d73421-2ed2-4a85-bc7a-39bf3de1a9fa,2004,72,2017-11-20 17:27:00.0,vSensor2
50d92861-6a18-4557-9224-7cbf07a302db,3059,1,2017-11-20 17:27:00.0,vSensor2
50fcbf1f-c45b-48c3-b0b0-aaadc4981939,2100_10,19,2017-11-20 17:27:00.0,vSensor2
51a9ed9b-d7a8-469b-8eb7-0f382ef6c949,6049,56,2017-11-20 17:27:00.0,vSensor2
51cf743d-f04d-45f6-afb3-94f921fd268f,1425,72,2017-11-20 17:27:00.0,vSensor2
5261de2b-b7b7-49af-94a2-d322605b5dad,5221,27,2017-11-20 17:27:00.0,vSensor2
52b5abf7-1375-4f0c-9b0c-7c09cf5ab698,2072,58,2017-11-20 17:27:00.0,vSensor2
535e7363-c5a3-406e-8e54-96f6dcefcf22,1407,65,2017-11-20 17:27:00.0,vSensor2
54e3dc8f-52b1-4ae0-a0bb-9bc8274c21f8,2234,3,2017-11-20 17:27:00.0,vSensor2
54ede2cb-6ec4-4820-bece-e00c7a7bfe89,6210,24,2017-11-20 17:27:00.0,vSensor2
564c89d9-2af9-49c5-8f4b-e922b85413b1,6039,5,2017-11-20 17:27:00.0,vSensor2
566e53ba-ac91-4587-9ce1-52e62f6113a3,2064,71,2017-11-20 17:27:00.0,vSensor2
56d214a6-55be-431c-b5fa-ac3d501a8116,4100_4,81,2017-11-20 17:27:00.0,vSensor2
57f870e7-369c-461e-a3d2-599e59f0ac78,6011,28,2017-11-20 17:27:00.0,vSensor2
58d68c5a-dfb3-471c-930f-e560b85166de,3092,75,2017-11-20 17:27:00.0,vSensor2
58ea50da-19d0-4268-9a97-8e74854fae3c,5054,25,2017-11-20 17:27:00.0,vSensor2
590d5a41-fa1e-424a-8f73-5c9c3f16485e,5099,72,2017-11-20 17:27:00.0,vSensor2
596b902b-dfdb-47b3-a491-2d3e5db4f7fa,2211,97,2017-11-20 17:27:00.0,vSensor2
5a753ceb-5b43-4473-baed-a452a28ba585,4011,29,2017-11-20 17:27:00.0,vSensor2
5bc46d29-e0b0-491d-a512-8fd7df4509d8,3026,69,2017-11-20 17:27:00.0,vSensor2
5e0796f9-7a89-4df2-b4c8-c65e90ec14c9,2100_5,40,2017-11-20 17:27:00.0,vSensor2
5e8863da-ea5b-40be-9d9e-8acd1c6586c0,3011,24,2017-11-20 17:27:00.0,vSensor2
5e9bdcf3-0641-4748-acf2-56f2d7eee244,5222,17,2017-11-20 17:27:00.0,vSensor2
5fbc42e9-16ff-4d3d-9a29-79d6f3386787,4065,4,2017-11-20 17:27:00.0,vSensor2
605649f4-cf2f-4c51-9bcb-2a56427b6540,5231,32,2017-11-20 17:27:00.0,vSensor2
60fd2abc-a999-4eb9-b897-c12899ef4ee7,6044,60,2017-11-20 17:27:00.0,vSensor2
612d45f3-5b97-4f40-8f00-8da7b6bfa08c,5219,84,2017-11-20 17:27:00.0,vSensor2
617e80b2-64dc-4c1b-b85c-d16bf07ee5c5,3100_4,14,2017-11-20 17:27:00.0,vSensor2
620a11db-b5a2-43f4-9c7e-6b3affaaba80,6218,48,2017-11-20 17:27:00.0,vSensor2
62bc675e-c842-4131-bf82-d8dcdaa57c42,4089,35,2017-11-20 17:27:00.0,vSensor2
63c23c98-7644-4fbf-9e60-100fcd6e4b59,5002,17,2017-11-20 17:27:00.0,vSensor2
65290a15-6062-4b5b-8b5e-4e4b81dc1e4e,1413,85,2017-11-20 17:27:00.0,vSensor2
6577580d-83c9-453f-ae1f-2e66d11ffc88,1427,55,2017-11-20 17:27:00.0,vSensor2
66c17483-71b6-4680-b121-e618bd606975,3058,97,2017-11-20 17:27:00.0,vSensor2
6789a96a-f433-46ce-b259-07b934055858,3100_7,10,2017-11-20 17:27:00.0,vSensor2
68c08760-4007-4656-8c01-e69b0bea488e,6212,39,2017-11-20 17:27:00.0,vSensor2
6908ec45-bd76-42f8-a904-0438d9b863b2,2212,14,2017-11-20 17:27:00.0,vSensor2
6b4d7eef-3ceb-4308-8710-34a214f9aad5,6062,12,2017-11-20 17:27:00.0,vSensor2
6cc22e80-d510-4968-bb87-899b229879a4,1428,19,2017-11-20 17:27:00.0,vSensor2
6d39c72f-57fb-4dbd-b174-7c3f7f72a9ea,4091,75,2017-11-20 17:27:00.0,vSensor2
6d685606-fba2-4a68-80f8-7ba2c428b38b,3069,36,2017-11-20 17:27:00.0,vSensor2
6f68761e-a2a8-4b1d-afbf-607a970c0cc4,5100_10,66,2017-11-20 17:27:00.0,vSensor2
6fd5f634-0372-4945-a583-af445fe0cf51,4051,91,2017-11-20 17:27:00.0,vSensor2
6ff1ac5e-8cff-462c-b629-f2f71531e364,2100_4,48,2017-11-20 17:27:00.0,vSensor2
70024b5a-03fd-4e8c-a1a6-bc0b2b41b2ae,4226,88,2017-11-20 17:27:00.0,vSensor2
71db6bed-e11e-43a7-bcca-2bd256fe173e,3072,10,2017-11-20 17:27:00.0,vSensor2
75e6e2a4-f3c2-428c-a4de-caca1ebdda04,3224,30,2017-11-20 17:27:00.0,vSensor2
760a37a3-ecab-43c3-83f5-fa04010fe848,3039,81,2017-11-20 17:27:00.0,vSensor2
7611561a-ec0f-4fcc-a178-b023d374f596,3052,45,2017-11-20 17:27:00.0,vSensor2
76d9832f-2b37-4ec9-b609-6eff285556f8,2232,71,2017-11-20 17:27:00.0,vSensor2
7753e84b-da99-4f98-b08f-79d157cfec09,5044,49,2017-11-20 17:27:00.0,vSensor2
77ecbaff-9844-4613-a349-5188008ba310,4204,77,2017-11-20 17:27:00.0,vSensor2
782d80aa-92c9-4d7a-b0ea-a4b0892d6401,4008,97,2017-11-20 17:27:00.0,vSensor2
7b7f6ada-90e3-498b-be22-b594b3c53509,5206,41,2017-11-20 17:27:00.0,vSensor2
7c2c3fc8-0b43-4fec-bbd6-5a5473e84ed6,6132,38,2017-11-20 17:27:00.0,vSensor2
7cead61c-62fc-41d5-b984-f44606733ef1,4092,6,2017-11-20 17:27:00.0,vSensor2
7cf9a54e-44b5-41be-a9c3-f0247f2fae55,6056,43,2017-11-20 17:27:00.0,vSensor2
7db9e289-63fe-4570-b2ab-291a47d5978c,4206,15,2017-11-20 17:27:00.0,vSensor2
81771a08-40df-42e7-993e-404e2f3aa01e,5074,9,2017-11-20 17:27:00.0,vSensor2
81c21c72-fadd-4921-a7e3-e669909ff27d,5100_7,77,2017-11-20 17:27:00.0,vSensor2
81c85342-fea1-49c4-9302-da9a739aa127,3089,69,2017-11-20 17:27:00.0,vSensor2
82d222a0-2040-4e9a-aadb-e86ea1f028f1,2241,66,2017-11-20 17:27:00.0,vSensor2
8340edf0-f141-4b67-8933-cbe2ca1b5711,5068,70,2017-11-20 17:27:00.0,vSensor2
841d969f-b32e-47de-9d8f-b1c1547fc09e,6052,100,2017-11-20 17:27:00.0,vSensor2
8442787b-daea-465b-b5d6-97abc25d02a7,6026,2,2017-11-20 17:27:00.0,vSensor2
857134c1-41fd-4aef-849e-0c3d3b2a6245,4028,57,2017-11-20 17:27:00.0,vSensor2
86aa52e0-e3ab-43ba-ae60-a291346f34b4,5226,28,2017-11-20 17:27:00.0,vSensor2
86be0d01-90d4-46eb-9a2d-db0cf2ae18d2,3100_8,78,2017-11-20 17:27:00.0,vSensor2
880b7b58-7c78-47a2-8ecb-329be75bfdc4,5051,98,2017-11-20 17:27:00.0,vSensor2
8867f412-bc77-4734-ae58-9f98a209c58b,5066,19,2017-11-20 17:27:00.0,vSensor2
891e15ae-03be-402f-8e81-5d9972e4ff22,2048,96,2017-11-20 17:27:00.0,vSensor2
89321fcd-2899-47e0-a591-b8364efedc09,2081,99,2017-11-20 17:27:00.0,vSensor2
89b8ac07-7a47-461c-80b0-bd5251cc0661,4013,90,2017-11-20 17:27:00.0,vSensor2
8b125e9a-4975-4118-9eff-b9bb1e8e35d3,5038,62,2017-11-20 17:27:00.0,vSensor2
8c63bfc1-af2b-4e27-b7e8-f5bc19a7e458,6034,91,2017-11-20 17:27:00.0,vSensor2
8d14b302-c810-47e4-9026-d969c4757535,5032,25,2017-11-20 17:27:00.0,vSensor2
8d5081bf-2268-4835-88c6-73f82def102d,4074,73,2017-11-20 17:27:00.0,vSensor2
8e2bcccd-8f3d-4828-ad8b-21f709bb3ed0,5048,35,2017-11-20 17:27:00.0,vSensor2
8fc91ac8-e3ad-4742-a97c-053b31989c83,4212,70,2017-11-20 17:27:00.0,vSensor2
8fd9d3c4-d2eb-4d61-b738-2a63066ad81d,3061,29,2017-11-20 17:27:00.0,vSensor2
9127252b-f220-4495-9e1c-f74dfce4b1da,3232,62,2017-11-20 17:27:00.0,vSensor2
9157b588-917f-4229-983b-b8e2e4d1bc1e,5004,28,2017-11-20 17:27:00.0,vSensor2
923f30a6-682f-44bd-ac74-34b85f30f5fb,3028,17,2017-11-20 17:27:00.0,vSensor2
92b9f196-03ed-4d04-b475-f4eabf47ef8f,2100_6,28,2017-11-20 17:27:00.0,vSensor2
9495b82c-abd4-4529-9be9-db84ece4caa4,6042,80,2017-11-20 17:27:00.0,vSensor2
952842f2-3a4b-477f-b3bf-32fef7cf6638,1500,94,2017-11-20 17:27:00.0,vSensor2
9549239d-6387-4a89-a851-40ef51f71789,2206,74,2017-11-20 17:27:00.0,vSensor2
95588181-c1e8-4f74-b9cc-04061d846cad,3056,17,2017-11-20 17:27:00.0,vSensor2
960bed29-e124-4bb1-8fa2-504e654b93dc,3208,3,2017-11-20 17:27:00.0,vSensor2
968fd121-4e93-45c6-b458-bf81ad347ab6,4100_7,74,2017-11-20 17:27:00.0,vSensor2
97276545-ede1-45c0-a726-278b29cef555,4100_6,69,2017-11-20 17:27:00.0,vSensor2
9795ae00-1f13-4270-8ade-8f1dc240f6a8,3019,94,2017-11-20 17:27:00.0,vSensor2
990379c3-ec8b-4cfe-929c-6cbcb70bd210,2088,88,2017-11-20 17:27:00.0,vSensor2
9c4f2ec8-3278-46a1-8a5d-0907487105ff,3008,47,2017-11-20 17:27:00.0,vSensor2
9ca8a7c9-9b1d-4a7d-8df8-2c7c5348d8c9,2061,8,2017-11-20 17:27:00.0,vSensor2
9d7d9f27-f181-43a0-bd11-d6b8b36fede9,5028,13,2017-11-20 17:27:00.0,vSensor2
9e805c96-a99c-40af-873c-c1fdde4800b6,3100_9,55,2017-11-20 17:27:00.0,vSensor2
9e996980-1694-4467-8457-ef24be501bf2,3212,54,2017-11-20 17:27:00.0,vSensor2
9fb789b6-a308-488f-b8d3-1c4cb72cb9e0,4062,10,2017-11-20 17:27:00.0,vSensor2
9fd80824-525d-4b05-9bd6-878ae820af32,5211,37,2017-11-20 17:27:00.0,vSensor2
9ffe116c-1899-4551-85b2-84159362d8d0,2086,12,2017-11-20 17:27:00.0,vSensor2
a17a3db7-bc2d-4312-b22b-4349c88be982,3086,24,2017-11-20 17:27:00.0,vSensor2
a251209e-eac3-4148-9a2d-11cd128694b7,5065,18,2017-11-20 17:27:00.0,vSensor2
a36f5fe4-3757-42c4-9d45-ec9ed0123f70,3100_5,55,2017-11-20 17:27:00.0,vSensor2
a3e6b4d9-2279-497c-9a3e-f58a2001700f,1434,24,2017-11-20 17:27:00.0,vSensor2
a4e95eb6-aad5-4fef-9954-28f45931b07d,3082,90,2017-11-20 17:27:00.0,vSensor2
a5434e87-7df4-4978-bb10-1b99ad61a434,2202,7,2017-11-20 17:27:00.0,vSensor2
a5948b93-67df-42a2-a5f7-dfd6fbfe4f68,4099,72,2017-11-20 17:27:00.0,vSensor2
a5e3e0fe-708e-4292-86ef-f17534ae10c9,6084,100,2017-11-20 17:27:00.0,vSensor2
a63936b2-a72c-4dcf-9660-acc244e4ebd9,1403,73,2017-11-20 17:27:00.0,vSensor2
a6b3c319-ac2f-49b8-88a7-cd2de1680f03,6068,86,2017-11-20 17:27:00.0,vSensor2
a757bd94-b6b3-431a-87eb-1e9f8df8682f,5234,63,2017-11-20 17:27:00.0,vSensor2
a88cd9d3-6d19-4e4a-942b-d21d8c9d8f5f,5061,7,2017-11-20 17:27:00.0,vSensor2
a916b31e-d4eb-4d13-8374-79e7246df0d3,2100_2,4,2017-11-20 17:27:00.0,vSensor2
aa76cb40-d482-4030-83ff-cc26b58655c9,4054,76,2017-11-20 17:27:00.0,vSensor2
ab313e46-906e-4d2d-919c-7ad80d04fed8,2058,21,2017-11-20 17:27:00.0,vSensor2
abb60b33-3bde-4329-be82-cb2de9e0caa3,5092,64,2017-11-20 17:27:00.0,vSensor2
ac1319d3-4bb6-4368-9964-063336086f3f,2026,3,2017-11-20 17:27:00.0,vSensor2
ac15e006-9500-4c13-9957-1e1fb5429002,2044,42,2017-11-20 17:27:00.0,vSensor2
ac41dab8-9879-41e7-8099-a2c56eb02c61,5081,88,2017-11-20 17:27:00.0,vSensor2
ade1569c-e4de-43e7-b7a4-82f48c39e9b2,6029,46,2017-11-20 17:27:00.0,vSensor2
aeb7a1ed-9398-41a6-9a0c-73b600dd34ba,3100_10,13,2017-11-20 17:27:00.0,vSensor2
af848610-deaf-4e16-b05e-5338e28e13e7,2059,95,2017-11-20 17:27:00.0,vSensor2
afce2360-1c9a-438c-913e-a19aa0576e6e,4100_10,56,2017-11-20 17:27:00.0,vSensor2
b0883b10-12b1-4818-bfef-efa2d1994735,1200,88,2017-11-20 17:27:00.0,vSensor2
b09e2c2a-8e10-4ee9-a24b-8ad95ee83dda,5029,50,2017-11-20 17:27:00.0,vSensor2
b0cc25b7-3c0f-4fbb-ad54-3b6b4a35e85c,2091,61,2017-11-20 17:27:00.0,vSensor2
b18fc310-e570-4964-9965-7c7c99d1cf19,2219,45,2017-11-20 17:27:00.0,vSensor2
b273c98f-35ee-4747-a2f7-c520e2e0154b,2209,60,2017-11-20 17:27:00.0,vSensor2
b2fea63b-91a2-46e5-998b-518d10343117,5232,27,2017-11-20 17:27:00.0,vSensor2
b3026d77-1dd1-46dc-a197-a6abd729c11c,2056,87,2017-11-20 17:27:00.0,vSensor2
b4e96ee3-f230-4502-9ea3-fe605d52e9a7,2226,93,2017-11-20 17:27:00.0,vSensor2
b54088ce-f257-4e12-9ca9-087cc3675d48,1431,80,2017-11-20 17:27:00.0,vSensor2
b5f8c3a3-547a-478a-b716-4fd24ea06888,1433,19,2017-11-20 17:27:00.0,vSensor2
b664632c-d9c3-4538-a39c-a5afc96c5ec8,4222,96,2017-11-20 17:27:00.0,vSensor2
b68e47a9-8934-41bd-aad6-fa51a755886d,1600,78,2017-11-20 17:27:00.0,vSensor2
b726a5c2-396a-455a-9389-5eaa9890b33b,2100_8,61,2017-11-20 17:27:00.0,vSensor2
b7723548-e3c1-4cca-86cd-2b98f709dbc9,3228,33,2017-11-20 17:27:00.0,vSensor2
b799e8e7-63c8-49d1-8d37-d57a013e9483,5214,43,2017-11-20 17:27:00.0,vSensor2
b8553d8c-3768-4d13-bc12-cbbb0e9489b4,3004,16,2017-11-20 17:27:00.0,vSensor2
bbfc9484-3068-4477-a48d-35ab53452e8a,2082,48,2017-11-20 17:27:00.0,vSensor2
bd1e6b47-95e5-4c38-8357-467b2d56585a,5019,94,2017-11-20 17:27:00.0,vSensor2
bd2f1015-b292-43ee-842c-454dfcc53284,2066,68,2017-11-20 17:27:00.0,vSensor2
bdb7ba88-c7ca-4616-b799-f34ad7a904db,3064,12,2017-11-20 17:27:00.0,vSensor2
be0b99c8-b571-4919-b01a-2a4623ab48cf,4211,52,2017-11-20 17:27:00.0,vSensor2
bea1da60-5c9b-4bd3-8873-6c04b86b32d8,3216,14,2017-11-20 17:27:00.0,vSensor2
bef3b177-619b-4ef0-953e-5dda361826b0,2011,51,2017-11-20 17:27:00.0,vSensor2
c0ef1f8c-548f-4444-8270-eafa3f7b3888,3099,0,2017-11-20 17:27:00.0,vSensor2
c18ed70b-8391-4d8c-88c0-9955d8367f40,6048,93,2017-11-20 17:27:00.0,vSensor2
c1d8dd58-cfc6-46d3-9ad7-31731973c907,6219,7,2017-11-20 17:27:00.0,vSensor2
c256aa8c-f620-4495-ae2c-3c028c6b90a1,3013,44,2017-11-20 17:27:00.0,vSensor2
c2872b30-8ccb-4dff-a56b-3750432dfb44,2068,14,2017-11-20 17:27:00.0,vSensor2
c28823f9-5554-4405-a2ca-b118a4d07d26,5058,74,2017-11-20 17:27:00.0,vSensor2
c30cddf0-053d-4b55-b277-100ebd2382dc,2100_9,95,2017-11-20 17:27:00.0,vSensor2
c4bf3bbe-62a4-4ae2-b2ce-4d62dfc547da,5064,32,2017-11-20 17:27:00.0,vSensor2
c56b2bfe-5566-47e2-afab-a3694c4a8a66,2204,66,2017-11-20 17:27:00.0,vSensor2
c61bd125-3e59-42c5-82e2-ca9a56a4e78e,4019,19,2017-11-20 17:27:00.0,vSensor2
c6bf41f6-f12c-4c2a-b56e-feeda9d86239,4052,57,2017-11-20 17:27:00.0,vSensor2
c6f66712-f875-4f5c-838e-2a021b8a35ae,4219,65,2017-11-20 17:27:00.0,vSensor2
c7008d27-7b42-4181-92af-cfd8a2dcad2d,2051,77,2017-11-20 17:27:00.0,vSensor2
c7ff5728-e5bd-45cc-92a6-2e9e7b36fe05,5011,21,2017-11-20 17:27:00.0,vSensor2
c9630620-0dad-499a-9bd0-a56ace6fda67,4209,22,2017-11-20 17:27:00.0,vSensor2
c98a4c0c-66fb-43f1-b496-e1e4d64376ed,4004,51,2017-11-20 17:27:00.0,vSensor2
c9cfd1c6-4efe-44c5-bae8-1060e4b94b12,4232,17,2017-11-20 17:27:00.0,vSensor2
cb00b790-c444-437e-b293-0a84ef2e9c09,2084,87,2017-11-20 17:27:00.0,vSensor2
cd064f14-3ee4-4dab-ab4c-d6291cbec568,6051,1,2017-11-20 17:27:00.0,vSensor2
ce1736f8-c02e-4e6a-af1a-fd5a7796b692,2076,1,2017-11-20 17:27:00.0,vSensor2
ce4306bd-108d-4d65-ae44-7e81bd65f8bf,4059,21,2017-11-20 17:27:00.0,vSensor2
cf67eade-3748-428e-8540-32819cf76cf7,6013,27,2017-11-20 17:27:00.0,vSensor2
d0c4caa9-6280-4453-961f-e0a53a801644,5100_3,19,2017-11-20 17:27:00.0,vSensor2
d0d1d0d6-d709-4501-ae4d-1634c4742db0,4086,72,2017-11-20 17:27:00.0,vSensor2
d1fc3cdf-8a4f-49dd-8ab8-728641b03b79,2052,100,2017-11-20 17:27:00.0,vSensor2
d288483b-fc6f-45e9-bfe5-ea20a90c601f,2100_7,48,2017-11-20 17:27:00.0,vSensor2
d397aeac-ec62-4116-ba43-6b4cce5c059a,5086,67,2017-11-20 17:27:00.0,vSensor2
d3a3b91e-cf4c-4969-afbd-f88badf2bea0,3074,42,2017-11-20 17:27:00.0,vSensor2
d3a7506f-85a3-4be9-87a2-750d9f3656eb,6036,11,2017-11-20 17:27:00.0,vSensor2
d4e044da-391e-41a3-a582-5294c48b51a8,5088,92,2017-11-20 17:27:00.0,vSensor2
d52d11de-840f-4589-92b5-db5d27a15f12,4064,90,2017-11-20 17:27:00.0,vSensor2
d5e7eb18-4de0-4cf9-8a6d-6edd06282c54,5212,59,2017-11-20 17:27:00.0,vSensor2
d62baec5-ae19-4591-b60b-f991b052743f,2231,45,2017-11-20 17:27:00.0,vSensor2
d6d59c05-e77b-4cfa-a804-5dc89f68eb63,3065,89,2017-11-20 17:27:00.0,vSensor2
d7f23583-ba9e-4c3f-95a4-8e09b98cefb3,5100_1,56,2017-11-20 17:27:00.0,vSensor2
d8b2c1a5-3462-4080-844f-bebf397066d8,5042,69,2017-11-20 17:27:00.0,vSensor2
d8d0c0cd-711a-41c8-9823-12424811055a,3032,87,2017-11-20 17:27:00.0,vSensor2
d9be5570-f1d8-4a5b-9308-ab753e8eac13,3038,89,2017-11-20 17:27:00.0,vSensor2
da2dfbb7-8ea6-4440-94d4-4e90352173b1,5100_5,77,2017-11-20 17:27:00.0,vSensor2
dab8f2a9-0d8b-4e77-a6c2-8083c19ddc8b,3211,17,2017-11-20 17:27:00.0,vSensor2
dadd666b-8288-469f-988a-62920bef4df7,5208,80,2017-11-20 17:27:00.0,vSensor2
dd4b73a9-d4fe-408b-9d77-be6dc7672ce8,2208,27,2017-11-20 17:27:00.0,vSensor2
deba9e36-d14d-461e-b803-87866565be28,2100_3,83,2017-11-20 17:27:00.0,vSensor2
dedf2867-24b6-42e6-be3f-db2d8c3ce941,5209,19,2017-11-20 17:27:00.0,vSensor2
df233189-cd99-4af3-888b-c28d2582ddcf,3042,21,2017-11-20 17:27:00.0,vSensor2
df9b10af-9e3e-431b-a797-9257d5492109,4072,20,2017-11-20 17:27:00.0,vSensor2
dfa19b6b-8c53-4ea4-8ddf-3ba71b282a66,6019,55,2017-11-20 17:27:00.0,vSensor2
e0075c23-a5a5-481a-ae71-d89f921a287b,4069,26,2017-11-20 17:27:00.0,vSensor2
e173fb39-d1e1-431a-a5a9-1a49ccf0f088,5008,40,2017-11-20 17:27:00.0,vSensor2
e29c2467-1a6b-429e-a1ea-70236e645c73,2002,16,2017-11-20 17:27:00.0,vSensor2
e4dbab7e-069d-41f0-a67b-b579e860c007,4231,52,2017-11-20 17:27:00.0,vSensor2
e57ba755-cc3a-40f7-aad7-8d7d25cc10b4,4243,12,2017-11-20 17:27:00.0,vSensor2
e652fccc-45cc-4017-846f-90613975f3b9,3100_6,21,2017-11-20 17:27:00.0,vSensor2
e65a17be-b811-4f61-b831-f2dd29faa7d3,2089,65,2017-11-20 17:27:00.0,vSensor2
e67c1480-8bb0-42ef-872b-c99bb1ceb744,3002,21,2017-11-20 17:27:00.0,vSensor2
e6e67cbd-ebe9-46d6-8cad-9ca4d61caada,2013,28,2017-11-20 17:27:00.0,vSensor2
e8bff4e3-5a90-441d-8135-f873ad6004b0,4029,58,2017-11-20 17:27:00.0,vSensor2
ea3aa90a-846e-452b-8155-9fd87d17fe45,6082,36,2017-11-20 17:27:00.0,vSensor2
ea9b45be-c340-4dde-b689-de3ff4848e92,3062,25,2017-11-20 17:27:00.0,vSensor2
eb343704-68d3-48de-9cd0-6a147fb2b3f1,5100_6,93,2017-11-20 17:27:00.0,vSensor2
eb577062-3118-4c48-9641-7f6860669e11,5039,81,2017-11-20 17:27:00.0,vSensor2
ebe4f334-5ae6-470e-905e-ec0946af8612,4228,17,2017-11-20 17:27:00.0,vSensor2
ee673b7b-c952-4c52-b972-384a5793cab5,2224,9,2017-11-20 17:27:00.0,vSensor2
eed7335b-4a3a-4b68-a4f4-86c404050c1b,2099,70,2017-11-20 17:27:00.0,vSensor2
efec325d-d495-4aac-b645-8db106f5a3cb,4224,4,2017-11-20 17:27:00.0,vSensor2
f061ce01-74e6-4bd7-b821-bb69f120c241,4044,25,2017-11-20 17:27:00.0,vSensor2
f09c042d-2f02-4d6d-b883-0dc6e178ed26,4058,47,2017-11-20 17:27:00.0,vSensor2
f0e69c7d-0dfd-4e87-9313-589660f03039,4039,93,2017-11-20 17:27:00.0,vSensor2
f13386a8-a3fa-41fc-80b1-0a7948bc0d15,2039,71,2017-11-20 17:27:00.0,vSensor2
f25f52d8-585e-44f0-acaa-53abad4518b6,5076,9,2017-11-20 17:27:00.0,vSensor2
f2690548-7de3-4068-a00a-6630d7c5b3bb,6076,8,2017-11-20 17:27:00.0,vSensor2
f273fc8c-3108-4cbc-8e7e-a5b477b82942,4100_9,0,2017-11-20 17:27:00.0,vSensor2
f35c1d6a-a85a-4782-8e22-3358af1289f9,2028,45,2017-11-20 17:27:00.0,vSensor2
f3bb4136-32c2-4742-a47e-945d4d68862e,2243,32,2017-11-20 17:27:00.0,vSensor2
f446d523-a4e1-4b01-aab9-d41a37045d93,6028,7,2017-11-20 17:27:00.0,vSensor2
f4675722-37c7-4429-a62d-e3ee85766ac4,4100_1,13,2017-11-20 17:27:00.0,vSensor2
f4925437-8bf6-4cae-a129-ab6936210a9c,3100_2,91,2017-11-20 17:27:00.0,vSensor2
f52a3df9-36e1-494f-9def-2058a5b881df,6064,36,2017-11-20 17:27:00.0,vSensor2
f55c8c0b-41a0-4345-9dc6-ceeb45b2c39d,4100_2,67,2017-11-20 17:27:00.0,vSensor2
f5d02bcb-be61-46f4-a100-23989bedfe04,3084,37,2017-11-20 17:27:00.0,vSensor2
f6d227d4-9801-4be7-9670-091ed3b341ad,5062,94,2017-11-20 17:27:00.0,vSensor2
f756bdbe-4c19-43ba-bb57-ba01765dac54,3241,37,2017-11-20 17:27:00.0,vSensor2
f81905fe-a0bf-491f-843f-5867173152cc,2062,18,2017-11-20 17:27:00.0,vSensor2
f8461f26-ab2e-471f-94c2-9d589572f1d4,5089,59,2017-11-20 17:27:00.0,vSensor2
f91b121f-fc10-4315-9c86-a89efe50709a,4081,80,2017-11-20 17:27:00.0,vSensor2
f97df548-5bb3-4bd5-9ab1-642a8bcfcc73,5228,24,2017-11-20 17:27:00.0,vSensor2
fb2be5c9-6675-49d0-b02c-aea46a655cf1,1100,66,2017-11-20 17:27:00.0,vSensor2
fb962a3e-5d37-4d2c-b56e-378884f08bfa,6072,36,2017-11-20 17:27:00.0,vSensor2
fcc561ab-e574-4052-bdc6-92f62c5a7d18,3048,65,2017-11-20 17:27:00.0,vSensor2
fd7402c9-1e95-4428-8278-017caa5b890b,2216,68,2017-11-20 17:27:00.0,vSensor2
fe98319b-db75-4378-9628-558de25fb667,3214,27,2017-11-20 17:27:00.0,vSensor2
fed284b4-23ef-4f1b-9fab-a5d0d37fc34e,6211,31,2017-11-20 17:27:00.0,vSensor2
