02ad1496-d8f0-402e-be0c-d98884a27aec,60,2017-11-20 02:34:00.0,019a7278_0e95_48a5_8103_b301e149ca8c
058112c1-1792-44ba-b139-84d1edca48c8,71,2017-11-20 02:34:00.0,80e5e97c_b8a3_4c05_b0bc_4cf7c9fd74ab
05effbc8-d651-4de9-8878-35185d9ee3e6,88,2017-11-20 02:34:00.0,57c5a2e4_bcb6_464e_b53c_dfad5b71d0c5
0802eb6d-8e64-497f-a5fd-4acf3cc5a29a,19,2017-11-20 02:34:00.0,255b8b2d_095e_4d9c_b82a_32a0bced8640
08915bac-a49b-4033-99e0-399d8b34d4ff,100,2017-11-20 02:34:00.0,aae1d3dc_3001_4e6b_be55_df5e86b7adc4
09d24c04-8114-48c8-a8a0-8907b8bf63a1,46,2017-11-20 02:34:00.0,12626405_4464_4889_bed9_9b371930598c
0abee324-a5d2-43a9-b133-6277108adb08,46,2017-11-20 02:34:00.0,13afe24d_0794_4d2d_a931_ae400591d9d7
0b8b33d1-d241-46e2-a87e-9b4681bac514,16,2017-11-20 02:34:00.0,bded0b9d_9808_43a2_bb89_e363d5d9d5ae
10766499-fe11-438a-b927-ce2f0d7715e1,60,2017-11-20 02:34:00.0,bb547f2a_f10d_4f0a_8eb8_0911445ce06e
127e9665-d315-4e32-82cd-0d03d4f7ff59,58,2017-11-20 02:34:00.0,980a3adc_a3a3_46a0_bb51_4674a1da0f87
14170b09-b95f-4e05-8de8-22aa816411e1,77,2017-11-20 02:34:00.0,6c5f08b1_627a_4791_be11_42b49dc81929
15326cca-6e1d-4d42-85fa-86e36c082e75,55,2017-11-20 02:34:00.0,39014de7_b857_494a_84af_eaef79ffa12a
1ae09715-2443-41ce-b240-db43f080688d,9,2017-11-20 02:34:00.0,ce9a5f4d_795e_4547_a7d4_ec37ac30cb8e
1b5bea51-c4fe-4f2f-ab29-7163e6c12c8d,29,2017-11-20 02:34:00.0,d83cce5d_195c_460d_b1f8_f6850be00990
1d5d3a5f-40ff-4218-98a5-cea7eb3baebe,66,2017-11-20 02:34:00.0,c55f7ed6_f56a_4625_b8bd_eeb3c0bd5c5d
1f5cb49f-347e-4199-bba7-59ce031129cf,71,2017-11-20 02:34:00.0,40fc50ac_93f1_4495_aaf2_e730bca02452
20b247d9-1b0e-4805-af92-bf2566b073f9,75,2017-11-20 02:34:00.0,dd5302c5_37c6_4ded_abce_adbbf7210e50
23e9135e-161f-4ea9-a5ce-4ea020379e89,58,2017-11-20 02:34:00.0,b9a4d009_ced4_484d_9f46_f30f2935dac8
2571ee1e-2cc1-463a-b298-955a3a48dd60,20,2017-11-20 02:34:00.0,f0375366_5614_4a90_8575_7dbbcd0b5179
259a52c6-e890-4b18-b875-cd9a154fceb8,90,2017-11-20 02:34:00.0,827a0168_fdf0_4d05_8ca6_712c32cae34c
261055b9-783a-46e6-b2f7-43ceab1020d1,45,2017-11-20 02:34:00.0,bdafa97b_b950_42e5_8338_3587b90923ee
2765f7e0-658a-445e-ba0c-5ba287ec395e,43,2017-11-20 02:34:00.0,98a3b942_c94f_4174_a803_398e4af5c47d
27eb8e63-5b25-451a-a6b3-7282c451be37,83,2017-11-20 02:34:00.0,d008cf16_4f43_4842_a9e4_19bae2e8d52b
2a097921-1e58-4e48-b3ff-58c42554843e,86,2017-11-20 02:34:00.0,022a7acb_3728_4912_9904_1d2a13e74a90
2b3ab7b3-ae8c-41f5-995d-b3cc9ea7f2a7,72,2017-11-20 02:34:00.0,efb8d06f_a46c_46b8_b8a8_29dd33b1da8b
2b3ba5d9-075d-456b-a6a0-506dcbf95816,79,2017-11-20 02:34:00.0,81e245cd_d3e2_4fd8_804a_88189318216e
2b769019-9330-4ae5-9898-d384f30140f0,69,2017-11-20 02:34:00.0,03041281_826a_45cb_b1da_0cab4730eb5a
2d5ff66c-7d18-4366-84d6-867fa381b0a0,63,2017-11-20 02:34:00.0,0547523c_972a_4b7b_a1fd_3842505df53c
2df53082-75c6-4216-9c33-a668002c8c5b,71,2017-11-20 02:34:00.0,38e3b1c5_ddad_4411_9983_14363606d11f
2e58a408-c849-406d-955c-af865e7db5a1,41,2017-11-20 02:34:00.0,871fd065_91dd_43cb_839d_447f3250905d
3045a758-2c51-477e-af3d-ca12476f6aaf,53,2017-11-20 02:34:00.0,bf5a2222_17cc_4c08_a024_0d7a78959b11
3177f81c-215d-409e-9333-ddb9e3fe647b,58,2017-11-20 02:34:00.0,3062d986_16f0_4473_9fe0_d1c61bfbe8a5
32105ca7-97ec-48a5-963d-3f66a5e7443c,95,2017-11-20 02:34:00.0,a8222c97_27b0_4823_b32c_cb84a05413a9
338766d8-f2e9-4f61-97f8-5c74e59de8f2,91,2017-11-20 02:34:00.0,af508f35_dd00_4dbf_9d64_74372acd284d
354f5aca-5584-49fe-9748-b282c76ed0d5,50,2017-11-20 02:34:00.0,480eea1a_07b3_48fc_82a0_99ca8b200372
3617ecb9-aaf4-4d3a-a661-db053e3fd579,26,2017-11-20 02:34:00.0,bbaa80be_92a8_4576_8150_b2f36659ef0c
3870ab27-774b-4e2b-b082-4fb6df00b7bb,44,2017-11-20 02:34:00.0,a88f71a3_3454_46db_80e8_e9416072f4c1
3bcece2b-5e8f-4344-a129-6e9a2b0280ab,94,2017-11-20 02:34:00.0,c40def21_35f8_481c_a5e7_dec9a483d8b8
3d36823e-3443-4868-ab26-0d85fa53b654,12,2017-11-20 02:34:00.0,ea5ad2e5_7ff6_46d9_b23d_8769e4744819
3d78c9ca-ff29-4299-b7f7-cdfb4d7eb960,83,2017-11-20 02:34:00.0,6264f2b0_2f66_4a41_b2c9_e036e8c227e8
3e9436e9-b024-4495-bf3a-a3d80a83e1bb,82,2017-11-20 02:34:00.0,535b165b_9fe2_46d0_9c20_11e38bce0366
3f256146-36fa-4221-9aa0-2216042abcaa,49,2017-11-20 02:34:00.0,00599d1c_8d64_474a_a94c_b22a84915847
3f2cca5c-49d7-408b-8599-e69d940040dd,21,2017-11-20 02:34:00.0,c5f1e50e_eca3_4757_b3ae_ac44cd4f1065
3f57b80b-18d7-4f4e-8e98-df4bf58e8e04,45,2017-11-20 02:34:00.0,5c331f3c_9332_4bcb_858e_a3a4ff8d3b89
3f5f1820-be95-4252-b1bc-3b570bdc6e05,46,2017-11-20 02:34:00.0,6596a2ba_f372_4712_b9eb_400f5ee6603e
40649272-32b6-4c1c-ab18-8f5455523f6d,65,2017-11-20 02:34:00.0,f75cfbd5_1368_471c_8482_a598f39bd412
41f66c49-3820-4b94-a459-6a53c7cb33ee,6,2017-11-20 02:34:00.0,eb1c6f1e_d1c1_40eb_b2b4_10379723fba5
42472d68-dae7-4381-98be-ec4e1b709bad,75,2017-11-20 02:34:00.0,4d9821b7_2797_4e76_8657_40c1b1d06c84
44511122-7aea-4d9c-ac04-17b49aadd7b7,80,2017-11-20 02:34:00.0,be392491_6302_4caf_99a6_cfb188206c8b
455ebb27-d3ee-4b68-8086-4a7c97268a3d,83,2017-11-20 02:34:00.0,5c519af1_3ce3_403c_867b_123656107e6c
46da629b-a8e8-4ec1-97a4-4dac3fe204c3,56,2017-11-20 02:34:00.0,4e64cf1e_ad63_4299_b422_4fb27bfb2dc3
46e9d3db-d179-4d49-b8d6-dcd81e7a02a5,18,2017-11-20 02:34:00.0,6d111af6_4387_4694_8474_7e741464283e
496cb2bb-0d8c-4f71-9726-0ee2efd55537,60,2017-11-20 02:34:00.0,b66c70bf_a144_40ca_b49a_4924c9c0fb6c
4a7fc265-b275-4742-aba0-8f40483955bf,50,2017-11-20 02:34:00.0,962c0bb8_d7ab_4a93_8cdf_19630075abf1
4abbc119-8c94-4652-b51b-e840fb156932,92,2017-11-20 02:34:00.0,aab00100_e641_46d6_a9a7_4823cd2561cd
4f700839-63e5-40aa-aa33-ac81d922d944,60,2017-11-20 02:34:00.0,e5cceb89_60e7_492e_b216_dc6b2f28744b
50b4d155-9fdf-42ae-a1c8-277e84bbf4da,13,2017-11-20 02:34:00.0,a57b0847_b141_42cd_bb60_35ba5de5ac2a
5101f716-5fc8-459d-a9bd-a858dcf74f34,87,2017-11-20 02:34:00.0,fbdd8c90_1de1_4082_a559_e46b34fceb3d
51a40356-3316-4582-9013-d1123c2cb378,13,2017-11-20 02:34:00.0,19714ecd_622e_4366_b8c1_11230dd42934
51d777a3-6bea-4be8-b89a-3c959ce66edb,14,2017-11-20 02:34:00.0,c0b21743_9523_4df7_8ce2_9dbcdf8bf7f8
51f02199-a3f3-4b6f-9a63-d0f9f578d486,54,2017-11-20 02:34:00.0,0940ca07_1e1e_4701_a07c_16782276e249
53eb7710-eb17-42a9-ae7a-241d0d9f2d09,98,2017-11-20 02:34:00.0,5900c4ac_80a1_4614_bba3_263853f9f31d
53fa85e3-501b-458b-b453-547254d3dd8a,24,2017-11-20 02:34:00.0,5a6287dc_fb56_4bd5_8021_e5bee03c6b0d
542b8895-3025-42f9-8bae-4bbe303246f6,67,2017-11-20 02:34:00.0,64554833_6783_43a8_95f0_c68888ca2d6f
57e11073-d61c-4d16-8526-f6a66ca3b93e,82,2017-11-20 02:34:00.0,cd7748b6_1e1c_40ba_b412_84391b40dec1
58587c7a-9801-4173-afb8-436da5dd8f84,59,2017-11-20 02:34:00.0,fd97a4d5_8b51_4fea_8908_b3b2c2b9951d
5929bf4b-5e72-4ff0-8a3c-5949f940fb20,1,2017-11-20 02:34:00.0,2858bba5_45c6_4c78_a3a0_92b2644f53eb
5f43a450-f696-4f4a-a718-cb22b4344be3,93,2017-11-20 02:34:00.0,d97f840f_1741_4163_bd76_2ac1c07079c8
5f5d318f-590c-4920-864d-61f4a9f3fc64,30,2017-11-20 02:34:00.0,d0680cea_c96e_4527_a30a_676fcac4b80b
5f7534ef-b651-4098-958a-3d0b4d9b1796,82,2017-11-20 02:34:00.0,f969cf99_17f9_4428_b8fb_6665586f89be
5f7e04d5-e36d-438a-bbe8-06c29ccc2bc8,55,2017-11-20 02:34:00.0,e37c8ec3_5d8f_4c03_808b_5f1f22c57d7e
613475dc-6b9f-4b7d-958e-ca062a631f00,16,2017-11-20 02:34:00.0,e9933270_7ce9_4b33_a1d9_1a59801e6d4c
61e2b1e4-407a-4839-928f-8bdc7f5f7cad,11,2017-11-20 02:34:00.0,063cae4a_9052_4835_8d99_545857915955
65cb9443-fab8-493e-ad65-58edd0ee8f63,79,2017-11-20 02:34:00.0,f4c31eef_8ca9_4331_8c36_0afd466ae791
6a8d00df-4984-4548-9db8-8ecf5b1e67a7,38,2017-11-20 02:34:00.0,fdab31b0_d610_4952_a9d8_48e9e96effda
6c29f46c-2f0b-4eff-8140-c98e965f67c4,51,2017-11-20 02:34:00.0,e557c71e_6610_469b_91fe_dd00d0703aec
6d028ebb-1510-4eae-872f-8758f2d67018,99,2017-11-20 02:34:00.0,3277451c_cde6_4bed_98af_74bf402f6acc
6e9b89ec-9344-4a64-a872-7da2dcf87ab5,67,2017-11-20 02:34:00.0,8b508d6a_f12c_4b93_91c6_8754271c2f16
6ed2a04d-adca-4aff-9707-7d5f050b5827,62,2017-11-20 02:34:00.0,9850d691_7266_4823_8ca9_78e66a486c9e
6eea3897-e5f7-4362-aee8-70a5faa35931,12,2017-11-20 02:34:00.0,d2115a7f_7f9f_4a93_b8b0_2fcec8249450
6ef1fcbc-a84e-4c98-b7ed-12eba743f535,96,2017-11-20 02:34:00.0,37e66386_02c6_4dbf_abf3_d83ed9fe6529
7014c50c-df2d-4180-b5e1-8ed19b9d85fa,72,2017-11-20 02:34:00.0,ce67d7b8_5e51_437b_8d4b_6801b9250e3b
711cc4ec-d315-4e34-848f-8db47a92ebc5,32,2017-11-20 02:34:00.0,b8d90367_a573_4460_b12e_00c2d8576603
71cc8339-a35c-4554-8814-39aeb06182a9,60,2017-11-20 02:34:00.0,99eec5f0_0665_4908_9532_e167e0041dc8
733e683f-4982-4f12-88d0-877bc98d655c,43,2017-11-20 02:34:00.0,1f375437_5c69_404a_9d0d_bd3c672dff42
761bebb9-30dc-41af-9d02-6acc928893e4,83,2017-11-20 02:34:00.0,a2686321_59a9_443e_bd0d_5827164cab9c
770431ce-8c56-4d57-a5ed-f7714a9f6320,65,2017-11-20 02:34:00.0,81441868_59bf_4cc6_a252_d9a430cb0a97
779c0c3b-ff6c-4187-8269-192640a95549,65,2017-11-20 02:34:00.0,3823a645_ce6e_47b6_be0a_49c34f4d6540
786180ca-4834-4fc3-a449-2ec17443bdf9,22,2017-11-20 02:34:00.0,e98a080a_e60e_4b77_8434_d0bedec31eb8
78ea1fdf-00f1-4bc7-92b1-f95289477797,65,2017-11-20 02:34:00.0,3a619d47_8bbb_42d8_a3a8_29bea8e63377
798a6814-937d-425e-ba1f-285d0ea09508,80,2017-11-20 02:34:00.0,6d2335b8_80f1_4e78_9f2c_fcc0775b1b86
79cb2745-6ae3-449f-9c5b-0c114ed7b1b8,53,2017-11-20 02:34:00.0,c54d3cc2_2f63_4f42_8e44_55afe8bb8722
7ccfed94-fce6-427d-91ad-21c03214d32b,85,2017-11-20 02:34:00.0,e57463cc_9135_4881_8776_f14c51f2d815
7e5aee91-0cf3-47fd-b6e4-29d35826b51c,26,2017-11-20 02:34:00.0,0c14f3cf_2c83_41fa_8a36_45abffc11f9f
7e9d3ebc-4ec7-4067-8555-9ab816ebe82e,51,2017-11-20 02:34:00.0,b2f709e1_0f76_48e8_b48d_d9e182c7a5ed
7f86d25e-ecc4-46ee-85f0-d97119062d4e,3,2017-11-20 02:34:00.0,ae05b6a5_c85d_4202_ac7b_cf818420e4e9
7f8c3ccf-cc07-43bc-88af-aa7aa8ca3e01,40,2017-11-20 02:34:00.0,07915b36_8e50_4fb8_85ec_4402eafa21e2
80d80674-2d77-48e7-9729-e6cc8539e7a7,47,2017-11-20 02:34:00.0,c9adccb2_e0dd_477f_995d_f9d3172063c4
879373aa-968d-4413-adb8-d1559f08c8c5,9,2017-11-20 02:34:00.0,8a99ff1d_2cf6_472a_b18e_eaa07db0bf83
88e46da7-a19e-4e91-a981-5244c43b62c1,50,2017-11-20 02:34:00.0,cb29ff10_02d6_4b90_9304_568aaee5edc2
88f038e4-dd87-4d8f-8c60-625e7e550fb0,91,2017-11-20 02:34:00.0,6592c824_2516_4be0_a2ca_da543a87e00f
89f99239-eecc-426b-864c-6d5f1123a26a,69,2017-11-20 02:34:00.0,fdb74469_3aa4_47e7_a2e0_5458788a3db8
8f5af9ed-16db-4fcd-b18f-6165705a84d0,77,2017-11-20 02:34:00.0,6c155b43_dd13_4e05_9c79_f2424fcf767d
8f6be435-7575-43b5-9ca1-6fb5daec631c,40,2017-11-20 02:34:00.0,8c7f4cbf_ef1e_45e4_a7e9_84665fd6b6f8
912a07fd-3f32-456c-a6be-e9db42037b58,26,2017-11-20 02:34:00.0,ef457648_84da_4f5e_8f15_fbfa199a4d87
97361d43-8ae5-49f3-b43b-be5f41921c0f,54,2017-11-20 02:34:00.0,a68251c4_658c_4ebb_85d6_65c12f3dff66
97f20993-591b-4c5d-a2a2-15d0da13bf83,50,2017-11-20 02:34:00.0,443b00de_523d_4b3f_bd22_7f8a17e48c71
999f5dbb-d524-47a8-9414-099c66e161aa,88,2017-11-20 02:34:00.0,67ce1238_189a_4dd1_bf1b_e6caa7b25cd2
9ae5b2b8-cd28-45ea-96b5-93bb1a511cc1,73,2017-11-20 02:34:00.0,ba7d9d30_4dd5_4e44_a863_39798c2f3ab0
9c2b78dd-ae55-42cc-8614-e4478d45fe1b,78,2017-11-20 02:34:00.0,55191624_1757_490a_b4da_c088b53feefb
9c3e7c19-bddb-48c5-8ca9-9bf341dc4472,75,2017-11-20 02:34:00.0,812c7beb_5be1_4d05_9b09_c545a20ff8cd
9f29c08f-4a55-4735-befd-85cfbf57accc,34,2017-11-20 02:34:00.0,6f876e70_ad97_4d4f_a414_3475c0bfc83e
a0d04699-f6af-4284-9bf2-6a24b0a2d35e,55,2017-11-20 02:34:00.0,b43cb9a7_d5ca_419a_aca9_26bac424b655
a5e6a8bd-78b0-41ca-90a2-e18d9a185bc0,9,2017-11-20 02:34:00.0,6888cd31_0273_4013_abb0_90a42c8225fb
a74542b5-0f3f-4e66-8b82-fe762281e9fb,33,2017-11-20 02:34:00.0,cb4a4d94_c0e5_4a09_bef8_0f5a4796ceaf
a7f37b03-8b5b-4bc3-abed-913ab2a643a8,27,2017-11-20 02:34:00.0,d6baa35e_5358_420b_ab84_44279978c636
ad9e0ac7-7888-440c-accf-010a651507f1,50,2017-11-20 02:34:00.0,37908862_b71a_4f79_bbda_6324545226e1
addceb58-059e-4ded-8262-fe9859da4a70,12,2017-11-20 02:34:00.0,66bdbcf9_b5c5_4aae_8237_17c247cdeac3
ae1757d2-0fa0-4ac1-9132-7855c776463f,24,2017-11-20 02:34:00.0,e3de810d_913d_4010_9b1e_606d26980a31
af2bfb62-622e-4fc5-88d0-54509fc6ed4c,42,2017-11-20 02:34:00.0,f8df3e20_b7c6_4204_8184_5e4716dd3725
b1c31a69-4d9c-42fb-9931-03c7ea535155,4,2017-11-20 02:34:00.0,0d95c39a_ba4e_4fe1_8a68_0d10ca556c44
b36ef6a7-2e9f-4783-8fbe-4b1c4003fed6,86,2017-11-20 02:34:00.0,b2eeba8b_51f8_48bf_88cf_99d25e0430db
b3902f5d-1b70-436a-a7f2-a3430577f352,96,2017-11-20 02:34:00.0,e482d15f_8f58_43c5_8223_23f2097c0a7a
b415397e-af3f-4328-95f7-ac9191d02809,4,2017-11-20 02:34:00.0,b9604ef9_7bb2_416f_8be9_84548022f3f4
b8443d24-0fbe-4f6a-97b0-ab154dd0936f,67,2017-11-20 02:34:00.0,d500a9d8_ec7f_45ee_b066_3c3f71cba1b8
b941cc20-0ab1-4805-9926-7d703ed97b57,52,2017-11-20 02:34:00.0,1cadbb1e_ccda_4fdd_bb51_21c3b3ccba34
ba995ed6-b6f3-45f0-b90c-d642c83e1cf5,67,2017-11-20 02:34:00.0,daba1604_e693_475f_bce9_add86339b2cb
bad2f3d9-1f35-4e27-bac7-beac20d6b8e0,15,2017-11-20 02:34:00.0,f8cb5b6a_ab80_40fd_8f94_962249e82f41
bb1d1319-e134-49dd-9d06-42e4392457b8,62,2017-11-20 02:34:00.0,a1575ada_436d_41d8_9fda_842d19ee1d09
bd15cbf5-45ce-47fb-bcd4-70fb33fa10b5,75,2017-11-20 02:34:00.0,d6a46a77_8716_4653_bc64_347bbccca4d4
bf1b09ff-5251-4a4e-9a2e-e6770b89e7a2,76,2017-11-20 02:34:00.0,a586c969_a92a_4086_b187_651cdf569dc6
c00e952f-18c5-4872-ad83-dfc375349801,43,2017-11-20 02:34:00.0,8c067e1a_8ba2_4d89_bf8b_264f4e2c8886
c1dd5288-d7f9-4007-a837-9fcbeb754a71,39,2017-11-20 02:34:00.0,285c6a7c_5130_45dd_b8b9_a74ee0977b6b
c3f171ef-1952-42e3-bff8-e192368b755e,95,2017-11-20 02:34:00.0,4ba48dd7_77be_4eae_b8ef_3d5537481db6
c4316207-63de-4b91-bf74-8982035b5338,59,2017-11-20 02:34:00.0,581cc3d8_0109_4ed3_9f8e_2cfbd0f334c3
c45ad967-0f2f-4e6d-b4a4-83c461a84996,50,2017-11-20 02:34:00.0,de0f6149_6a69_4041_9a1b_73fad3b24142
c63609d7-7d4f-42f5-adae-5f7ac52646af,4,2017-11-20 02:34:00.0,be56efe6_3ecd_4f36_b3bf_dafb5fad98ee
c8f6e020-5b65-47fc-a7f5-1dd38e4fb0be,39,2017-11-20 02:34:00.0,eaf00af2_cbdf_413e_b763_0da536c3d884
c8fba862-c873-4405-8791-11d4120eadd2,79,2017-11-20 02:34:00.0,b64a2459_0aa5_4d49_99aa_220601de4dab
c91971ed-300e-4596-a175-12e7f890d818,73,2017-11-20 02:34:00.0,f473e743_c314_4c1c_8822_946aa9eacd0e
cb230752-ade8-4bbe-97e1-21dccd9fccb9,21,2017-11-20 02:34:00.0,f45313e7_03df_460a_8000_46b1a41c23f4
cd8b0dcf-e5d0-40c8-91c2-179937f7c7b1,93,2017-11-20 02:34:00.0,24fb4380_12d6_4bd5_9766_ce3eb8498631
ce1ffe3c-d323-4eb6-a53f-227a53aa35fb,70,2017-11-20 02:34:00.0,2c8dfab1_26d2_410c_b185_141822a83ca8
cebb3bd0-cd84-4b30-8897-784d9c30aa5a,27,2017-11-20 02:34:00.0,c97b29d1_07e8_4e3c_b496_056ab08842f0
cfadac36-e6d7-4818-9cc8-b618a88bfd87,51,2017-11-20 02:34:00.0,3f48b51e_745f_4090_aca8_158f0b63b157
d0e3c66b-15e3-427a-8032-236afd89313a,97,2017-11-20 02:34:00.0,a13e581c_a625_4e69_8255_f8a0fe0760fc
d0f4b15d-cb1d-410a-bd13-7e6a6eaad5b0,100,2017-11-20 02:34:00.0,af3d5dfd_fdb7_4d47_9baa_ee2254a27c02
d230fda8-0813-43c4-9a5f-c7bd0bd01e37,37,2017-11-20 02:34:00.0,2de7c1f4_2aac_4dfb_b6cb_6a7729833b69
d3e1f66e-09c9-43cf-89fd-bd3b435ca912,54,2017-11-20 02:34:00.0,b1e9f29a_869f_4d2c_857e_cabfebe86b75
d47b3590-d3ed-4aff-b911-68e9cc43b883,21,2017-11-20 02:34:00.0,4d5da855_72ff_45dd_a95d_c8bbb52dc7ba
d484ab7b-89bb-457a-b6ad-f5f9b279daea,8,2017-11-20 02:34:00.0,85db2dd6_a069_4664_afa6_81db79392e26
d4ba4f91-9ee4-4034-8524-93dbc4c5e16c,48,2017-11-20 02:34:00.0,1de4dd4d_c54a_41a9_9295_e965e5ad8de7
d54bc385-7131-47e1-bf3e-622f49e0bb16,1,2017-11-20 02:34:00.0,9beafc1b_75cc_4b0e_93bf_8adc3548afac
d58c81a9-6985-478a-a3a6-b555c8ed7d0a,74,2017-11-20 02:34:00.0,f612bcf1_aab8_49ff_9c1e_7d04ba91b7a4
d647c367-5ca4-479e-a5c4-b292d150f161,84,2017-11-20 02:34:00.0,eb4a5b59_e125_41a9_89f5_e1628c256b6e
d843e2e5-e365-4834-8e25-350d7066d80c,29,2017-11-20 02:34:00.0,511d6155_1392_4928_bdeb_a898edfa2e67
da6cacf6-af99-4186-ba61-2fac034f5c9a,57,2017-11-20 02:34:00.0,c6d69e30_0d74_42d4_bd31_5fb511cc8bff
dc190d9e-d615-485d-b057-929741b52f1d,40,2017-11-20 02:34:00.0,a4c15e95_8e26_4075_8ab1_b515815b9e97
dcdf75d7-9ab5-43c2-a863-245505c8f92d,16,2017-11-20 02:34:00.0,67e23014_44f4_44fd_944b_ab2aa276882c
dd2a9971-b4c4-4d23-b233-eb0c47be69f1,28,2017-11-20 02:34:00.0,bdeb0aff_7730_45ee_bd43_c5d9836167a0
dd689a06-3af8-4ed2-bf91-0201df919c8e,78,2017-11-20 02:34:00.0,4e69c03a_fe2d_4a48_8cd0_8d4ab3f82b84
deea2e1d-d23f-4a4f-bc3b-596127d8e2b5,79,2017-11-20 02:34:00.0,dc721298_8129_4352_b06a_c892678155aa
dfff8e4e-38fb-402f-ab86-b0d7e9980e9b,1,2017-11-20 02:34:00.0,d7c558bb_91dd_467a_af6d_f7152cbf7d8c
e203631b-c34d-46a8-ae98-841c813fb09d,58,2017-11-20 02:34:00.0,d7fbbfb8_389b_4ee4_b920_91eb44950913
e29f8004-7b89-42cb-b74c-392cc26a3db6,28,2017-11-20 02:34:00.0,98974199_4548_4baf_9c86_6481dbfb58e5
e2bd292d-7905-475a-98e7-c3eb37184b55,10,2017-11-20 02:34:00.0,740d6010_def0_4581_a737_31e60bd59779
e3066d66-00b5-4524-b60e-959a6c6628cc,26,2017-11-20 02:34:00.0,042cf53b_6894_4408_b6f3_fbad0d349017
e53e4835-7229-49d2-8abb-a0fb53b835b5,43,2017-11-20 02:34:00.0,2b51c798_02de_4a63_adc0_95f2db1a7101
e54033ba-b6d7-4ddc-83eb-2eb7ad500a65,19,2017-11-20 02:34:00.0,394a7656_eaf1_484c_9680_f723c303cdf6
e7d854dc-c3e8-432d-9e12-38aae1ecec4b,72,2017-11-20 02:34:00.0,ac1c61db_ade5_4f2c_bced_7012ae97d79c
e8edb500-9348-44f7-83c7-15a0d6c3ad8b,55,2017-11-20 02:34:00.0,4a924d43_c91e_441d_ad98_685bbbc1640f
e9d4f2c1-500f-42bf-a632-5de827cd9ce4,32,2017-11-20 02:34:00.0,00f2486f_6c9f_4a82_8c8e_e14cb970f75b
eb444916-db45-4f9c-9828-daa53d63db4c,93,2017-11-20 02:34:00.0,90364693_b553_454e_b417_1487edc260d2
ec0888b7-3b84-47ba-904e-3eb65132f9a6,25,2017-11-20 02:34:00.0,d6e55a41_6130_4890_a586_f459bd82f662
ecb90403-3290-4377-a716-4dd0dd8a8a1f,25,2017-11-20 02:34:00.0,95d36f71_a270_4f56_b86a_16115a68ad9b
ecd22761-6d0d-427c-ae5e-a0c26847aff0,13,2017-11-20 02:34:00.0,84534a42_4a54_48a5_82df_1b8dc3327149
ed2a948a-5519-4f0e-b149-0e67caf0c0da,17,2017-11-20 02:34:00.0,f2c42896_081f_42b4_b243_9723224064cd
ed70ec52-7632-45d5-bdc4-5309feee58c0,10,2017-11-20 02:34:00.0,2b09c37c_5a17_4bcd_a1b9_2b8de1ab6ad7
eee2aad7-a58e-4877-9fba-099e6da11856,82,2017-11-20 02:34:00.0,3db916d7_2525_4ab2_b560_6d1c60ab4ada
f0792e09-80f5-478d-a7ac-ca7013f96701,39,2017-11-20 02:34:00.0,d95f7256_81d9_4295_b19b_c08591ccc7a9
f12bdf1e-da1e-4d94-8a3b-703a9d494ca4,95,2017-11-20 02:34:00.0,eff65918_faf2_44ad_9536_5be5b878925c
f282e6e5-423f-4c7b-8e56-fb6bae7d93d0,12,2017-11-20 02:34:00.0,63b93743_324a_4e98_b9b9_f15361694f1b
f349b21d-f5ae-4ec2-8232-cdd11b12d93b,24,2017-11-20 02:34:00.0,f31e3e90_b732_47fe_8d87_bdcf6f8db131
f44bc7ac-2533-4727-b788-13d31dd363e4,32,2017-11-20 02:34:00.0,89517de6_a520_47f1_b33e_eb485914b706
f4d7c9c8-28ef-4426-8853-749d2103c627,53,2017-11-20 02:34:00.0,dce8a700_d2a9_4077_84f1_3ac578611e1b
f6755347-236d-4ae5-bc58-971a0c988e4c,20,2017-11-20 02:34:00.0,695acc44_4c33_4ebc_93c0_e1f52ce29787
f6c20017-7359-4fc6-8ed6-c28386a403a7,56,2017-11-20 02:34:00.0,78945f14_0488_495d_b96b_f8954cdecf71
f7411b14-3418-4b02-8f34-b2c9afd9d3f2,17,2017-11-20 02:34:00.0,3f900cf5_87bd_47a2_ab79_536601fcd9dc
f7cd5a78-f7a2-460d-ab99-01c5906bbd44,94,2017-11-20 02:34:00.0,72417745_2457_4888_acb8_a0cdb1c73920
f84fea14-f0fc-45d2-b2c4-d6b40fb2217a,26,2017-11-20 02:34:00.0,165faeb7_6a8b_4463_bfb3_a19593c60806
f8aef0d5-a9d6-4990-bcbc-bbf9c35bc420,93,2017-11-20 02:34:00.0,dc1bf19c_60bb_46a5_9567_6586464169a8
f8e44ff5-7c49-4819-a48c-2e528f0cf3b4,64,2017-11-20 02:34:00.0,23cea3bd_83a6_4769_93ff_1fc6847f93d1
f934b75e-71bc-42e1-8c7b-5aafa26a2c12,41,2017-11-20 02:34:00.0,21cb0977_175a_40f4_ba22_69be4ef2e791
fc54e4da-90b8-4ad4-9a3a-204923c0d2af,60,2017-11-20 02:34:00.0,054989a6_8476_4c89_bf01_8afc0302d53b
fd60e96f-f5b5-4b26-835d-b4e2987afdde,13,2017-11-20 02:34:00.0,49f2c33b_3f44_4414_9ff3_a7ecf7cb9963
fd6f7f14-f0c9-420c-90d8-38d49578ad5f,27,2017-11-20 02:34:00.0,4d3a54ed_c61d_4b07_90d1_9651a1b2b1a2
fe43ea74-4daa-4291-862b-5722d94529dd,34,2017-11-20 02:34:00.0,24c0a2bb_9dee_4d58_9f10_7df41ac63afa
fecb5eaf-34f9-4637-bac6-9acc2409d705,32,2017-11-20 02:34:00.0,f9ca5935_b4b3_4334_8e19_5709b672cb7f
fefc73dc-6662-46ce-b46d-4b1b77e938ed,53,2017-11-20 02:34:00.0,f985f9d2_b877_4aa3_b710_5b872b375f12
ffd4068c-503b-4e50-9eba-4ab9ba41220f,11,2017-11-20 02:34:00.0,780de8c8_a852_4c8a_864f_89c89b97f1a8
