014c9dda-8bfe-4f2e-9076-e0331a28e128,0160530e_e7e3_4d79_bfe2_41c5100cd5d2,6092,2017-11-09 03:40:00.0,vSensor1
022e9a96-5bc0-47ea-bbf2-ce3b70070d00,fbb30985_e0c5_45b0_8c31_7ff2844cb8e6,5072,2017-11-09 03:40:00.0,vSensor1
04d816f6-72ed-4a8f-912a-c1249ba376f0,394b5d19_259a_460a_9712_62f75461e38c,4224,2017-11-09 03:40:00.0,vSensor1
08ab0adb-090d-49a9-a01b-afa1e6ebd230,aaaac9d6_81a6_4bf7_b521_a1e68a8886b1,2081,2017-11-09 03:40:00.0,vSensor1
09176d0e-f75c-4ccc-88a8-271574b6fa24,631a3fe9_1fdb_4826_904e_d289e31d5812,2202,2017-11-09 03:40:00.0,vSensor1
09e6ff53-7751-48ec-a2fd-5a1668a075fa,1f4c1ca3_fcd5_4806_84f8_591b17557ee2,3204,2017-11-09 03:40:00.0,vSensor1
0c1934d8-856f-4afc-ad80-bd39f669aa87,bf12b3e1_479a_4657_9c0d_c71f94e3b9ee,4038,2017-11-09 03:40:00.0,vSensor1
0f07a09e-6b00-4123-bd2a-0b1e402668d5,49ea1b58_b031_42d3_ab2a_c8a8d55b1b3e,1403,2017-11-09 03:40:00.0,vSensor1
11fbd926-4d9f-44dd-b345-ab4f731d61a3,2b694345_8f6a_4087_93f8_0ddc393804a1,5100_7,2017-11-09 03:40:00.0,vSensor1
12b29d0a-2ddd-4a82-aa22-60baccb557a4,e53d6ef7_e95e_4d4c_af17_5aed8163d7b2,2076,2017-11-09 03:40:00.0,vSensor1
12e6396c-69b7-4396-9a96-f4e6349b3222,65aac303_0e93_4bb0_a01f_b9cca950c3c1,5061,2017-11-09 03:40:00.0,vSensor1
12fc91c5-988e-435b-b73c-101ab1404147,2bffa818_9084_4e8f_a397_1f02a5d63f2b,3028,2017-11-09 03:40:00.0,vSensor1
13dcad0a-5e00-48d1-8403-4b7a0a5a6c41,d167f15b_c267_4015_afdd_f5bdd6699137,1403,2017-11-09 03:40:00.0,vSensor1
1581d4c8-ad06-433a-801a-e1a3e0b6036d,5bd53c41_8a0a_476b_aec9_014ac2ebe0f7,3062,2017-11-09 03:40:00.0,vSensor1
1651be27-0117-4b62-85a4-747a15789f0e,63878ce7_3d25_4cbd_be5c_28a324e0390c,3100_7,2017-11-09 03:40:00.0,vSensor1
17f09f65-552f-44e4-9940-08c87f53e522,f6fad9c8_1ddb_48b7_abd7_7844a87f77ec,5048,2017-11-09 03:40:00.0,vSensor1
185865a3-9477-4731-b8b3-0253437c990c,40e27fd7_c9d1_460d_9df8_b11716e04988,3092,2017-11-09 03:40:00.0,vSensor1
194099a9-c2fe-4115-bc71-662e695b1fa9,72beccc9_2c92_4909_ac2c_f3056bdfd25a,5241,2017-11-09 03:40:00.0,vSensor1
1a6e5a9b-04b8-401e-9d58-51315b9769e7,05dfe488_1c8c_49a3_b4a7_8ed618972df5,3038,2017-11-09 03:40:00.0,vSensor1
1a9b33ea-b44a-4bdd-b43f-86caa3e4dd0f,9fe35795_1414_4751_ad1f_57d8d1b78391,5032,2017-11-09 03:40:00.0,vSensor1
1ddf0c1f-b1e0-4715-b3b7-2a3a39f8a110,7949825b_5669_49ca_9056_0b80f541fab6,2065,2017-11-09 03:40:00.0,vSensor1
1fa08a2f-670d-45af-afce-53ef5ee0f1cb,19694605_ccb7_4361_9e23_365edb2c9348,4100_3,2017-11-09 03:40:00.0,vSensor1
2048b839-43ff-4d32-b5d1-1dbbfb085988,48af10c2_823a_46c8_bcb7_a0c7117a66b7,3082,2017-11-09 03:40:00.0,vSensor1
22b5a625-f794-41f8-afee-f08b3c83f4d6,f314c3ad_d734_41ea_b723_8b59abee491c,4216,2017-11-09 03:40:00.0,vSensor1
248f99b5-cf58-459c-9967-d3520609e2d1,b5bd0713_c3c1_4009_8459_4f50d4288f09,2241,2017-11-09 03:40:00.0,vSensor1
2550d723-f9c6-4f9a-a739-49ba9699d014,5d3c349f_e78b_425b_ae9f_3cf042daea4d,6086,2017-11-09 03:40:00.0,vSensor1
2a6bd04c-2e58-4ea7-b377-28b6a3bd957b,d12bd8b9_6cbb_4cd2_b172_0a318049ff61,2004,2017-11-09 03:40:00.0,vSensor1
2b632317-527f-487a-8cb3-aecba5c3a15e,65a5a855_c8d4_4ba3_8375_5ab373df101f,3029,2017-11-09 03:40:00.0,vSensor1
2be30ac4-66a8-4689-9532-4e5661310b42,b64b2819_fd95_4000_a7c9_707666d87c10,2052,2017-11-09 03:40:00.0,vSensor1
2f8f82d4-1f7e-4bd9-9d74-3d78d0bf74d9,58a2c899_7c1c_49ed_9898_83f874f5f111,5092,2017-11-09 03:40:00.0,vSensor1
3097df46-4f00-4f0f-bca3-49a1d0205589,295b3650_abab_4497_a745_b89c569b6344,3091,2017-11-09 03:40:00.0,vSensor1
35a88982-bdee-4c3a-8a8f-b6b1955af614,296764b3_721e_4512_aa88_a89bba805e06,4064,2017-11-09 03:40:00.0,vSensor1
3602aedd-f863-45f6-9e8f-f9d22078ba5b,ad37238c_da70_42ff_943f_4ff8fdf3ff56,3019,2017-11-09 03:40:00.0,vSensor1
39ad6a0c-2393-4c0c-a170-9bfc474d444e,22ba1a7d_4a0f_47dd_b827_362fa4d91d6a,4002,2017-11-09 03:40:00.0,vSensor1
39ccdf62-1afa-4cf9-8f12-70a1c64e54f5,a287a567_b9de_4251_9ff2_aada9f3bd68f,5100_1,2017-11-09 03:40:00.0,vSensor1
3be7d62a-6f09-478b-96c5-62736b66cbe2,1a2d0218_6f8c_474f_ba61_d37c46c21d6e,5029,2017-11-09 03:40:00.0,vSensor1
3d0090c3-bef6-4935-bf2a-f23c0b053b65,01ab9ca9_e3c8_4f81_8ab3_b16ccff099f9,5086,2017-11-09 03:40:00.0,vSensor1
3db9fd6e-f268-4ee2-bac7-4765409ea422,62e0cd87_e80d_4c8a_acbb_625280cdb9cb,2100_2,2017-11-09 03:40:00.0,vSensor1
3dde06d5-eeeb-456f-9af3-bf354cb74cd9,dd71060d_c36d_4329_a3f8_6b462a08e8f4,2065,2017-11-09 03:40:00.0,vSensor1
4021c2de-207b-40dc-a18a-e40d16e83a0f,d2f61ed8_258d_4304_a8f8_3c6f772b7cd5,3051,2017-11-09 03:40:00.0,vSensor1
40b84a95-822e-4343-b7e6-d41108261a45,f0edd9ec_bcc0_40ce_acf5_587d40986cef,4100_2,2017-11-09 03:40:00.0,vSensor1
40e241b1-adf9-4e4e-93f6-23196767b4ce,d51a9d31_b1a9_4f5f_bed7_ce826704de20,3100_5,2017-11-09 03:40:00.0,vSensor1
41ec4e58-0521-4631-8536-598ec795e6c5,8ff626b7_949c_4aee_b12b_b526f344cb1c,4100_2,2017-11-09 03:40:00.0,vSensor1
420b74cc-4c49-4a7a-aba3-5d8caabfeafd,913323e2_5a80_44e8_8286_4eaef50b5629,1427,2017-11-09 03:40:00.0,vSensor1
42311668-2241-4236-9d9b-beb3315cd6c1,12feb6a3_05c7_4350_872e_f7e65c1b65d8,5216,2017-11-09 03:40:00.0,vSensor1
42688028-a53b-4cb8-95df-98264c7f1ff6,9292c88d_88de_44cf_923f_b618938f904e,5209,2017-11-09 03:40:00.0,vSensor1
42bafb7b-e134-4494-9269-b721046ba9f1,b1e1113f_ff99_4dd9_9b50_63fa8463e55e,4092,2017-11-09 03:40:00.0,vSensor1
4587c4c0-bfa7-46bd-af48-2f518bf92889,4109d32a_6ae9_48e6_a098_e4ea2ce794bc,4100_5,2017-11-09 03:40:00.0,vSensor1
46c1b45a-093d-4d61-83fc-42632aa88f72,ddcb3fe9_ef41_449f_8fc0_7c86ea1852e0,6072,2017-11-09 03:40:00.0,vSensor1
4a8af0db-6254-4816-8f76-7ee3b5683f68,5aaa643a_4025_4755_9d35_c7c3c4522de0,2208,2017-11-09 03:40:00.0,vSensor1
4dd93bcd-2b8f-43ce-bfc8-73df5bdff252,2dffe273_d9d3_4f3c_b223_201cd85e2559,3100_10,2017-11-09 03:40:00.0,vSensor1
4e3e9dc4-2acf-4f9f-ab19-6d6f6e4bd37a,5041413e_edd1_4b8e_af53_9ed49e043997,6049,2017-11-09 03:40:00.0,vSensor1
4ed5b5da-a6eb-43c5-9c34-c92707f41815,c4ff4c68_0191_4da2_9083_2b5077aaf497,4100_2,2017-11-09 03:40:00.0,vSensor1
4fbbf700-8573-4177-bede-7e69112faedd,55b78530_ebeb_4984_9698_94ceb519d1a5,4054,2017-11-09 03:40:00.0,vSensor1
50864417-e7ad-4336-bcde-f77a4925fdf4,82cfd610_34b5_479b_8392_f51c18faf74e,3051,2017-11-09 03:40:00.0,vSensor1
51f299eb-b972-455f-946c-aff881440334,b3ada1e2_4bd4_4cac_b2f8_125b30c52a0b,4081,2017-11-09 03:40:00.0,vSensor1
52bdfafc-37eb-43a8-bfa5-cb4b336abaed,825c0e00_7980_455a_8ac7_a95a016fe5f9,4211,2017-11-09 03:40:00.0,vSensor1
53e68cdc-9233-40eb-a613-eafb9f55a96c,7d995557_6710_4544_8ac0_2069c8373333,3100_6,2017-11-09 03:40:00.0,vSensor1
5471092e-5098-4c08-8173-55601c2d64d2,0e44321a_c3c5_4976_a319_c6cb02a74b7c,5013,2017-11-09 03:40:00.0,vSensor1
56f3349d-6abd-4047-a6b3-f224c304ba8a,4b9fc4cc_31e4_42d5_80c5_d125a80d9036,1403,2017-11-09 03:40:00.0,vSensor1
58c2dd6e-107c-454f-a989-45cf087b84aa,1a4c3bcb_56a3_460d_9c60_2fc95fea09d7,5052,2017-11-09 03:40:00.0,vSensor1
597cd7bb-3b21-4832-96b4-9e7ff0164a3c,0b83493b_8e9c_4afb_891a_87f25417d691,3100_7,2017-11-09 03:40:00.0,vSensor1
5b7c1e46-2004-41c2-8f84-3cdc26baa15c,94e81690_40dd_4cad_898f_8d3c441837c1,3038,2017-11-09 03:40:00.0,vSensor1
5c4ae672-e984-402c-b8eb-f5daa13b093b,fd757659_3d3c_4373_adbf_99ed73f3e7af,5100_4,2017-11-09 03:40:00.0,vSensor1
5cb007ac-775c-4b98-aa99-015875bda9ec,331afb46_3190_404a_bea6_d3975a028478,3100_5,2017-11-09 03:40:00.0,vSensor1
5d20d724-f321-4ec2-822d-2da9dd084486,fcc0ad12_1d9f_4381_9954_f0caa3c1802e,6210,2017-11-09 03:40:00.0,vSensor1
5d4868f9-1974-478a-8b59-797d264db1b2,5dd0257d_f41a_4e69_8a88_680ba5de7ed9,5064,2017-11-09 03:40:00.0,vSensor1
5dcfc777-195f-4ac7-a522-bb2fef1db673,96f10bc4_3d8b_4602_853c_17d51bcbb93d,4100_3,2017-11-09 03:40:00.0,vSensor1
5f2888dd-ad4c-4dce-b358-30269c9ed5cd,01e88ad6_d422_44c0_b951_f309e87e314d,6046,2017-11-09 03:40:00.0,vSensor1
5f4e1d34-7d6b-4d83-81ea-fb013f7768e2,9910ee1c_1452_4944_a2eb_f2d9a68232e9,2066,2017-11-09 03:40:00.0,vSensor1
605a1bf1-a5fb-49a3-9832-12037cd39bf4,df850cd8_4bcf_4eb0_84bf_3cf04b3966bb,3100_7,2017-11-09 03:40:00.0,vSensor1
60c25afb-3cb0-475d-a1ae-fd84945b34b5,9d649975_303e_44de_83eb_de3270760510,4074,2017-11-09 03:40:00.0,vSensor1
60c88798-827f-4b9e-bc14-76486a6ccdd2,620878e1_5bca_41ad_9082_f4b73e06712c,5072,2017-11-09 03:40:00.0,vSensor1
6114f910-41f9-45cd-9b08-8eaec3dfa4ae,7c9890ea_f2eb_4ff5_86ad_56e929bc8a2d,4204,2017-11-09 03:40:00.0,vSensor1
67fc1877-2899-43fd-b7b8-9032febee9b2,09d0860b_9d67_46d0_97ef_dfda1813b0ca,1100,2017-11-09 03:40:00.0,vSensor1
6811e7f2-2a07-4906-9ceb-6aa567234b4f,082ef4f5_7b38_4cb9_b361_88a1b0b93d69,2058,2017-11-09 03:40:00.0,vSensor1
68623dc8-c56a-438b-9940-f1aae6131e73,a48b7fde_db51_4cf7_95bf_685890eae729,5072,2017-11-09 03:40:00.0,vSensor1
70968015-4b2b-461c-b6b0-8a6d7ad61f68,d52da2c4_ce77_4a9b_a943_188f8064bdb7,3026,2017-11-09 03:40:00.0,vSensor1
70d44e02-a0ba-48f7-a752-d5121a898ef2,4c3a3bc5_86f3_4ab2_8121_4e3de6d693f0,2062,2017-11-09 03:40:00.0,vSensor1
71a1553c-26ff-4347-bfe5-4589b7b56bbf,1fffd48f_ba52_4f83_b959_54bdbc1df97f,5211,2017-11-09 03:40:00.0,vSensor1
71fecd0c-bd01-41d5-bc7a-12f07d3f88fa,7d184d08_32f2_4b67_9f89_610ca06ff995,2054,2017-11-09 03:40:00.0,vSensor1
73a18dc8-9a25-4e1b-89f0-33bfc775dc2a,48399cbf_1b8f_47b7_a657_29ff4acf5ffd,6024,2017-11-09 03:40:00.0,vSensor1
7758d2be-975e-435d-b1e9-b8918877b895,c3e474c8_8a2f_4864_a144_6fd782b226db,2100_9,2017-11-09 03:40:00.0,vSensor1
799453b5-7e63-4b98-8dba-a437861f50b5,e4ea3186_140d_4d2a_9b95_4fffb0897fea,3221,2017-11-09 03:40:00.0,vSensor1
7ac34881-87a4-428e-8c19-29608d78a29c,5100ddff_5918_4538_a784_621fff615f2f,6029,2017-11-09 03:40:00.0,vSensor1
7b1b0ab7-126e-4025-9d33-398cb8d22e61,858a1b6c_89b7_42b3_b63a_17692d87f170,6076,2017-11-09 03:40:00.0,vSensor1
7eb00389-4b37-45a9-be7d-42cf7ce3107e,75af3b73_a523_4bee_99e1_f8023dcca8f0,5100_2,2017-11-09 03:40:00.0,vSensor1
7f6370bd-4436-4300-9be1-875812e4dec0,12d4fd93_bd8a_48f5_8476_8e411fb610dc,2222,2017-11-09 03:40:00.0,vSensor1
7ff3a23b-0622-41fc-a76f-f93c0cb31684,4eefcbbf_7f84_488b_937a_eea8c8b5af3c,2202,2017-11-09 03:40:00.0,vSensor1
7ffe7906-e947-4633-b779-3b790d0227a9,9401763e_7421_423e_8040_f7d126ba01dc,2051,2017-11-09 03:40:00.0,vSensor1
84c4e800-8603-4893-92b4-8e2d16054e2e,9b61910c_145f_486f_96b4_04763ef436e9,6066,2017-11-09 03:40:00.0,vSensor1
85c91668-d06f-464e-8a75-52d96e0bf65c,47ce0cbf_f7ef_417c_82bb_efb08d65ff9f,2243,2017-11-09 03:40:00.0,vSensor1
86212060-d40d-402e-bf22-9fb7cbfc313e,1ec40842_4065_45ba_a9aa_4c798bbb4bf3,5069,2017-11-09 03:40:00.0,vSensor1
876de786-3fa7-4940-a20f-0cc7c30f5eb6,6201e4af_4360_4b8a_a943_a6f92bf13129,2082,2017-11-09 03:40:00.0,vSensor1
894b354a-8b72-4b32-8137-69127d67dc82,28885237_c549_433c_95fd_b01778734a0d,3100_4,2017-11-09 03:40:00.0,vSensor1
898c2909-6087-40f8-b332-c497ae2b70af,79e3547a_52dc_4fdc_8590_0c31542baff8,3011,2017-11-09 03:40:00.0,vSensor1
89ea52a9-b9ca-4f86-9d5f-05e7b91de2f0,53f402ea_b714_44fa_b8db_358116c57b5d,4011,2017-11-09 03:40:00.0,vSensor1
8a90e689-6cc6-42b7-b652-fa3667b3fd58,ebec924e_7ead_42a9_8800_c1d8e6fbc9b8,3100_8,2017-11-09 03:40:00.0,vSensor1
8b2e6094-0d75-4fec-82a9-fbfdd5577794,0bce88ac_dea1_42b9_8b6b_f8312b2502fe,6088,2017-11-09 03:40:00.0,vSensor1
8bc833e4-e20e-41f6-b058-eefc348cc4f0,73271d19_99e2_4a3b_8b60_5ec2df9879f9,5069,2017-11-09 03:40:00.0,vSensor1
8d247d09-bff5-4d4d-8094-13d695b683fd,02b8d4da_f014_4d8e_b654_f37ff3225504,3084,2017-11-09 03:40:00.0,vSensor1
8d8475bc-28d0-46b4-941c-6c67714bf923,ed468009_7683_4857_851a_2f368e15e025,3044,2017-11-09 03:40:00.0,vSensor1
8e7e2c4e-e943-4e36-8412-12b0925d5fce,2562315b_fa4e_4fa9_89a8_4333a11cc91e,4209,2017-11-09 03:40:00.0,vSensor1
902152fc-8867-4ea2-88b4-d1f734a95c0b,68c5405f_dc8f_4189_97fb_725ea206b2b2,4089,2017-11-09 03:40:00.0,vSensor1
91f40289-9b10-49de-bcb0-3ae15d4a2953,1f2699dc_2b59_4bf9_8306_0690c4d9e3bc,3051,2017-11-09 03:40:00.0,vSensor1
94af484d-05f8-4adf-9ee7-de05ed678a87,344f05b6_6143_4fc4_8407_362dc48e3583,3100_10,2017-11-09 03:40:00.0,vSensor1
963938bb-845c-4ed6-8c76-8234496c99da,a51834f6_ab7a_405e_a0d1_d314eadc3499,6092,2017-11-09 03:40:00.0,vSensor1
96beeed6-b588-489a-9a90-5dbb44d6f2b7,user6,1425,2017-11-09 03:40:00.0,vSensor1
9b0d9c93-118d-4462-8476-c2cf1f73fda2,55bcbab0_9f34_4927_857c_0fb0c4819f18,5011,2017-11-09 03:40:00.0,vSensor1
9b9c426e-7b19-40fa-80f1-ce3fb77d5adb,06fb9ace_37e6_4dad_985f_334cc5f6f114,2059,2017-11-09 03:40:00.0,vSensor1
9bd72a55-e4e8-498b-ad92-fdeef1c3e02e,6153a598_20de_4703_ad24_4febb422c026,3081,2017-11-09 03:40:00.0,vSensor1
9ddebe43-5083-4606-bc14-e91854180bcb,886a13fb_91af_4189_ac9d_21d0290fdae6,3231,2017-11-09 03:40:00.0,vSensor1
9dfb6b76-0d95-49f0-82d3-d0f30e3d617c,f2f21821_74c6_4cb1_bd23_6913f72294fb,4044,2017-11-09 03:40:00.0,vSensor1
9e242bfe-bc07-47df-9d6d-57c3c4bc59a0,9b8ce7b2_f78a_40b9_8be3_bb0e59f123d0,6044,2017-11-09 03:40:00.0,vSensor1
9fd9f590-e6ce-4b8a-bdc9-eac360df87cf,da5fa33f_c2a7_4ee0_986b_939b78fb7cc5,2028,2017-11-09 03:40:00.0,vSensor1
9ffc339e-67c3-473c-8f32-b8b6f5a2842e,26efffcd_e798_41be_ad67_d5dace70b71b,2056,2017-11-09 03:40:00.0,vSensor1
a2cb9395-986c-44ff-ae2c-47e67abdbb64,a550062a_fb3b_48b8_a372_a9d1af680e72,3004,2017-11-09 03:40:00.0,vSensor1
a321e69c-6e28-4991-8e8d-0853d8b771f8,8cb1b081_2ed7_4aad_92e9_14c1681d401e,2084,2017-11-09 03:40:00.0,vSensor1
a338bdad-aa2d-467a-be75-85ec3180f65f,e2d2ee75_90c8_479a_a30d_ba1a9ad96067,3076,2017-11-09 03:40:00.0,vSensor1
a49b6a7e-0008-4793-ba6d-e60bbe274060,a90deee3_06b7_4a2b_a055_6977f46ff536,5089,2017-11-09 03:40:00.0,vSensor1
a528f906-4109-4043-922b-84ce6f3e271e,aa7d7ac4_4edb_4765_af79_90188a4fedf9,4086,2017-11-09 03:40:00.0,vSensor1
a666c5e4-621e-43b5-8d37-95deaafc95cb,14f7054f_b8ec_42d3_8997_e765c725affe,4074,2017-11-09 03:40:00.0,vSensor1
a8347c32-73dd-4d55-b158-c119a0485213,55215fa0_0e9e_4b55_b019_5f11f05c91ba,4054,2017-11-09 03:40:00.0,vSensor1
aab980d5-2d1f-4aa8-b80c-219f4888763f,7acd486d_5a0d_4aa3_a761_200f49993b94,2076,2017-11-09 03:40:00.0,vSensor1
aacd0cbc-fc5a-4ac0-9f00-d9d720b373b5,d8f81ab0_a3f5_42d2_83d6_e10539fa3648,4054,2017-11-09 03:40:00.0,vSensor1
ac02318b-8a8f-4c44-9e2f-b06ebd0562e9,130177e1_12a5_4647_82c9_1128060741e9,1200,2017-11-09 03:40:00.0,vSensor1
ad987fd5-b3fe-440a-a293-f3b4af192b30,a168a7e1_be04_43a2_8476_b3746c93eee2,2054,2017-11-09 03:40:00.0,vSensor1
aec2152e-3fb9-48c8-806b-06e527846a74,e4dee505_bd2a_4e56_ac56_a68df7a1f061,5216,2017-11-09 03:40:00.0,vSensor1
b06e6a84-1b2b-47fe-811f-23ab38082031,252ca0da_3f81_4952_bd73_a98ff716fb1f,3048,2017-11-09 03:40:00.0,vSensor1
b09d1d60-faad-4f50-b995-88f59b0f2ab9,92bba682_c7c1_40a9_a343_9142df63d93e,2039,2017-11-09 03:40:00.0,vSensor1
b118f428-af3f-4543-9131-98e1fb93f170,8c952bf2_099b_4332_893d_2a2616c32e9f,6132,2017-11-09 03:40:00.0,vSensor1
b1bc00ac-2ef0-4e29-b67d-2ce883b43d5a,cd7e1d38_e308_4b93_844f_9cd0c4dccc92,3069,2017-11-09 03:40:00.0,vSensor1
b2d9cc49-42b0-4788-8c5d-f1bad8f2c134,0383fb98_8f97_420d_b808_f52d17dfb4d9,2100_8,2017-11-09 03:40:00.0,vSensor1
b5d60746-0123-4626-8a4e-4957f57bb79f,5c5999f6_91f8_4145_a61d_279e86aac5d8,5206,2017-11-09 03:40:00.0,vSensor1
b62f4093-64d2-44fa-b962-395a8441174f,16115508_7cb6_47c3_bbb7_34e6630acf5b,2029,2017-11-09 03:40:00.0,vSensor1
b8d3e248-a387-4ae9-8959-aa37da49eec3,2dc56ebe_d563_44af_a0a6_cdb5e469d1cc,4068,2017-11-09 03:40:00.0,vSensor1
ba08ffde-3b69-47f1-b404-131c1342bd33,28afddd8_973f_498b_8b7c_e60b68e1a66c,3042,2017-11-09 03:40:00.0,vSensor1
bb8a50be-3a8e-47f4-8dd6-29f84e383886,0c3b183c_5b25_4829_9ff1_7a803c9d91a3,5052,2017-11-09 03:40:00.0,vSensor1
bc7bc737-d5d2-4c34-afca-e0f658579f8a,83eb1b42_6620_45fc_bb9a_866b3a9e88d5,2226,2017-11-09 03:40:00.0,vSensor1
bd6b06aa-6f17-40ac-acd0-7a8e532dace8,9c6b9ef5_0a04_4620_9799_d795b24f048e,1500,2017-11-09 03:40:00.0,vSensor1
bed90361-0ff5-4459-b4a6-a480f0f5681f,8eb19a5e_6a08_4237_9d8e_0614596dd726,4100_1,2017-11-09 03:40:00.0,vSensor1
c034b2bc-469d-4fc1-b14b-4df371844670,804b08bb_8e08_4b8e_99cf_5d601ae28e0c,6062,2017-11-09 03:40:00.0,vSensor1
c0631dfb-063c-4a09-bada-b2af508b8e1c,81ff69d6_649b_4bdb_badc_a04b391d3756,5026,2017-11-09 03:40:00.0,vSensor1
c11230a0-ea84-4cf8-baaf-3d8a1ac93e9a,273d8e63_f7af_4443_b60f_6caabc0d8540,6024,2017-11-09 03:40:00.0,vSensor1
c18ebdaf-1390-43c2-b2c3-461e49a5615c,60fef1be_5ece_4f57_be0e_ccd060edcbd2,4076,2017-11-09 03:40:00.0,vSensor1
c1e10996-9fe0-470c-8c4f-54480bd5fdf2,8fc4b884_7dbc_4efe_a480_b299bc2f84f5,4100_7,2017-11-09 03:40:00.0,vSensor1
c3404170-1fc3-45f4-a60c-3aca384a49aa,af621c0a_ffe0_4f0d_8045_f781a798aeb1,5029,2017-11-09 03:40:00.0,vSensor1
c35f69b1-df29-41a0-a5cd-10d5aacad5c9,20c027d8_9803_4410_9c63_64081ad3b952,5002,2017-11-09 03:40:00.0,vSensor1
c3a340a7-e792-42a4-b6cf-9ba9266114fb,0b9f6d73_9373_46c3_bc2a_775ac25420f8,2082,2017-11-09 03:40:00.0,vSensor1
c3ee1a5b-3c89-49ec-9275-c4babc772b4d,53c712fd_02b3_4b78_b66d_73a410819dd8,4044,2017-11-09 03:40:00.0,vSensor1
c67acf41-7af4-406e-a2bd-dc96e5d97c82,9d0d56b4_e08f_4411_91b9_f68e320a075a,3214,2017-11-09 03:40:00.0,vSensor1
c750cba6-259d-4cc1-9347-c87cd1614418,fcc39942_221c_4316_bd5b_6cd527761da1,6046,2017-11-09 03:40:00.0,vSensor1
c9396e8c-e210-4eed-83b5-e6e2dce7f8b6,e40d7ccf_7004_4283_840b_02b306e49f3c,5039,2017-11-09 03:40:00.0,vSensor1
cac6b6e9-a116-4e0d-a88c-0409f4f771c8,d29004fa_a8dc_4d48_b472_884616384883,4209,2017-11-09 03:40:00.0,vSensor1
cc950b41-9285-43c3-b655-af8f6d1b5dec,3d9bdd91_9c12_41d9_a3b9_5ade03e1c875,5066,2017-11-09 03:40:00.0,vSensor1
cd576d9d-74e1-403f-827d-c49ffcfd356b,d54eed8e_0e77_4662_9d3e_6931c0e96450,1403,2017-11-09 03:40:00.0,vSensor1
cdc98339-1f7f-4dc5-9351-3434fdb23280,2017e88b_2f3e_447c_8cf9_e715c7a32037,5224,2017-11-09 03:40:00.0,vSensor1
cdd10d2f-03a0-40d1-8bf7-b850a96b7ec7,073acb04_83c1_4632_843f_d67f656bebbf,5019,2017-11-09 03:40:00.0,vSensor1
ceb639f5-ca5a-4a61-827a-a4538e5b3587,12f9151b_f77d_4c40_aba5_bbf411b52c38,5029,2017-11-09 03:40:00.0,vSensor1
d0d0f476-67ef-4407-af4e-7dd710e120fe,77ac0d33_fee9_49f8_8956_9ed09de1f3a7,4039,2017-11-09 03:40:00.0,vSensor1
d1174615-77f6-43f6-a941-9c33f9147a58,88f46e0a_72b8_439e_809f_cad0338396a9,5206,2017-11-09 03:40:00.0,vSensor1
d17809a1-fb29-4934-88a6-e717c2b64d8c,0a64b252_8733_4ec2_9367_89b3f585336e,1427,2017-11-09 03:40:00.0,vSensor1
d1d91e28-85fe-4922-8b61-70bc65694925,6996838a_d626_4bf0_9e79_1c3aa8600c3e,3026,2017-11-09 03:40:00.0,vSensor1
d2238e56-d874-4aed-80c3-5653a62d5fe0,7952cdf3_2cdf_48d3_879b_76057f7ff009,4029,2017-11-09 03:40:00.0,vSensor1
d2be3276-1cbd-4b5f-9d63-18805611590f,user3,5054,2017-11-09 03:40:00.0,vSensor1
d2c50784-3d63-476b-b71e-568576df5204,78db91de_b953_4c4d_84fc_0bec10bc9448,5100_5,2017-11-09 03:40:00.0,vSensor1
d3279129-367e-4761-87d6-41be51ab8f75,f361db9e_c6e6_4b0b_90b6_dcdc1de783fa,3226,2017-11-09 03:40:00.0,vSensor1
d37559e7-c383-4e24-ba59-e3f9686d87a6,66bb0548_d546_4d0e_a17f_5a9c683d9c53,3076,2017-11-09 03:40:00.0,vSensor1
d42b2982-c980-4956-9ab0-ef4260c05e46,01bd73fa_9d59_4434_805b_67a9c069f7d1,5100_3,2017-11-09 03:40:00.0,vSensor1
d6d8830b-5c62-4922-ad82-8badadf8a70e,0745ea4a_e6b1_4655_814b_851aa2528861,3044,2017-11-09 03:40:00.0,vSensor1
d6fcb86b-931a-4b21-9b6b-05a9751c8cc5,8f075d14_e9dc_472f_a4a8_606e813c86c8,4228,2017-11-09 03:40:00.0,vSensor1
d7bb073b-6fab-4ffc-a984-8a0eb128ee48,523c021b_9746_4d37_aaf9_1098be255f3f,4214,2017-11-09 03:40:00.0,vSensor1
d852c3ed-28f7-46ca-a7fb-9214248b0b41,c3343fe3_d2dc_4d4d_941e_a6cffb1a6c57,5072,2017-11-09 03:40:00.0,vSensor1
d90fcb81-0d67-4a3a-8a5a-adc6d390e2c1,0e82c505_1043_4717_9d47_bd51c37bcabb,2204,2017-11-09 03:40:00.0,vSensor1
d9ca5cf7-ae1b-45ce-bec9-421e60123680,88a4b8d6_18f5_46bf_af66_c6bb3473e90b,4219,2017-11-09 03:40:00.0,vSensor1
da8e17a2-3a6a-41cd-af46-189827c29fb7,b8f16151_d470_4036_ad8d_feec7ad7db78,6068,2017-11-09 03:40:00.0,vSensor1
db4b717a-ec42-49cb-a360-07fa11153387,0b7d722d_7548_4982_8465_4420d1394015,6052,2017-11-09 03:40:00.0,vSensor1
db4d0016-bc96-4b1a-b472-217ec7e9dc61,71b70ef6_d6b4_4dcb_bcb9_bd7d4e01f9bc,4008,2017-11-09 03:40:00.0,vSensor1
dd2df077-93d5-4f5e-a851-46fd3f2012e6,f56f2a59_2762_4485_aa52_e387eaae1372,5100_6,2017-11-09 03:40:00.0,vSensor1
de336707-f378-4c77-8fea-19f00c4a4567,38b23355_4a7e_41c5_821c_8307ab353630,4048,2017-11-09 03:40:00.0,vSensor1
de4d358b-1454-4f57-aa34-62770770db59,dee8cd95_ef7f_4e5c_9909_4aba4da9cfac,2202,2017-11-09 03:40:00.0,vSensor1
df9a1b9e-9d89-49c4-98ca-c2fe59c8c9cc,fceadff2_1e24_4b50_832c_83faf31c01e4,1407,2017-11-09 03:40:00.0,vSensor1
e499269e-2736-48f8-bbef-94a8160abc6d,9a8e3aff_3f8e_4233_9855_7298cf56f67a,5212,2017-11-09 03:40:00.0,vSensor1
e5112aab-4dc0-4286-89b3-bb98e9e6f7d9,02074397_0556_441a_b3b7_4738c60945fd,2002,2017-11-09 03:40:00.0,vSensor1
eb01e2e8-8037-4e6f-8951-f1613c7e855b,c9da47c6_dd95_46e9_816c_2967cf85c9ad,5062,2017-11-09 03:40:00.0,vSensor1
edd659a7-0121-4a24-8b6e-770df4e86271,c2f4d125_0c72_486a_8a99_51e95b8e4c56,3100_6,2017-11-09 03:40:00.0,vSensor1
edde01d0-e58f-4720-be9b-b75be3d9f8a9,7d51b9a8_6ca0_4cfd_b6d3_0682e968d7e0,5243,2017-11-09 03:40:00.0,vSensor1
ee396ce3-eb32-4ae8-8d2a-b82af4961ae1,9504e4b4_c863_42d8_a93c_8a98649ce459,4061,2017-11-09 03:40:00.0,vSensor1
f075404e-ac87-4b60-8b17-72a386374531,9bf77914_e771_46ae_8697_6cd55d0e2652,5064,2017-11-09 03:40:00.0,vSensor1
f15a4887-988c-44c5-a608-0bc12d0bbd83,852bb39b_dc7d_4cac_9b8a_5d52b299b08e,3202,2017-11-09 03:40:00.0,vSensor1
f557144a-b7db-4653-90ce-6c3f36ddad58,276cfcf8_dfeb_463a_8b36_5b7bd75ad2dc,5052,2017-11-09 03:40:00.0,vSensor1
f7ebcefa-605d-471b-a965-044a0911f709,a8303d5e_c955_4816_99d9_9dcb8d78291a,4092,2017-11-09 03:40:00.0,vSensor1
fa0dbc37-2920-421d-b4e0-3bfdef5010df,9fcf0405_91bd_4d24_9606_3437f73cd25f,4208,2017-11-09 03:40:00.0,vSensor1
fcc3ac37-5417-437c-8db1-b3f5fd262751,6e6c62b7_1edf_46cd_a5df_ed048d7143f7,2051,2017-11-09 03:40:00.0,vSensor1
fd2b38ee-50ec-4c04-8a87-7ac03354e95c,b21008af_6e01_4cbb_8d7b_b9b78d302bc2,5091,2017-11-09 03:40:00.0,vSensor1
fd2d1d5c-71df-4e0a-bfed-b695d9fc7638,11581d37_d7ae_40ee_bbfa_ca1459e59c6f,4029,2017-11-09 03:40:00.0,vSensor1
fd4f286f-f3b2-463a-94b9-f3f7ff374bc2,00d5d14f_6585_44d3_9b2b_de50672aefb8,3054,2017-11-09 03:40:00.0,vSensor1
fd9739a1-553e-40a8-b61e-05d4306a9663,d8150d50_78a7_499c_9efc_6f3238375fe8,5209,2017-11-09 03:40:00.0,vSensor1
fdf9362b-b814-43a0-abe9-e69a3e9ed23e,dc51205d_693d_4de3_80ff_30a997c8cc33,2082,2017-11-09 03:40:00.0,vSensor1
ff30a9ab-ab72-4320-85d1-d7d41157e445,f483b6ce_e672_4fde_88fc_12d557e2d21b,3100_7,2017-11-09 03:40:00.0,vSensor1
