007ed37b-4cca-4bbf-ab66-777dd311d52f,2065,95,2017-11-23 11:48:00.0,vSensor2
0095807d-c90f-4a1d-b18d-fbe791fc2ff8,4052,97,2017-11-23 11:48:00.0,vSensor2
00abcc3d-75e3-469d-bc78-89375d159099,4061,17,2017-11-23 11:48:00.0,vSensor2
00caa793-3d22-4f01-80f9-f5d3b4e84674,3228,67,2017-11-23 11:48:00.0,vSensor2
01587d28-ce1a-43d3-a414-8396069504b4,2088,77,2017-11-23 11:48:00.0,vSensor2
01967147-e985-418b-96a9-165d70e1ae06,3206,83,2017-11-23 11:48:00.0,vSensor2
01a5556a-326d-451b-a06e-a7a34c34f5b5,4206,90,2017-11-23 11:48:00.0,vSensor2
02da781d-f392-4430-afe5-0fa54abb84ac,5032,54,2017-11-23 11:48:00.0,vSensor2
03484365-f8a8-428c-af89-6078a9368d89,6056,11,2017-11-23 11:48:00.0,vSensor2
04019d87-ac5e-48c3-b892-ae9a448b2877,6086,69,2017-11-23 11:48:00.0,vSensor2
05f11ea1-1c95-4eb7-ac45-b28e821baf20,2100_10,9,2017-11-23 11:48:00.0,vSensor2
06d96791-b4cd-4058-9ade-db81977c006c,4066,0,2017-11-23 11:48:00.0,vSensor2
07889ce9-4fea-4888-adbd-ce3c1c23a350,2214,63,2017-11-23 11:48:00.0,vSensor2
07a7de7f-d5be-48c1-b3fb-80f3a7f9194d,3044,32,2017-11-23 11:48:00.0,vSensor2
07ef223d-fbb8-4886-a552-e7b7b5eadd26,2032,74,2017-11-23 11:48:00.0,vSensor2
080c6fd2-f18d-4c68-81e9-b11741d29f5e,3052,41,2017-11-23 11:48:00.0,vSensor2
08b68874-487c-460b-bc58-34e08cb08800,2231,63,2017-11-23 11:48:00.0,vSensor2
09cb410d-4dff-46ba-8328-1bb0fa238b83,2051,20,2017-11-23 11:48:00.0,vSensor2
0aeabea3-6153-48c7-80a4-d3f622b52a53,3231,8,2017-11-23 11:48:00.0,vSensor2
0b20a437-06c0-41ef-b5d3-e234dc007ed3,4002,39,2017-11-23 11:48:00.0,vSensor2
0b363268-2279-48b1-8213-eeec3c635454,5224,42,2017-11-23 11:48:00.0,vSensor2
0b85c9c0-9f65-4919-8e47-e62f928e2e5b,2074,18,2017-11-23 11:48:00.0,vSensor2
0c1c898d-1b21-4d2b-9344-7d6af8ee5252,5039,83,2017-11-23 11:48:00.0,vSensor2
0cf6ab94-95f1-48e7-9354-a79c676a36ab,2002,14,2017-11-23 11:48:00.0,vSensor2
0db5b4b7-d7d9-43bd-bc32-575d3179589d,3062,79,2017-11-23 11:48:00.0,vSensor2
0f835b66-dc86-4939-9e9b-09de6c2e3344,3008,90,2017-11-23 11:48:00.0,vSensor2
1180f8a4-adcf-476e-97fd-dac1a4601b98,6215,82,2017-11-23 11:48:00.0,vSensor2
121b21f7-778f-4075-be22-0c5fa92aad5d,2039,87,2017-11-23 11:48:00.0,vSensor2
1295a9ee-bca0-494e-93ca-bbc20dd38481,5029,23,2017-11-23 11:48:00.0,vSensor2
13119e93-3e35-4cab-9765-3d6b6f299e15,1433,88,2017-11-23 11:48:00.0,vSensor2
133e44c5-40bc-4594-af5b-8604b00decb7,4038,51,2017-11-23 11:48:00.0,vSensor2
152b6367-a40b-4386-9f74-03aab8417c38,5028,3,2017-11-23 11:48:00.0,vSensor2
16f963a2-c465-405d-a0b1-37ff64db9293,3056,54,2017-11-23 11:48:00.0,vSensor2
18ff28b7-212d-4c81-bf67-498dc8244cdc,2234,64,2017-11-23 11:48:00.0,vSensor2
1a4abe09-7148-49af-82a4-1af2de63cff0,6064,39,2017-11-23 11:48:00.0,vSensor2
1c6eb781-ecda-4245-a24d-06ebc65f1bb1,3065,21,2017-11-23 11:48:00.0,vSensor2
1d772ca1-4b6e-4631-b1f8-45992ea72778,3226,83,2017-11-23 11:48:00.0,vSensor2
1d98f2ef-06b0-41c7-b121-7f0ab9d68f14,4065,55,2017-11-23 11:48:00.0,vSensor2
1e31f155-4b39-48ea-9d38-5c51f59c3bb0,3088,56,2017-11-23 11:48:00.0,vSensor2
1e5fef29-c825-460f-bb6f-e74af06dc1ac,1200,89,2017-11-23 11:48:00.0,vSensor2
1ea52beb-f2bf-4096-852a-5c524f3cb2c7,3013,33,2017-11-23 11:48:00.0,vSensor2
1eeb5bad-5248-4313-aead-5c0b852c22a9,2204,53,2017-11-23 11:48:00.0,vSensor2
1efc6731-e048-4107-91b2-9eb48dcc73e4,5068,25,2017-11-23 11:48:00.0,vSensor2
1f39f45a-df01-4b57-a37c-19643f087abf,5042,97,2017-11-23 11:48:00.0,vSensor2
1f4b4729-1f5a-473c-b912-b638b7f71cf0,3058,30,2017-11-23 11:48:00.0,vSensor2
208d3710-69c1-4708-8dc3-7447bd35e42e,2064,37,2017-11-23 11:48:00.0,vSensor2
20fb2790-d02f-4229-b62a-89359269e931,4216,89,2017-11-23 11:48:00.0,vSensor2
2109d4e1-881d-4fbe-985e-a0350c1af6ca,4062,46,2017-11-23 11:48:00.0,vSensor2
21f2b0a8-5d77-4f28-bd7b-a91cfa94579d,5100_10,64,2017-11-23 11:48:00.0,vSensor2
220455d6-a445-40b2-8522-caeb5fb0cef0,2092,78,2017-11-23 11:48:00.0,vSensor2
23724961-98c4-4e0b-9f44-79eb0f3a3882,5054,86,2017-11-23 11:48:00.0,vSensor2
24196b7b-fe94-4a3e-9a10-8d0eae9b2b97,6051,90,2017-11-23 11:48:00.0,vSensor2
25f2f671-c4d1-417d-99f6-d7ca0d075e38,5226,12,2017-11-23 11:48:00.0,vSensor2
26c8413c-9260-45e0-8fdf-b341fe209e5a,3209,23,2017-11-23 11:48:00.0,vSensor2
27a2c5fe-cfb7-486d-8cba-448da619e195,3084,9,2017-11-23 11:48:00.0,vSensor2
27cb8574-d093-4e32-9ef8-cb7975f39ed0,4013,70,2017-11-23 11:48:00.0,vSensor2
28136013-e936-4008-b797-73677117bc74,3004,63,2017-11-23 11:48:00.0,vSensor2
282c4ed7-5596-495e-b6b2-7309c398f1b5,2241,55,2017-11-23 11:48:00.0,vSensor2
28f53007-eda2-4dc1-8dd0-394ca07a1f0a,3082,77,2017-11-23 11:48:00.0,vSensor2
29804b14-048f-4d97-bdb3-6fbea08af267,2066,49,2017-11-23 11:48:00.0,vSensor2
29ca603f-6376-47e3-a095-27314fdd549d,2058,38,2017-11-23 11:48:00.0,vSensor2
2a712212-ad25-4432-a54f-b431dc8520cd,4100_8,56,2017-11-23 11:48:00.0,vSensor2
2a9c3dbc-f340-4847-a8ac-bb37ac55ae90,5062,18,2017-11-23 11:48:00.0,vSensor2
2aa944e6-b012-4891-929e-de102bee0a15,2100_3,62,2017-11-23 11:48:00.0,vSensor2
2ab2ae5a-33f9-4bc5-abde-4f0e9147edc1,6042,83,2017-11-23 11:48:00.0,vSensor2
2c936124-3950-415d-abea-4905f1071097,1500,72,2017-11-23 11:48:00.0,vSensor2
2ce4b5db-c62d-44f6-9a1f-26d7e80dfa6c,4221,75,2017-11-23 11:48:00.0,vSensor2
2ceb55a5-74c0-419d-996c-2daee18b1052,6026,78,2017-11-23 11:48:00.0,vSensor2
2e9835bd-465e-4320-9045-106d1736a459,6066,51,2017-11-23 11:48:00.0,vSensor2
2eb98edf-e7c4-4016-89d4-02ed59fd9268,2100_7,68,2017-11-23 11:48:00.0,vSensor2
2edd34e6-685a-431a-932e-48a5d2a3cfbe,4088,16,2017-11-23 11:48:00.0,vSensor2
2fb751ac-dfa0-45ee-9b83-b22df3200465,3100_9,25,2017-11-23 11:48:00.0,vSensor2
300c264a-bc1a-461a-9b47-9c1d788f430a,3216,3,2017-11-23 11:48:00.0,vSensor2
301a06bb-dbb4-418b-8097-cc0a919e63b2,2011,58,2017-11-23 11:48:00.0,vSensor2
30555d02-e5d0-4d9c-8a6c-0eb071999248,3241,67,2017-11-23 11:48:00.0,vSensor2
30bdb7f2-92b5-440b-a6f2-1dae5ac61f07,6019,56,2017-11-23 11:48:00.0,vSensor2
31325100-12f1-4d10-b6b8-c42af80ae641,3076,93,2017-11-23 11:48:00.0,vSensor2
319856c2-ef3e-4b25-9d8d-ca6ac3aa60d0,5243,89,2017-11-23 11:48:00.0,vSensor2
3315ece5-a8db-40bd-a4d7-9407a6307ecb,2081,84,2017-11-23 11:48:00.0,vSensor2
34779d1d-a509-4a1a-b8f9-97c26c38fed8,5058,18,2017-11-23 11:48:00.0,vSensor2
34aa818b-17ea-402c-994d-f4edc4c70519,6076,10,2017-11-23 11:48:00.0,vSensor2
3611f664-291e-473d-b240-9d5f5af239c7,4214,60,2017-11-23 11:48:00.0,vSensor2
3747846b-fd27-492e-af03-62bce97f4ca1,6036,51,2017-11-23 11:48:00.0,vSensor2
3791f13f-f11c-49a8-b9ab-0b8cffcef368,3069,60,2017-11-23 11:48:00.0,vSensor2
3c1ab75e-d7cc-4022-ad69-4148526bf057,1434,37,2017-11-23 11:48:00.0,vSensor2
3c5b5bb6-12b0-4026-80e2-fea0c55a0d57,6062,90,2017-11-23 11:48:00.0,vSensor2
3cbe96b7-e919-4ff3-81a2-b763a52d020f,5074,94,2017-11-23 11:48:00.0,vSensor2
3e4266e2-a6c7-49b1-875b-5619364555eb,2100_5,88,2017-11-23 11:48:00.0,vSensor2
3eeb0e12-24bc-4b5e-ae65-8efebf416e80,6052,17,2017-11-23 11:48:00.0,vSensor2
43877bdb-85a0-484e-95a2-17d175a6125a,5019,12,2017-11-23 11:48:00.0,vSensor2
43c09840-c238-4e54-94ba-88a856e0024b,6013,98,2017-11-23 11:48:00.0,vSensor2
452b6cc3-2984-4d9b-972c-c7c01bc2e987,3011,92,2017-11-23 11:48:00.0,vSensor2
455084a3-9e1e-4f2e-90de-084672658983,5026,90,2017-11-23 11:48:00.0,vSensor2
4616929f-f050-433a-8a05-fb888c492b64,4089,81,2017-11-23 11:48:00.0,vSensor2
46e716f1-662b-4477-8678-a0230b2a2658,1422,31,2017-11-23 11:48:00.0,vSensor2
47ba70f7-d2b3-4a67-be11-0d45f771bf7e,4099,11,2017-11-23 11:48:00.0,vSensor2
47c0d3a6-7b50-47d7-a58c-c8cd2b55a7dd,4056,32,2017-11-23 11:48:00.0,vSensor2
481e2bac-f021-4809-9178-cd782418c423,3059,6,2017-11-23 11:48:00.0,vSensor2
496379a8-e4e9-49bf-9558-264f4770e982,5232,44,2017-11-23 11:48:00.0,vSensor2
4963dd1f-a60f-426b-b2fa-79b3044fea41,4100_5,92,2017-11-23 11:48:00.0,vSensor2
4a429003-b8b8-4eef-b154-c79d9fedcfc9,2056,15,2017-11-23 11:48:00.0,vSensor2
4b29d7cb-d18d-4f66-929f-41d513686e86,2028,66,2017-11-23 11:48:00.0,vSensor2
4b39b4b2-cd0e-4c92-a060-76eef0a9a970,5100_5,67,2017-11-23 11:48:00.0,vSensor2
4c494b47-c5b3-4241-9cfe-11e780b79166,3100_6,51,2017-11-23 11:48:00.0,vSensor2
4d8f376f-c51b-453f-ba6e-0837e7dd22f7,5038,40,2017-11-23 11:48:00.0,vSensor2
4d943a22-e8e2-45be-9f46-110df813e32f,1428,11,2017-11-23 11:48:00.0,vSensor2
4f65b494-ee8a-4c63-8903-6291388a215c,4084,85,2017-11-23 11:48:00.0,vSensor2
503913f3-e79a-478d-9ecb-dc15b25cda83,4202,49,2017-11-23 11:48:00.0,vSensor2
50f5c342-e544-4b01-a412-ced18aa708f8,2091,52,2017-11-23 11:48:00.0,vSensor2
513268c1-6b08-4e64-9fe6-b726b3b1d950,4100_1,72,2017-11-23 11:48:00.0,vSensor2
5189eb19-915c-42d3-a3a7-d88143f94aa9,3092,7,2017-11-23 11:48:00.0,vSensor2
51d4647b-86ac-41dd-92fd-4a53a220a4d2,5081,89,2017-11-23 11:48:00.0,vSensor2
52f39b45-615d-4723-9574-fa1a744feb94,3054,11,2017-11-23 11:48:00.0,vSensor2
53785405-b295-4663-93c0-275ed9094a30,5002,70,2017-11-23 11:48:00.0,vSensor2
541c1a5f-1f65-4d33-9891-d47020344e8f,6039,43,2017-11-23 11:48:00.0,vSensor2
54c847ce-26e1-407b-92a1-7fc0e4354c06,1429,72,2017-11-23 11:48:00.0,vSensor2
55cdafa1-2d60-4e1e-9011-c8a729df9c02,5099,83,2017-11-23 11:48:00.0,vSensor2
5632c2bc-9b26-4390-8b36-796453ada627,3099,19,2017-11-23 11:48:00.0,vSensor2
5779db55-c6ae-431a-bb69-30e6fb11419e,2038,100,2017-11-23 11:48:00.0,vSensor2
5792b844-4f9e-4429-ab5f-07a311ac81b5,4059,65,2017-11-23 11:48:00.0,vSensor2
580e41bd-56f8-473f-926f-23a262a2ec06,2076,48,2017-11-23 11:48:00.0,vSensor2
592027b1-f4e3-4534-9afc-1f0681be34af,1431,14,2017-11-23 11:48:00.0,vSensor2
599034d8-3d7f-4bb6-80fc-c1ed0358baa8,4226,85,2017-11-23 11:48:00.0,vSensor2
59e51ee2-e77d-4654-89de-498f61d757f5,6132,50,2017-11-23 11:48:00.0,vSensor2
5a210b1b-220b-44a5-b98f-40549512ba62,4228,59,2017-11-23 11:48:00.0,vSensor2
5c604338-1e6a-4c39-84fc-595f31e7816c,2048,24,2017-11-23 11:48:00.0,vSensor2
5cc81653-4c7f-4514-9e1f-20af2b6fe6bd,4100_3,47,2017-11-23 11:48:00.0,vSensor2
5d295256-faaa-49f5-acb6-e6fcf5eeebe3,3202,58,2017-11-23 11:48:00.0,vSensor2
5e240ed3-90e6-4ef2-a75b-fc78d5737c74,3212,6,2017-11-23 11:48:00.0,vSensor2
5eb3fb8d-538b-4c43-ac92-fdeaa1a44a5f,6072,37,2017-11-23 11:48:00.0,vSensor2
6051f17c-d9b6-4551-80ae-17f8bddc9677,5008,71,2017-11-23 11:48:00.0,vSensor2
61c29f57-096a-4683-9bb1-981295da6517,5069,44,2017-11-23 11:48:00.0,vSensor2
62a0ec2e-c4f5-4cdc-bc7f-1fce0b75c9fa,5100_6,25,2017-11-23 11:48:00.0,vSensor2
62a859d1-3b42-44c1-8e8d-bde6222f9092,5100_1,59,2017-11-23 11:48:00.0,vSensor2
65547a1e-c198-4b65-b78b-9caa9e169fef,2206,14,2017-11-23 11:48:00.0,vSensor2
67b093f3-fcce-4947-9026-73af48a8de07,1600,3,2017-11-23 11:48:00.0,vSensor2
68b26788-f198-43f5-b423-5a4eae34e7fa,2100_8,38,2017-11-23 11:48:00.0,vSensor2
69cecaf6-da24-4073-b1ef-6b53473f2ba8,4234,71,2017-11-23 11:48:00.0,vSensor2
69d4ffc1-27fe-4d5b-a227-727ed5c8f73c,3019,49,2017-11-23 11:48:00.0,vSensor2
6ae36e35-0147-4fbd-8fa4-f53aa2488faa,5100_8,72,2017-11-23 11:48:00.0,vSensor2
6b6516d9-ad2e-4efa-aef5-5415fb4b83c6,4241,36,2017-11-23 11:48:00.0,vSensor2
6b76a653-be1e-4689-8348-1ecac0b3736d,4051,67,2017-11-23 11:48:00.0,vSensor2
6b8a4bc8-a519-4ea2-b85e-982d8cb66d1c,2100_6,73,2017-11-23 11:48:00.0,vSensor2
6b90aa19-2e37-40b7-b7c8-b4cc59f27082,5061,61,2017-11-23 11:48:00.0,vSensor2
6b9aee86-52ff-40b8-8eb6-4b71f15f7baa,2100_2,0,2017-11-23 11:48:00.0,vSensor2
6c04531a-2b4a-47ed-9637-9c8af6ff142a,4008,54,2017-11-23 11:48:00.0,vSensor2
6eb6fd3f-09eb-431f-808a-cc75f287dd28,6011,23,2017-11-23 11:48:00.0,vSensor2
6fdd4217-370f-4db9-bec1-d37742704ee7,5100_9,14,2017-11-23 11:48:00.0,vSensor2
729ec190-14c9-407a-858b-da93e60668f1,4032,85,2017-11-23 11:48:00.0,vSensor2
742e78d8-f995-4ae7-b97a-0d77dd348707,5100_4,90,2017-11-23 11:48:00.0,vSensor2
751336f5-55b4-4eae-9d51-ccdcd0a6037d,5084,74,2017-11-23 11:48:00.0,vSensor2
75551722-6e05-4231-b9c9-64e5c79bfb50,4081,23,2017-11-23 11:48:00.0,vSensor2
76ad6dc5-49e2-4888-8e94-7d1a8cf46dc5,1423,15,2017-11-23 11:48:00.0,vSensor2
7739c13c-1134-4e93-b0ea-d45a284cd5fe,5100_2,93,2017-11-23 11:48:00.0,vSensor2
777c33ce-16b6-4b67-b3ae-d2f38b78b881,4243,84,2017-11-23 11:48:00.0,vSensor2
779f7fc2-8cd8-4e70-a452-355959f64ca8,3091,22,2017-11-23 11:48:00.0,vSensor2
77f193d3-d475-4340-8cef-eb1248c7d4ac,2228,94,2017-11-23 11:48:00.0,vSensor2
78373b7b-7159-42eb-8681-9f71d9013f03,5052,79,2017-11-23 11:48:00.0,vSensor2
7a5e45e9-408f-4864-b2de-b443a78ac187,5100_7,65,2017-11-23 11:48:00.0,vSensor2
7aa711d6-671f-4dfe-86f3-c7a6bfb76822,2029,55,2017-11-23 11:48:00.0,vSensor2
7ac826ae-3dee-4a48-8c47-ebb86fc2bbb5,4091,25,2017-11-23 11:48:00.0,vSensor2
7b379c90-21df-4335-a7cf-70e5c5343a3e,5202,77,2017-11-23 11:48:00.0,vSensor2
7ba314cd-fcb3-424a-91d9-3e18371fae1b,3204,12,2017-11-23 11:48:00.0,vSensor2
7fbc309d-aa72-4efd-a9f5-746b825b73bb,6211,46,2017-11-23 11:48:00.0,vSensor2
810ce92e-5d6e-4eb6-9514-a3b284db3800,6029,94,2017-11-23 11:48:00.0,vSensor2
82ec1a4d-3395-409b-8a81-8310cddbc4fe,1406,38,2017-11-23 11:48:00.0,vSensor2
82f079fd-4f45-424a-b0a9-1e4bba3fad8c,2004,48,2017-11-23 11:48:00.0,vSensor2
830e1f49-9397-40bd-bba1-4f4cf25700a0,3051,53,2017-11-23 11:48:00.0,vSensor2
8321312b-8772-4bce-8204-c170812a8324,4086,11,2017-11-23 11:48:00.0,vSensor2
83b1689f-e775-4c7d-af88-cc0c6650f1fd,2089,13,2017-11-23 11:48:00.0,vSensor2
83e435b8-f945-404d-9e6d-98db9af3fe67,3081,75,2017-11-23 11:48:00.0,vSensor2
84b4decd-e40f-43c4-b864-93263a659ee4,4074,53,2017-11-23 11:48:00.0,vSensor2
84cbc3f1-0e0a-44cf-8cf1-1d9c9772950e,6048,33,2017-11-23 11:48:00.0,vSensor2
86050361-0678-4492-a0c5-2f9f756c9c5c,1425,80,2017-11-23 11:48:00.0,vSensor2
86aed386-7f07-4e6e-8065-104dc6165feb,4100_2,4,2017-11-23 11:48:00.0,vSensor2
86ef1d11-ee57-4bce-a15f-4188fcf445d7,3100_7,16,2017-11-23 11:48:00.0,vSensor2
88302999-64ce-4b83-966d-b7092747da04,4100_7,49,2017-11-23 11:48:00.0,vSensor2
8937fed3-2ccd-49f0-b12c-41809ef925d0,1407,43,2017-11-23 11:48:00.0,vSensor2
897dda0c-7010-4755-bc65-4938b47078ad,2008,7,2017-11-23 11:48:00.0,vSensor2
8acea9aa-62eb-40a9-a61d-197a74640608,5208,25,2017-11-23 11:48:00.0,vSensor2
8b3e25d1-ee3e-4d8f-9250-5c70a09434c3,4222,58,2017-11-23 11:48:00.0,vSensor2
8c92d97c-f421-4b23-8a92-10b565cd7eed,6028,23,2017-11-23 11:48:00.0,vSensor2
8c9f4008-c399-4736-8031-beb626b523f7,5088,82,2017-11-23 11:48:00.0,vSensor2
8da28e43-4a95-40de-9320-6a638523763e,4219,79,2017-11-23 11:48:00.0,vSensor2
8e1e9d68-b6cf-49b5-9af4-a626ac216d5a,3074,56,2017-11-23 11:48:00.0,vSensor2
8e95a344-a998-496e-b977-3738b3952ea7,4054,26,2017-11-23 11:48:00.0,vSensor2
8fe328ba-2680-4afc-9365-b1c9bcb2dc63,2100_1,2,2017-11-23 11:48:00.0,vSensor2
8ff87f6c-a1e1-4ef0-a793-40fda8da21b6,5051,93,2017-11-23 11:48:00.0,vSensor2
911590bf-107b-448e-a3b8-05ef7adda46f,2068,78,2017-11-23 11:48:00.0,vSensor2
91a8f39c-951e-4611-b7ae-bb092670eb9a,2026,93,2017-11-23 11:48:00.0,vSensor2
924c7e66-cba4-4217-ac1e-cd028c020b77,6088,3,2017-11-23 11:48:00.0,vSensor2
92b737f0-c56a-4be2-8fbf-afeac2a1576c,3068,11,2017-11-23 11:48:00.0,vSensor2
930ecfa6-e540-4405-a0ce-2d4f0915ef19,2072,66,2017-11-23 11:48:00.0,vSensor2
95409205-5cdc-440e-936a-bd152cc74334,2211,5,2017-11-23 11:48:00.0,vSensor2
97003337-1efd-4efa-8f7b-925819f313d6,4232,80,2017-11-23 11:48:00.0,vSensor2
971cf041-1147-4737-ba23-a5f8e733129a,5219,78,2017-11-23 11:48:00.0,vSensor2
9854bdbe-6cb0-47a3-8948-8d23cbfe7140,2219,5,2017-11-23 11:48:00.0,vSensor2
98e3c21e-a036-45be-b996-0623f967d95a,6046,57,2017-11-23 11:48:00.0,vSensor2
997ca456-e5ca-4711-8388-1f206cee38dc,4069,100,2017-11-23 11:48:00.0,vSensor2
998caf4b-54c6-4a6f-8d90-6a4935940023,5082,78,2017-11-23 11:48:00.0,vSensor2
99e22107-ce7a-454a-a1fb-a70a907054bb,3100_5,22,2017-11-23 11:48:00.0,vSensor2
9c4a74eb-bdfe-4cc0-8830-3525beb203df,5100_3,1,2017-11-23 11:48:00.0,vSensor2
9dbc489d-488a-4d39-a898-4e4a59677bd0,3243,57,2017-11-23 11:48:00.0,vSensor2
9dbc5ed5-1bc0-4ceb-9435-178ffce1ea93,3221,15,2017-11-23 11:48:00.0,vSensor2
9dfc3cce-8aa5-4739-b68a-e913d1ea6033,4039,67,2017-11-23 11:48:00.0,vSensor2
9e1831ee-4684-4723-b01a-cc0bca359328,2099,16,2017-11-23 11:48:00.0,vSensor2
9e2679a4-9390-45ae-807d-3c9513305764,3222,30,2017-11-23 11:48:00.0,vSensor2
9ef0d6d0-34f4-4654-8c09-868a16f324c8,4212,3,2017-11-23 11:48:00.0,vSensor2
9f56427d-0b30-4c81-8b57-702b5dfdd591,5228,6,2017-11-23 11:48:00.0,vSensor2
9ffcf29a-9c12-41d9-a5c1-7b4d5e871bd0,5044,5,2017-11-23 11:48:00.0,vSensor2
a0fd2790-ba06-4a34-9fd6-a58224406463,6074,80,2017-11-23 11:48:00.0,vSensor2
a558000d-f322-431f-b554-49c6bf15941d,2209,83,2017-11-23 11:48:00.0,vSensor2
a6319a67-3e3f-40b6-9c23-da2c1069aff4,6213,63,2017-11-23 11:48:00.0,vSensor2
a7258b40-9418-462f-9558-c1c5aba6863b,2082,0,2017-11-23 11:48:00.0,vSensor2
a89ed704-d801-45fd-bac6-b3e877d0d627,3086,46,2017-11-23 11:48:00.0,vSensor2
a8e3a287-cbe9-4444-8e7f-46618c47edd1,3038,3,2017-11-23 11:48:00.0,vSensor2
a9816d61-3a36-4846-b263-b377b257eff8,4092,50,2017-11-23 11:48:00.0,vSensor2
a9c8e072-e49a-4c00-9ff6-05a67a29cf8e,2216,19,2017-11-23 11:48:00.0,vSensor2
aa698ef9-41b7-4139-98c0-341aaa1869b7,3048,13,2017-11-23 11:48:00.0,vSensor2
ab1254c1-8af4-4a45-9ff1-aa17f362554a,1403,28,2017-11-23 11:48:00.0,vSensor2
ab683614-9704-4c38-a98a-2bb169fa1e38,2069,79,2017-11-23 11:48:00.0,vSensor2
ac194ba2-c459-4bfa-9d64-b36266a4f290,4068,57,2017-11-23 11:48:00.0,vSensor2
ac923713-5448-4292-a23b-689c154c19b9,4072,77,2017-11-23 11:48:00.0,vSensor2
aca4747f-68d7-4fdf-9236-45e099f2716a,6092,73,2017-11-23 11:48:00.0,vSensor2
ad6ea7a5-02e9-45e9-8ee9-11f3631150cf,6218,44,2017-11-23 11:48:00.0,vSensor2
adb50841-0be8-4bad-b38a-dbd7261fc72f,3232,67,2017-11-23 11:48:00.0,vSensor2
ae318b1c-487b-49a1-9eeb-ca774b020859,1427,63,2017-11-23 11:48:00.0,vSensor2
ae496a5f-e20f-4b38-aeaa-c15eefe51fb7,3072,67,2017-11-23 11:48:00.0,vSensor2
ae6094e4-7435-4d94-ae2b-721ce981f705,6136,61,2017-11-23 11:48:00.0,vSensor2
b0bf70d1-59bb-4921-a98b-6ba9cd867983,6044,65,2017-11-23 11:48:00.0,vSensor2
b10c0fa0-a75d-4ea3-9fa1-120c07ad183a,3066,60,2017-11-23 11:48:00.0,vSensor2
b14e3b1d-ffa6-41e3-9f6a-918aa93bf092,2202,82,2017-11-23 11:48:00.0,vSensor2
b368ea50-169b-4076-9847-010ffd253278,2243,41,2017-11-23 11:48:00.0,vSensor2
b3832987-a633-43bb-8ce8-75bb4a86d8f7,2232,56,2017-11-23 11:48:00.0,vSensor2
b4d910d6-262e-4372-a833-37ac81319be9,3026,39,2017-11-23 11:48:00.0,vSensor2
b4ff94bb-320d-4e70-8dd0-9fa3b6848780,5072,87,2017-11-23 11:48:00.0,vSensor2
b69f50df-3239-497e-89dd-4178fce67c5e,6212,93,2017-11-23 11:48:00.0,vSensor2
b7fd41ef-71a2-439c-9fc0-ab2359ee1064,2059,22,2017-11-23 11:48:00.0,vSensor2
b886e43c-2e7c-4750-9fa2-2a7086f9c6d5,5065,6,2017-11-23 11:48:00.0,vSensor2
b8f449ca-cbfc-448e-a6a6-94c320a6ec33,5011,29,2017-11-23 11:48:00.0,vSensor2
b8f94e95-365f-439c-85ce-c35666a417f3,2054,0,2017-11-23 11:48:00.0,vSensor2
b92d714e-c777-45c5-90cb-2fd7e12c1ea2,3002,53,2017-11-23 11:48:00.0,vSensor2
bacc6b79-0a16-4efc-8d1e-88b6c5b62f2c,5212,63,2017-11-23 11:48:00.0,vSensor2
bb7f96ee-cd74-437a-acd2-e7e1094a558c,4224,57,2017-11-23 11:48:00.0,vSensor2
bc3a9ca5-c672-4704-b827-24cc1667910b,4011,52,2017-11-23 11:48:00.0,vSensor2
bd4f0a7e-591e-4762-b33e-89eb292cc4f4,4076,1,2017-11-23 11:48:00.0,vSensor2
bdd11ab7-cfdc-4a1c-b8d5-1400974c97a2,6049,74,2017-11-23 11:48:00.0,vSensor2
be7fcde0-767b-49e4-b140-81ba77fe959d,3100_10,71,2017-11-23 11:48:00.0,vSensor2
be9c0c0c-4d83-4fd4-9607-48b5cf0f90fd,4029,41,2017-11-23 11:48:00.0,vSensor2
bf44883c-1012-4df3-90f9-e52973ea5634,6024,50,2017-11-23 11:48:00.0,vSensor2
bf752e9c-6e8a-442a-8ca5-416baf6016a5,2062,77,2017-11-23 11:48:00.0,vSensor2
c09d27fc-878a-4fa1-921b-b224f856220c,2226,96,2017-11-23 11:48:00.0,vSensor2
c1b9f09c-5f82-4b07-a114-a77ef7799d8b,2100_9,17,2017-11-23 11:48:00.0,vSensor2
c1bb6a97-cb61-4823-82ca-abe3cd8561a2,3032,71,2017-11-23 11:48:00.0,vSensor2
c281cca2-b75d-4b6c-9d83-fb9fd2881928,3042,28,2017-11-23 11:48:00.0,vSensor2
c4cb6fa3-50c7-409d-9951-0cb70d1db13a,4028,28,2017-11-23 11:48:00.0,vSensor2
c500ffc3-654d-4ab0-9db7-385f37e8735c,4058,31,2017-11-23 11:48:00.0,vSensor2
c66ebf57-d0b3-47e1-953b-2b58d1bc61aa,4100_9,27,2017-11-23 11:48:00.0,vSensor2
c7435b6c-952e-489f-82f1-7d77c5961c7e,2061,53,2017-11-23 11:48:00.0,vSensor2
c7df22fe-656f-4785-913c-732c19c6d1c2,5059,94,2017-11-23 11:48:00.0,vSensor2
c80b08bb-d4bd-4ace-979b-ec375a846829,3064,51,2017-11-23 11:48:00.0,vSensor2
ca801e7b-b715-4e8b-b359-43e02221e03c,2044,49,2017-11-23 11:48:00.0,vSensor2
caab9254-6a2f-48f9-b7b9-d5c503b42a50,4100_4,76,2017-11-23 11:48:00.0,vSensor2
cb8d4b1b-1802-4337-bebf-d9bc22aa7ba0,5091,85,2017-11-23 11:48:00.0,vSensor2
cb97ed03-f4e4-4346-98c2-9fe56d4401d4,3029,2,2017-11-23 11:48:00.0,vSensor2
cc6cc688-19c3-4639-bed6-0faf72c83f89,4044,68,2017-11-23 11:48:00.0,vSensor2
cdbd73f5-732a-4048-9099-e6730d576f11,5231,2,2017-11-23 11:48:00.0,vSensor2
cf8972ec-496c-4ea1-9eb9-9fd80ccb0576,1412,15,2017-11-23 11:48:00.0,vSensor2
d037f36d-8ba5-4d3b-9e5a-748ce8b53015,4208,65,2017-11-23 11:48:00.0,vSensor2
d1277a39-5803-4b9c-9f4d-1b0a08ed0c96,6219,21,2017-11-23 11:48:00.0,vSensor2
d2abcb4a-dd31-4bb0-9f41-15699035745a,6032,95,2017-11-23 11:48:00.0,vSensor2
d3163b2e-e648-4aca-8d64-d7427a5d14ba,4042,55,2017-11-23 11:48:00.0,vSensor2
d34c093d-a139-47b0-874b-8b9087d2e7c3,5214,22,2017-11-23 11:48:00.0,vSensor2
d37254ee-2458-46c3-935b-d638f2e98f62,4204,16,2017-11-23 11:48:00.0,vSensor2
d3748e11-0164-4cf9-9a7b-53e1b807e62a,4211,36,2017-11-23 11:48:00.0,vSensor2
d3f7c9eb-03cf-4795-9af3-c4825a2f3ba9,3100_3,22,2017-11-23 11:48:00.0,vSensor2
d415ad0e-35e2-4364-bd45-ccdd595ab703,5064,72,2017-11-23 11:48:00.0,vSensor2
d4f161a3-5163-4009-943a-4d6926c5a17a,2042,63,2017-11-23 11:48:00.0,vSensor2
d501ec53-2745-4597-9d61-409b81117411,3214,67,2017-11-23 11:48:00.0,vSensor2
d52a56c4-0139-47c1-bd4d-986b9bfd3475,5221,6,2017-11-23 11:48:00.0,vSensor2
d541ee77-022e-4f7d-b9fd-e91912d872ae,4004,95,2017-11-23 11:48:00.0,vSensor2
d672efcb-9318-4fe7-93b5-804f90facc00,3211,45,2017-11-23 11:48:00.0,vSensor2
d7177760-a391-4d45-910f-03bf9ac1c423,2013,97,2017-11-23 11:48:00.0,vSensor2
d7466061-1f4a-4500-9bf9-d98e248cd0be,5086,49,2017-11-23 11:48:00.0,vSensor2
d7ce2c4b-dc7e-439b-90a9-51af1ed48e9e,2052,54,2017-11-23 11:48:00.0,vSensor2
d92a45fb-dd4f-4c40-b73b-fb5cd9373c26,3100_1,30,2017-11-23 11:48:00.0,vSensor2
d941d7b2-48b9-41ae-9a47-e43b92c223eb,4209,99,2017-11-23 11:48:00.0,vSensor2
d99a416a-4249-4204-a8bb-3f5173208e7c,6082,69,2017-11-23 11:48:00.0,vSensor2
d9f32c9d-2102-4905-b31b-e6d5f9a5ca8f,5092,81,2017-11-23 11:48:00.0,vSensor2
d9f706df-3b72-4414-81e9-8bd9923c3e9a,3039,11,2017-11-23 11:48:00.0,vSensor2
db45c9a2-4a12-478a-b61f-5dd7218db089,5076,90,2017-11-23 11:48:00.0,vSensor2
dbf39928-bde2-4ef4-a4f4-5f5b389b68ca,2212,65,2017-11-23 11:48:00.0,vSensor2
dc227a11-0c29-4b52-b317-8055488b4d28,3089,100,2017-11-23 11:48:00.0,vSensor2
ddc38503-4bd1-4e6a-af2b-fdeb612ba156,4026,45,2017-11-23 11:48:00.0,vSensor2
ddfc9ddd-9338-440f-9f6c-917223fd635c,5216,6,2017-11-23 11:48:00.0,vSensor2
debd916f-e669-47c8-8e08-34d976c80a1c,1413,27,2017-11-23 11:48:00.0,vSensor2
df4c8d5f-8dfa-4916-9355-5612381cfe57,6034,37,2017-11-23 11:48:00.0,vSensor2
df69eb27-2d06-4ba0-ba91-1d3ba60a6ad7,3100_8,72,2017-11-23 11:48:00.0,vSensor2
dfff1a17-b3d3-405b-b082-e021d6fae070,5013,45,2017-11-23 11:48:00.0,vSensor2
e054b923-f9cc-4095-be71-4f045f6307b9,4019,27,2017-11-23 11:48:00.0,vSensor2
e0d0b381-b1bb-48fb-aa13-1aba48349c94,5204,56,2017-11-23 11:48:00.0,vSensor2
e162056f-4a38-4824-853d-b1e09802f831,3219,30,2017-11-23 11:48:00.0,vSensor2
e16dbe3d-1e01-4ecb-ba33-7df0c2cc91b0,4231,95,2017-11-23 11:48:00.0,vSensor2
e1e58063-bf8f-4aa1-a403-42f4ecc0a21e,6068,58,2017-11-23 11:48:00.0,vSensor2
e1f19705-76e2-462c-b036-44c92e37bb3a,3234,41,2017-11-23 11:48:00.0,vSensor2
e3d26d8f-e6ac-4120-aeec-56ce93c1cb8e,5206,4,2017-11-23 11:48:00.0,vSensor2
e551bc2a-04e3-42d2-b7ac-b7fcb060e0ae,5211,67,2017-11-23 11:48:00.0,vSensor2
e7ab93d0-7b9f-42d4-a558-fca3e3b332d3,2208,20,2017-11-23 11:48:00.0,vSensor2
e8b28889-8efc-4a22-bda3-aea29bce5be8,4048,94,2017-11-23 11:48:00.0,vSensor2
e9ebcc0d-ee5a-4878-b4e9-babf02a55708,5004,41,2017-11-23 11:48:00.0,vSensor2
eca612d7-94c7-48d7-b95b-9a24c1e044f7,2221,70,2017-11-23 11:48:00.0,vSensor2
eca7cea0-8910-4bcd-b7ef-197354323287,4100_6,28,2017-11-23 11:48:00.0,vSensor2
ee50558d-5aca-4a66-a12b-139d46da3725,5241,11,2017-11-23 11:48:00.0,vSensor2
ef6551c1-ed90-4db3-bbce-74b960171103,5222,10,2017-11-23 11:48:00.0,vSensor2
ef8748a5-4227-4a81-8803-5ad86170c3eb,3224,31,2017-11-23 11:48:00.0,vSensor2
f07afe7a-a091-4509-90b1-3582cfe95278,2100_4,38,2017-11-23 11:48:00.0,vSensor2
f0b8a4b6-dfff-450a-80cd-7feb42ed1690,5089,37,2017-11-23 11:48:00.0,vSensor2
f0db10ae-ec12-403f-abdd-2545049906fd,3028,96,2017-11-23 11:48:00.0,vSensor2
f130638b-b34f-4124-9029-75b3fc277f5a,3100_4,71,2017-11-23 11:48:00.0,vSensor2
f15b0440-7922-4ad9-92d6-fa50e60d0427,3208,81,2017-11-23 11:48:00.0,vSensor2
f17af105-9370-4765-b761-bc741a7f9031,2224,50,2017-11-23 11:48:00.0,vSensor2
f1ac5858-1542-4e17-8432-8395196eebb0,6210,5,2017-11-23 11:48:00.0,vSensor2
f1d19237-1ef0-4f98-b9ad-5fcbe5a97f90,2084,37,2017-11-23 11:48:00.0,vSensor2
f2db4d2a-aee4-4923-b110-ba4ab6eca0c3,2019,68,2017-11-23 11:48:00.0,vSensor2
f30583cf-1731-4527-bd4d-41a92d4b3c58,3061,40,2017-11-23 11:48:00.0,vSensor2
f4592159-e5b1-4c10-b161-877cff43b776,5048,60,2017-11-23 11:48:00.0,vSensor2
f4606950-cef4-46ab-a4b5-a6f0feae9fd7,4082,59,2017-11-23 11:48:00.0,vSensor2
f6348dd3-b1dc-4670-a6c6-b2ad8f8ffdf1,1300,48,2017-11-23 11:48:00.0,vSensor2
f726a014-f553-4683-baac-ccf1ca219fb2,4064,10,2017-11-23 11:48:00.0,vSensor2
f78bcaf6-387a-4e5d-94ce-cbc35804c194,2086,79,2017-11-23 11:48:00.0,vSensor2
f7b324e4-8512-4966-a8c5-7a3d0a5822d9,5234,0,2017-11-23 11:48:00.0,vSensor2
f8007782-db2d-4b79-b9ab-b3222ba29ab5,4100_10,29,2017-11-23 11:48:00.0,vSensor2
f851ded1-de96-4be1-94d3-1674b4724417,6084,53,2017-11-23 11:48:00.0,vSensor2
fc1e2f28-384f-49c7-a5f9-2ea5f223deab,5066,18,2017-11-23 11:48:00.0,vSensor2
fc9bde2e-8e9e-49af-bd2e-c0a359bd2c05,5209,79,2017-11-23 11:48:00.0,vSensor2
fd5497d8-e5f5-44a1-949b-df5b659b148e,5056,15,2017-11-23 11:48:00.0,vSensor2
ff5d30fb-4378-42f8-9fd6-d62064ba5d06,3100_2,7,2017-11-23 11:48:00.0,vSensor2
ff61b3bf-0884-44ae-84a2-050546c4056c,2222,21,2017-11-23 11:48:00.0,vSensor2
ff73de6b-0c93-49e1-ac74-67f3ef98c28d,1100,49,2017-11-23 11:48:00.0,vSensor2
ffcc5ad0-48f8-46be-b49a-9412d9498053,1420,23,2017-11-23 11:48:00.0,vSensor2
00663c26-0433-43ec-aa7f-66ad0fd72b07,4088,59,2017-11-23 11:50:00.0,vSensor2
00e11da2-90ab-4741-8811-3b2a0a9d2d1c,3056,5,2017-11-23 11:50:00.0,vSensor2
010198b5-8f4d-4607-9837-4a7298a01f47,2206,59,2017-11-23 11:50:00.0,vSensor2
0153b45d-768f-4876-8618-14d25cfe7191,2216,41,2017-11-23 11:50:00.0,vSensor2
01cd963f-be45-478b-9b49-254147271fbf,4039,8,2017-11-23 11:50:00.0,vSensor2
02223e76-1436-423a-a89b-371e4763947f,4100_2,91,2017-11-23 11:50:00.0,vSensor2
032dc267-f41c-43c5-8421-f92bacc2c300,4011,94,2017-11-23 11:50:00.0,vSensor2
033ee74e-f228-4200-9d43-a570276986e8,5100_9,24,2017-11-23 11:50:00.0,vSensor2
03ec7817-5e1e-4c13-b02d-1daaa77cfdd5,5100_2,32,2017-11-23 11:50:00.0,vSensor2
0453bd7c-ef20-454d-9d38-2fc125a79772,2209,53,2017-11-23 11:50:00.0,vSensor2
06fee334-d75f-4a1a-8403-6e7298f958d3,5076,19,2017-11-23 11:50:00.0,vSensor2
07426925-7928-4c9b-8810-f8ebec6f5f03,5206,31,2017-11-23 11:50:00.0,vSensor2
08fb31b5-9901-400b-99f3-3d922ea26f79,3032,13,2017-11-23 11:50:00.0,vSensor2
0b798bad-362c-40a0-943e-1ce5df9cc421,5062,93,2017-11-23 11:50:00.0,vSensor2
0cd6d08d-46af-4016-a1b1-9052c3d4b307,6042,38,2017-11-23 11:50:00.0,vSensor2
0ce11ae4-d9c2-4a39-84e4-50403e1efcd5,1429,16,2017-11-23 11:50:00.0,vSensor2
0de03784-cebc-4e89-9bd3-90c60a6bad5d,3051,14,2017-11-23 11:50:00.0,vSensor2
0e087e09-41d8-426a-b46b-503b785533c7,5099,47,2017-11-23 11:50:00.0,vSensor2
0e3ed515-7214-4df5-9114-7f4759c3d0ab,5091,70,2017-11-23 11:50:00.0,vSensor2
0eb5a666-b2eb-461a-8970-6e0d2b33009f,4038,89,2017-11-23 11:50:00.0,vSensor2
0f67a362-1cb5-4652-a79b-4ceb606728da,6215,37,2017-11-23 11:50:00.0,vSensor2
0fc6a13f-5daa-41d2-8cea-2f9add3676d1,3222,82,2017-11-23 11:50:00.0,vSensor2
10757bfb-0f39-4116-815e-37b01e4c4604,4062,47,2017-11-23 11:50:00.0,vSensor2
10d7d488-b7a0-4e0f-809c-d876a968f327,4091,99,2017-11-23 11:50:00.0,vSensor2
1234cecb-5c2a-40ae-b3ce-0d922f045d9a,5029,26,2017-11-23 11:50:00.0,vSensor2
12a625c5-b765-44b6-82de-a9588417a317,3044,97,2017-11-23 11:50:00.0,vSensor2
14121057-70b5-419c-a5cf-27a599a3fc77,5202,32,2017-11-23 11:50:00.0,vSensor2
14588ba8-6871-4e05-b6db-1098a953ebe9,3069,40,2017-11-23 11:50:00.0,vSensor2
15deba18-d59b-41e1-893c-e017a89be9d3,3042,40,2017-11-23 11:50:00.0,vSensor2
164a34fd-0c45-400e-ae54-d48ebc2b124c,5222,39,2017-11-23 11:50:00.0,vSensor2
175f5092-9ff0-4ff1-8b6c-e65f1c323381,4058,53,2017-11-23 11:50:00.0,vSensor2
18b50a05-bb51-4929-bd3d-ce1cf232f0b6,3216,57,2017-11-23 11:50:00.0,vSensor2
18e226c3-d133-4fc2-92f2-079314d68880,3208,22,2017-11-23 11:50:00.0,vSensor2
18ea02b1-54d7-462f-86d4-4898c85859de,4221,27,2017-11-23 11:50:00.0,vSensor2
19666f10-173c-4122-bcd0-950c235be221,5100_7,32,2017-11-23 11:50:00.0,vSensor2
1a2eb09a-f077-40cd-904e-2515140fbd1a,3061,73,2017-11-23 11:50:00.0,vSensor2
1a62aabf-b84e-49c2-9fe5-f7815c22f882,4013,37,2017-11-23 11:50:00.0,vSensor2
1a71d477-b427-4551-aca7-e5be347a24ff,5028,78,2017-11-23 11:50:00.0,vSensor2
1aede536-5b75-4505-a94f-53626cb3e2c3,4064,10,2017-11-23 11:50:00.0,vSensor2
1b014466-b355-4021-8737-60ae245efae4,2054,89,2017-11-23 11:50:00.0,vSensor2
1c71eb8a-77df-4194-88c5-842b0bfee41f,5013,47,2017-11-23 11:50:00.0,vSensor2
1cc542e2-22f6-40ad-830a-f603013b3b9e,2019,60,2017-11-23 11:50:00.0,vSensor2
1d1320e7-740f-4db6-ba6c-ba656b0e26b8,6028,0,2017-11-23 11:50:00.0,vSensor2
1e040e86-6e86-4ee6-8285-ecb0d76cd45e,5081,82,2017-11-23 11:50:00.0,vSensor2
1ebe42b3-bd29-40de-ada5-48962366b422,5211,59,2017-11-23 11:50:00.0,vSensor2
1f25c799-1504-41ec-9be3-47a60fee649b,6074,81,2017-11-23 11:50:00.0,vSensor2
203190ae-0562-426b-a3ce-07ed31bd9ea2,5058,4,2017-11-23 11:50:00.0,vSensor2
20404991-e503-4a04-a4f1-56e48eac70fc,3002,66,2017-11-23 11:50:00.0,vSensor2
212f6d95-11a3-48a9-8017-df12893152ec,3088,26,2017-11-23 11:50:00.0,vSensor2
21cf2b79-571e-49c3-b964-fe39aadb91e1,2212,74,2017-11-23 11:50:00.0,vSensor2
22629387-f9e7-4543-86ad-e488142ea5f4,3231,10,2017-11-23 11:50:00.0,vSensor2
2265af76-3d77-40b0-ac6a-9de23fc98c90,3026,57,2017-11-23 11:50:00.0,vSensor2
25720d69-acfb-428c-93b4-803a031229f2,3072,22,2017-11-23 11:50:00.0,vSensor2
25bc38a0-37f1-4ec1-9f79-0d97dbb06e26,5224,24,2017-11-23 11:50:00.0,vSensor2
2612ae2d-d286-4017-ad58-8552e0fc3318,4008,19,2017-11-23 11:50:00.0,vSensor2
26529d20-804a-4bd0-bc63-cfa6790acdaa,2224,85,2017-11-23 11:50:00.0,vSensor2
26560f75-3505-4633-b1c7-8cbb550d6342,3084,94,2017-11-23 11:50:00.0,vSensor2
26894a8e-55da-4eb7-9d27-155d25e07452,4029,11,2017-11-23 11:50:00.0,vSensor2
268b298a-77bd-451e-b4b4-74ea46c1937a,3100_3,94,2017-11-23 11:50:00.0,vSensor2
276631b7-9e10-420e-b606-394f3be28b5f,4241,22,2017-11-23 11:50:00.0,vSensor2
28a45a1c-86c2-492b-a6e3-d5f42ddf461c,5088,56,2017-11-23 11:50:00.0,vSensor2
28da9ada-4713-449e-bf91-9b33f49cacf7,4081,45,2017-11-23 11:50:00.0,vSensor2
294f9be6-8734-4d57-ad85-fe53842e71ac,4100_1,0,2017-11-23 11:50:00.0,vSensor2
299f29a1-0558-45e7-a59a-4142c6720f9d,3013,42,2017-11-23 11:50:00.0,vSensor2
299fbe38-ef10-414a-bfe2-b4247d002714,2092,51,2017-11-23 11:50:00.0,vSensor2
2b279f65-d931-4c42-903f-ba39ef2b238d,5052,59,2017-11-23 11:50:00.0,vSensor2
2b514c9c-ab29-478a-a064-96c84a5fdbd5,3029,3,2017-11-23 11:50:00.0,vSensor2
2d1f7cca-6689-4c44-aaf0-c76866c90782,4243,75,2017-11-23 11:50:00.0,vSensor2
2dc9fb9d-51f0-4b71-b2ad-ca6cb319b2f2,4051,78,2017-11-23 11:50:00.0,vSensor2
2e7e0bb0-a17f-4370-8767-a5ef1fc9da81,2088,37,2017-11-23 11:50:00.0,vSensor2
2ff738df-2df3-4bd3-8b29-867b3d57f00b,2039,13,2017-11-23 11:50:00.0,vSensor2
300c2803-7fad-4dda-bdbf-52956c05786a,4228,94,2017-11-23 11:50:00.0,vSensor2
31bac7c9-4a84-4cbe-9bfd-5d44794511b8,2026,76,2017-11-23 11:50:00.0,vSensor2
32d68972-dbd2-4e15-8806-e10cf2ea0eaf,2100_6,75,2017-11-23 11:50:00.0,vSensor2
34569967-cacb-4a19-9ca0-928f009f1ab5,6013,69,2017-11-23 11:50:00.0,vSensor2
391bfb6c-7cd3-46ae-b511-b2a053cfd61a,6213,93,2017-11-23 11:50:00.0,vSensor2
3a08265c-6284-4956-aa19-c5fbc2d0b689,4214,49,2017-11-23 11:50:00.0,vSensor2
3a4612f9-403c-4aff-9b0f-ae0013516bcc,2058,50,2017-11-23 11:50:00.0,vSensor2
3b8453e1-d720-4dfd-98a0-b82bcb846277,4100_7,7,2017-11-23 11:50:00.0,vSensor2
3b891338-00c0-4310-956d-61e98f50b970,1412,82,2017-11-23 11:50:00.0,vSensor2
3be3af93-9802-4f6d-b66d-ec33acb8a54c,2066,95,2017-11-23 11:50:00.0,vSensor2
3ca0c052-44dc-4eb4-be03-054cac3a69f0,4100_10,41,2017-11-23 11:50:00.0,vSensor2
3cabb3be-f768-4b77-a222-f2200b28ca43,4026,57,2017-11-23 11:50:00.0,vSensor2
3d2c39de-9b9d-4e63-a38f-652aaa5cc121,5082,38,2017-11-23 11:50:00.0,vSensor2
3f0a3a07-398d-4fd2-89c8-97445829ddd4,2064,26,2017-11-23 11:50:00.0,vSensor2
3f95cbfc-800e-4952-b73b-3f3a8533ab3e,2100_3,61,2017-11-23 11:50:00.0,vSensor2
41922c7d-11e9-47f4-952f-67f1af4381cb,5086,64,2017-11-23 11:50:00.0,vSensor2
42b67808-0ca7-4bb8-8573-655381ac037d,2100_2,21,2017-11-23 11:50:00.0,vSensor2
43347b6e-24ac-46e6-a0f1-a216573e5577,1428,86,2017-11-23 11:50:00.0,vSensor2
446aa1af-edf8-48a6-ac97-e4a30608620f,2241,66,2017-11-23 11:50:00.0,vSensor2
451d03d3-e0a1-440e-ae7f-3ec38a6ad174,3028,76,2017-11-23 11:50:00.0,vSensor2
453ff6fe-411b-4604-b2e1-f457f743c83c,5231,92,2017-11-23 11:50:00.0,vSensor2
475de936-7e42-4602-ad20-282875813776,5004,63,2017-11-23 11:50:00.0,vSensor2
487f829d-e8ee-491b-bdf4-cdab49e5a2e8,2076,20,2017-11-23 11:50:00.0,vSensor2
4abc3517-789c-40a4-8637-2caba8901fb4,4206,1,2017-11-23 11:50:00.0,vSensor2
4b79ee56-8806-4c5d-8078-fe3391d15aaf,5032,69,2017-11-23 11:50:00.0,vSensor2
4db7d71e-ced9-4b60-8646-017c899120c1,2056,46,2017-11-23 11:50:00.0,vSensor2
4e7f9ee4-b8a4-4336-969e-6c9200ffab59,2032,15,2017-11-23 11:50:00.0,vSensor2
4ee846cb-9620-4fea-8ebf-756d9522cf1f,2069,42,2017-11-23 11:50:00.0,vSensor2
4fdc27b1-54df-4f94-8156-f8d7d75904e1,5212,64,2017-11-23 11:50:00.0,vSensor2
50699e24-06f8-41d7-b719-66cbb766c008,3209,10,2017-11-23 11:50:00.0,vSensor2
518c3016-4bf5-4beb-a7ca-f77cf6083f47,3039,59,2017-11-23 11:50:00.0,vSensor2
5234871e-cf71-4d0a-ace9-201e666a49d2,6052,14,2017-11-23 11:50:00.0,vSensor2
54450855-3e59-4e7c-a0a5-3cf6d289e7e4,3091,36,2017-11-23 11:50:00.0,vSensor2
54d43f9d-787a-4a90-8d2f-fee7a729c919,4054,57,2017-11-23 11:50:00.0,vSensor2
5548fc1b-e2bc-43db-8fdc-e2ba1bcc0aee,5100_10,42,2017-11-23 11:50:00.0,vSensor2
5588d9db-b80f-4fd1-8378-e1c3317b1fd2,4072,66,2017-11-23 11:50:00.0,vSensor2
569cf7d0-1fae-4c6c-878b-d503384bfb0e,4224,42,2017-11-23 11:50:00.0,vSensor2
577f7760-666b-4445-8904-95a35d489f96,4069,74,2017-11-23 11:50:00.0,vSensor2
59323d9a-512c-42ae-9b6c-4660a51337ec,2100_5,26,2017-11-23 11:50:00.0,vSensor2
5950adfd-f28c-43bb-828b-e2d49b443752,1423,67,2017-11-23 11:50:00.0,vSensor2
597a67c2-3ae2-4d88-a19b-d04df9d1efa5,5026,21,2017-11-23 11:50:00.0,vSensor2
59a51491-0653-4042-a44f-8544cdc40cb3,4061,88,2017-11-23 11:50:00.0,vSensor2
59d0537d-293b-4140-b3a5-b52c90fd468f,3100_2,42,2017-11-23 11:50:00.0,vSensor2
5a194b41-39f7-4823-a417-1e533dce75bd,2042,96,2017-11-23 11:50:00.0,vSensor2
5c6213b5-0de2-4287-a9fa-6c7e992abc88,3064,64,2017-11-23 11:50:00.0,vSensor2
5cbbc066-e973-42bb-8d54-7cb3eb95a73f,5092,60,2017-11-23 11:50:00.0,vSensor2
5d227448-3726-4959-aab9-cfb349d980ba,3226,19,2017-11-23 11:50:00.0,vSensor2
5d4310b9-f66b-4c2f-ab32-566a6c7f8c52,2208,17,2017-11-23 11:50:00.0,vSensor2
5e3f5353-c1c3-4053-88a9-7c99fb9dcede,6132,82,2017-11-23 11:50:00.0,vSensor2
5eb1689c-a2a1-437d-b4bc-20ebdc7448cf,4092,82,2017-11-23 11:50:00.0,vSensor2
5f1e1f44-8250-4d49-9c08-f462c6ed9411,4086,66,2017-11-23 11:50:00.0,vSensor2
5f9cd6cd-ff09-4e14-a5ea-a9de4ac270cc,3074,60,2017-11-23 11:50:00.0,vSensor2
5ff7eea6-e769-4c91-aedd-d6fd6be92aab,3100_6,12,2017-11-23 11:50:00.0,vSensor2
61e0fb51-2244-4674-83a6-0f15c07127f8,2221,62,2017-11-23 11:50:00.0,vSensor2
636421a7-874d-4e88-9674-94141b7915d3,6064,35,2017-11-23 11:50:00.0,vSensor2
643d4e23-7603-4da3-9898-e46a4b4cee61,5084,31,2017-11-23 11:50:00.0,vSensor2
6504d693-29aa-4c45-8441-272028aaf8d9,3089,22,2017-11-23 11:50:00.0,vSensor2
6710a0b7-4460-4984-b11a-f3319b229aea,1427,67,2017-11-23 11:50:00.0,vSensor2
671261a2-d1d1-4491-b692-26167d29cb44,4052,85,2017-11-23 11:50:00.0,vSensor2
675cecf5-3e73-4f2b-8273-4db6ac160eb6,6219,71,2017-11-23 11:50:00.0,vSensor2
67d6bbbc-e252-4db8-b04e-9756a464a13c,3212,26,2017-11-23 11:50:00.0,vSensor2
69f0419b-8ddd-4425-9ebf-3c1f7afb5ad2,2074,60,2017-11-23 11:50:00.0,vSensor2
6adb3f20-334f-4fb1-88ef-e1be139171d3,1413,28,2017-11-23 11:50:00.0,vSensor2
6cda865f-91bf-416e-8f45-e463ec5085c3,5100_1,57,2017-11-23 11:50:00.0,vSensor2
6ec897fd-94ec-4dc8-9249-d41614d21772,6068,43,2017-11-23 11:50:00.0,vSensor2
6eda2038-10dd-41ee-8247-a5f5a0b1c51a,4044,1,2017-11-23 11:50:00.0,vSensor2
6ee3d4ea-94b8-4d07-a23a-bebdaa8539bb,5064,88,2017-11-23 11:50:00.0,vSensor2
6f1eca35-29c8-40c6-966f-5c2a0c44d6c5,3243,83,2017-11-23 11:50:00.0,vSensor2
6f55ee16-ca9f-434c-8cbb-0585d1d9f846,1434,48,2017-11-23 11:50:00.0,vSensor2
6f5fe8e5-94b8-4ed8-8e07-c671f0b1813e,5214,88,2017-11-23 11:50:00.0,vSensor2
6fd18a89-b3de-404b-8fd0-a02a21cefd4b,4234,56,2017-11-23 11:50:00.0,vSensor2
702dad1b-9bb9-4c7f-a1dc-0631e0eaf6df,6039,49,2017-11-23 11:50:00.0,vSensor2
71460efa-a079-4b82-85b7-b576e1129dc4,6024,2,2017-11-23 11:50:00.0,vSensor2
723cfd60-f8bc-4f73-aa40-9b8fd1a4d8bd,1433,13,2017-11-23 11:50:00.0,vSensor2
72ccff56-f85b-4969-a682-33c8a5ef253c,2231,1,2017-11-23 11:50:00.0,vSensor2
73696318-a6d4-4ac0-8869-3f235363cfc2,5204,94,2017-11-23 11:50:00.0,vSensor2
737472bf-5331-426d-90fb-8a25e01d249e,4100_4,33,2017-11-23 11:50:00.0,vSensor2
73a518fc-7d6d-4139-ba6c-5c5d27e27ab9,1406,24,2017-11-23 11:50:00.0,vSensor2
73e96030-ff39-43d7-be6f-65e3113d4acc,6036,63,2017-11-23 11:50:00.0,vSensor2
746a3f5d-c8a4-4598-9315-db3802bd83b1,2100_4,58,2017-11-23 11:50:00.0,vSensor2
74ad35ac-aa2d-4bc8-87a1-8140eda866cc,4099,16,2017-11-23 11:50:00.0,vSensor2
74d72eb6-205b-4a08-a941-169b3d039bbc,3211,96,2017-11-23 11:50:00.0,vSensor2
74e74b72-f2be-4911-af59-e1808c87c6d1,5042,50,2017-11-23 11:50:00.0,vSensor2
764672f4-e419-409b-a8d0-e7a92cc6e5a2,4202,11,2017-11-23 11:50:00.0,vSensor2
7701d394-6501-4a00-98d7-62b5086a3011,5002,80,2017-11-23 11:50:00.0,vSensor2
779fd884-0a5e-4ebe-9390-f4af8802e286,3011,19,2017-11-23 11:50:00.0,vSensor2
77b409f3-d27a-4533-88c2-7f6c4e4d882e,2029,11,2017-11-23 11:50:00.0,vSensor2
78945468-0aaa-4e0e-9d21-688242c15319,3038,91,2017-11-23 11:50:00.0,vSensor2
79dc0b91-ec4b-4efd-80f2-2e2d1df00d7a,5044,13,2017-11-23 11:50:00.0,vSensor2
79f5bd41-9488-4dba-acde-9c029df68af7,4089,57,2017-11-23 11:50:00.0,vSensor2
7ce414e7-fc97-4fb7-a5b7-8985ccbdbd9e,3086,3,2017-11-23 11:50:00.0,vSensor2
7db477bd-83ef-448d-86c7-d2d43e440430,2068,68,2017-11-23 11:50:00.0,vSensor2
7e146481-a4e6-4782-ae05-ba7a1ac9ceee,2219,61,2017-11-23 11:50:00.0,vSensor2
7e266c2c-41f2-4130-acd8-638e08d7caff,4100_5,59,2017-11-23 11:50:00.0,vSensor2
7e59c8be-8a4a-4ef6-abe3-6ba166c65c24,6218,95,2017-11-23 11:50:00.0,vSensor2
7f56200a-c6de-48e2-be5d-64b00693d547,5072,56,2017-11-23 11:50:00.0,vSensor2
81ca5005-3be6-4ef5-a4b4-d44b5a8e5152,3221,90,2017-11-23 11:50:00.0,vSensor2
81e865be-7e75-4c31-aabd-25ba06fef4dd,3058,90,2017-11-23 11:50:00.0,vSensor2
83220d39-68c9-4b53-8fa9-ab3faf8e56d8,3092,83,2017-11-23 11:50:00.0,vSensor2
8344b031-bf9c-4808-9462-f72eb4ccc63d,4032,32,2017-11-23 11:50:00.0,vSensor2
84b615da-a669-4527-a72c-c1f419356a00,2052,98,2017-11-23 11:50:00.0,vSensor2
859e1257-97ba-46fa-95ba-2dd9a292dcd9,2059,42,2017-11-23 11:50:00.0,vSensor2
86757874-4300-4e2d-98a7-57e24a18acc3,1425,96,2017-11-23 11:50:00.0,vSensor2
86995d23-0ea8-43a3-8db7-be44d69a7e28,6211,56,2017-11-23 11:50:00.0,vSensor2
86a29e08-6455-4c6a-93ab-ed09e2b7e402,4204,3,2017-11-23 11:50:00.0,vSensor2
896bec60-fe2c-4fec-869f-3f23def2c43c,5051,68,2017-11-23 11:50:00.0,vSensor2
8a023bd7-736c-41fb-bbfd-e0fc129f7f29,6084,48,2017-11-23 11:50:00.0,vSensor2
8b2b9ac2-05b8-4d2a-9304-2d7e27e43056,5089,20,2017-11-23 11:50:00.0,vSensor2
8bf39389-931e-41a1-a46f-3a9bce8ee5f7,2051,7,2017-11-23 11:50:00.0,vSensor2
8c0e6a7e-8751-4f3e-a658-ca55d348316a,6088,59,2017-11-23 11:50:00.0,vSensor2
8c99401f-5524-4b2d-a716-de5111d0fe9e,5008,69,2017-11-23 11:50:00.0,vSensor2
8cbdbd94-c5e0-4223-9a19-1ba85d87a39e,4066,88,2017-11-23 11:50:00.0,vSensor2
8d643638-1735-4c00-896d-b7bf605da219,4076,43,2017-11-23 11:50:00.0,vSensor2
8f7ad7b2-f29c-4a6d-8827-84e47e217f37,5228,88,2017-11-23 11:50:00.0,vSensor2
8fca6f75-3613-4d32-8cc1-fee6d703e1e8,5241,46,2017-11-23 11:50:00.0,vSensor2
900dbb11-949e-47ee-9da8-9fe9b3811960,1600,68,2017-11-23 11:50:00.0,vSensor2
907c9056-02ac-43b1-a821-c4e33fd09d2e,3004,0,2017-11-23 11:50:00.0,vSensor2
908cefef-b3df-482d-a5f5-37f138b7fa6c,4100_3,62,2017-11-23 11:50:00.0,vSensor2
90cac6a4-a7bb-4a58-bd8f-e1a5a2d0ad2e,5234,48,2017-11-23 11:50:00.0,vSensor2
91a22154-31c3-45a3-894f-f15c880a953c,4028,59,2017-11-23 11:50:00.0,vSensor2
920db74c-4e69-46d1-82a5-4da7e2f1b5f0,3224,58,2017-11-23 11:50:00.0,vSensor2
9409e0d8-0c9d-45d8-ba67-5aae310078b3,4209,99,2017-11-23 11:50:00.0,vSensor2
942e1082-d903-4395-bb13-d07ec92160a3,3019,2,2017-11-23 11:50:00.0,vSensor2
95756e99-894e-48b0-8597-6904b469dec6,3052,68,2017-11-23 11:50:00.0,vSensor2
9579fdee-9b35-450d-befe-af49e7b187bd,6051,4,2017-11-23 11:50:00.0,vSensor2
95f8696a-9305-4a1b-a245-1c85da728808,6034,22,2017-11-23 11:50:00.0,vSensor2
963b7c77-fc6c-448c-b349-5ef1ad1ce1d2,4084,88,2017-11-23 11:50:00.0,vSensor2
964b4e9b-51af-4c11-9df0-3453f339afa6,2008,76,2017-11-23 11:50:00.0,vSensor2
989026f0-81be-4f92-9e84-7fa75108f91c,5069,38,2017-11-23 11:50:00.0,vSensor2
98c25aa6-0169-4d53-a58f-b8bcfd00f6f2,2228,88,2017-11-23 11:50:00.0,vSensor2
9a94fb78-d0b6-4116-98e9-841ce6f3eb09,3100_4,60,2017-11-23 11:50:00.0,vSensor2
9c5f6bf1-63a6-44ba-bd7d-1a53fe47e19b,6049,63,2017-11-23 11:50:00.0,vSensor2
9cb3cf74-658e-4a14-a095-0e59ba26fb3b,4216,54,2017-11-23 11:50:00.0,vSensor2
9cdc23f3-59bc-4fb4-bb85-349201207441,4212,69,2017-11-23 11:50:00.0,vSensor2
9d4833a7-26e2-45a2-bfa5-23c39b48051d,2091,18,2017-11-23 11:50:00.0,vSensor2
9e04e875-4a6c-4dfe-9151-8a348b3c638f,4065,18,2017-11-23 11:50:00.0,vSensor2
9e4b8989-77ed-45e5-8869-522b69b5ef56,5039,70,2017-11-23 11:50:00.0,vSensor2
9ed1ea2b-c725-41d1-83fc-8a0801ed8ef4,6092,56,2017-11-23 11:50:00.0,vSensor2
9fbd31b8-a569-4f3e-b6cd-97a0185e5bd2,2100_10,73,2017-11-23 11:50:00.0,vSensor2
a0641a89-0943-477d-b0e8-9f111b3db5a5,1500,56,2017-11-23 11:50:00.0,vSensor2
a10ba959-fd5c-4e91-b1fd-787326dfe0c0,3068,31,2017-11-23 11:50:00.0,vSensor2
a18a4038-96ee-4df0-b001-d93eddf930d1,2061,82,2017-11-23 11:50:00.0,vSensor2
a1d3a2eb-d704-4608-9697-2d2a95ba4a23,3100_5,20,2017-11-23 11:50:00.0,vSensor2
a3120f5c-e9e7-44eb-b41b-90755dd506a2,5221,4,2017-11-23 11:50:00.0,vSensor2
a3fd2967-2a11-4919-a172-18d2a6956128,3054,88,2017-11-23 11:50:00.0,vSensor2
a4654075-154a-49a8-ab1b-6177bc045d55,6046,87,2017-11-23 11:50:00.0,vSensor2
a46e09ac-18b3-4bc4-8c72-693ebb0e7850,4232,69,2017-11-23 11:50:00.0,vSensor2
a48a1da6-1d05-46cb-a63f-84b3c97b7631,2081,15,2017-11-23 11:50:00.0,vSensor2
a4b2a9a5-aa86-4081-a246-3282377cab24,4211,54,2017-11-23 11:50:00.0,vSensor2
a56b7316-5023-4350-adeb-297af0e65ff6,6066,25,2017-11-23 11:50:00.0,vSensor2
a57b836d-453d-402c-845f-e75715e1024c,5054,93,2017-11-23 11:50:00.0,vSensor2
a6120326-c3e6-4e8e-a429-4eab80ba8a3e,2089,91,2017-11-23 11:50:00.0,vSensor2
a61fe70a-c069-4d4a-9709-91aba6755caa,4048,23,2017-11-23 11:50:00.0,vSensor2
a7319c00-2d61-4000-9547-3dd548742f28,2243,96,2017-11-23 11:50:00.0,vSensor2
a79aeca2-6ba9-42a3-94f0-de8d7e74dc94,2100_9,34,2017-11-23 11:50:00.0,vSensor2
a82b6358-04da-4447-b320-4c0e4b7210ac,3234,58,2017-11-23 11:50:00.0,vSensor2
a8d334b7-1280-4846-87d6-1bd7831b2f29,5048,43,2017-11-23 11:50:00.0,vSensor2
a8fa2d84-3a60-47c1-9372-a466aa29926e,2082,15,2017-11-23 11:50:00.0,vSensor2
a94d844d-d92d-49b9-865b-dd4dee694366,3232,22,2017-11-23 11:50:00.0,vSensor2
a9779ff6-9041-40e5-9427-05ff8a53c518,3065,38,2017-11-23 11:50:00.0,vSensor2
a9c24e44-9004-4d30-907a-953a41f4e130,1200,4,2017-11-23 11:50:00.0,vSensor2
a9d8482e-7092-4ae1-8ebe-13377f66253e,4082,39,2017-11-23 11:50:00.0,vSensor2
aa254100-dd70-4aa0-a65c-d584f43691de,3100_8,12,2017-11-23 11:50:00.0,vSensor2
ac199ee7-c6dc-4c73-a450-3c0a93518311,3214,10,2017-11-23 11:50:00.0,vSensor2
ad80f63e-b88d-4122-b084-64cc9152eab7,5100_5,58,2017-11-23 11:50:00.0,vSensor2
ade8cff7-23b4-4fc4-be93-ff3e4dc871c6,5100_8,71,2017-11-23 11:50:00.0,vSensor2
adf4d865-e009-46ec-909b-940abbf71e83,4068,84,2017-11-23 11:50:00.0,vSensor2
af1c9f3a-13f2-456b-9823-d163e18bb86f,4019,14,2017-11-23 11:50:00.0,vSensor2
b0c8b60f-257a-46a7-9a29-fef6dc83d2d4,4100_8,9,2017-11-23 11:50:00.0,vSensor2
b2511a44-06fa-4a4c-980b-14aa250e72ae,3204,21,2017-11-23 11:50:00.0,vSensor2
b26ebe8e-4a2e-4a10-b1b4-c0c4690fba54,4042,100,2017-11-23 11:50:00.0,vSensor2
b4738ca3-f03e-491e-8e1e-effd14f15c31,2204,95,2017-11-23 11:50:00.0,vSensor2
b4975760-3963-4385-be18-b985d847f196,2222,44,2017-11-23 11:50:00.0,vSensor2
b610458f-51ef-4a5a-b70e-2cf09e60c992,3100_10,24,2017-11-23 11:50:00.0,vSensor2
b6b868c5-f895-448a-92d5-57dc74245bfc,4100_9,90,2017-11-23 11:50:00.0,vSensor2
b8795732-b49c-4bbb-a29c-8164fe57b8f3,5100_4,50,2017-11-23 11:50:00.0,vSensor2
b9f0b2d6-e204-47be-abbc-3687e668ee81,4074,5,2017-11-23 11:50:00.0,vSensor2
bcaa82d1-dcd6-490c-b075-85e2bc8effde,5232,50,2017-11-23 11:50:00.0,vSensor2
bcaaf06a-e4f4-4341-a9b5-b77bd2b451d9,6019,92,2017-11-23 11:50:00.0,vSensor2
be4a3134-8265-4bdc-b73f-b9aa8ee5c184,4004,49,2017-11-23 11:50:00.0,vSensor2
bf6aa8fa-a4be-453d-a597-e28bfaee3ae2,6062,50,2017-11-23 11:50:00.0,vSensor2
c01a96c3-59d7-483e-812d-156cc1edb120,6032,72,2017-11-23 11:50:00.0,vSensor2
c060f3b1-d0ed-4153-acaf-e742aef66ccb,2099,28,2017-11-23 11:50:00.0,vSensor2
c0b6928f-3b2c-440d-8310-a0aa29e48592,3048,97,2017-11-23 11:50:00.0,vSensor2
c0df392f-da25-4c93-8283-49f1d0bf42bd,2028,67,2017-11-23 11:50:00.0,vSensor2
c11fac0f-4d09-4a4f-ab87-c9d8f483dbe4,2084,1,2017-11-23 11:50:00.0,vSensor2
c12994a7-dca3-4730-9c20-d80ed7a37768,3099,33,2017-11-23 11:50:00.0,vSensor2
c141d375-0c38-4725-95bb-d1b6c0fd2ed6,2065,68,2017-11-23 11:50:00.0,vSensor2
c1c7967b-bf2b-4e06-a8f3-333bbd522ca6,3100_9,76,2017-11-23 11:50:00.0,vSensor2
c1d58125-6e1f-49f8-a17f-5197c13d8036,2038,13,2017-11-23 11:50:00.0,vSensor2
c1e06201-2925-421b-b37c-fcf5cdcd8884,5226,70,2017-11-23 11:50:00.0,vSensor2
c3c23cbf-5878-4c62-8f95-e7941647532b,6082,71,2017-11-23 11:50:00.0,vSensor2
c3f80523-fabc-46bf-ac5c-c1f036ed15c0,1403,99,2017-11-23 11:50:00.0,vSensor2
c533926a-f8dd-47ac-8176-69c00be6f4e5,4056,92,2017-11-23 11:50:00.0,vSensor2
c57fcf97-e892-4ff3-ba98-c6d96989e9e3,5100_6,28,2017-11-23 11:50:00.0,vSensor2
c713739b-7a34-4334-a3c3-0250eee35525,5038,17,2017-11-23 11:50:00.0,vSensor2
c73cc8d5-9b5e-4ba9-aaa2-d521833257fa,6056,90,2017-11-23 11:50:00.0,vSensor2
c7b162b8-8a16-4945-b0e4-25b189f53853,5065,99,2017-11-23 11:50:00.0,vSensor2
c8603e46-196d-40df-8d33-eb7257c9255f,4002,95,2017-11-23 11:50:00.0,vSensor2
c89c9803-4ca1-4488-90dd-8c746a8e271e,3228,48,2017-11-23 11:50:00.0,vSensor2
c954b333-e0a3-45c1-9247-4f38e54994ef,2013,16,2017-11-23 11:50:00.0,vSensor2
c98aee23-599e-49c4-8ffd-dd3584e8a2eb,3066,61,2017-11-23 11:50:00.0,vSensor2
cb42cbc3-e4d0-4f19-9165-abc190d86f0a,3100_7,32,2017-11-23 11:50:00.0,vSensor2
cb7526b1-6709-4dae-99ea-5ec118b43bdf,6076,34,2017-11-23 11:50:00.0,vSensor2
cc68c4aa-4e87-4d46-9e11-7e692038d1f4,2232,24,2017-11-23 11:50:00.0,vSensor2
ccf92754-af87-4ef3-b4aa-2f983d08f59c,2011,3,2017-11-23 11:50:00.0,vSensor2
cd6f064b-a793-4efd-9550-ce3fabcdb458,6086,87,2017-11-23 11:50:00.0,vSensor2
cdc3910e-6787-4127-9f66-53e860247b5b,5056,27,2017-11-23 11:50:00.0,vSensor2
cebab8eb-40e9-46f4-a920-cb6fa42d2f59,3206,42,2017-11-23 11:50:00.0,vSensor2
cec0bf71-674c-4647-a7e2-e0a553313591,2100_8,6,2017-11-23 11:50:00.0,vSensor2
cf0ce266-1e46-43e3-a851-213044156583,6044,41,2017-11-23 11:50:00.0,vSensor2
cf227d4e-f13f-4fb5-a2b8-dccf1118424d,1407,93,2017-11-23 11:50:00.0,vSensor2
cf3a16b6-90d9-4dbf-8e4d-51b61e59e511,2214,0,2017-11-23 11:50:00.0,vSensor2
cf4d0312-043d-4704-bf74-9bf644011849,3100_1,53,2017-11-23 11:50:00.0,vSensor2
d16a3c91-aa8f-4e28-8d9e-00186c0c75a3,1422,22,2017-11-23 11:50:00.0,vSensor2
d22d31fb-4531-4108-93f5-c13b3df86ac9,4208,56,2017-11-23 11:50:00.0,vSensor2
d26a218f-4668-4bcd-b117-858fe52f61dd,2226,55,2017-11-23 11:50:00.0,vSensor2
d32ca375-0b85-40a2-bf3d-44686a0d48b9,2086,21,2017-11-23 11:50:00.0,vSensor2
d3bdf289-96e2-4cd6-8233-125e6d31a0b7,5100_3,13,2017-11-23 11:50:00.0,vSensor2
d4e83909-0e5c-4bbb-adba-1c3bdd9c082c,5068,13,2017-11-23 11:50:00.0,vSensor2
d54dccf8-6663-45db-8327-5c054f6277f0,4231,70,2017-11-23 11:50:00.0,vSensor2
d5ae07c2-4ced-4d90-92ea-3b32c51f9fcb,6011,58,2017-11-23 11:50:00.0,vSensor2
d5dd9a73-c0bc-47a3-ac19-b293a6384686,2072,91,2017-11-23 11:50:00.0,vSensor2
d64a9b98-ace1-4882-83b9-f14288849bd5,5011,86,2017-11-23 11:50:00.0,vSensor2
d86121d9-dd95-4ae2-867f-e89bc38c7af5,6048,68,2017-11-23 11:50:00.0,vSensor2
d9560528-9467-4d3e-9755-7071a2ffe6a0,3008,60,2017-11-23 11:50:00.0,vSensor2
d9beda1b-73a7-4a99-84f9-23f6cc4179f9,3202,41,2017-11-23 11:50:00.0,vSensor2
da1917e6-5014-4c7d-b70c-b365a65ca5e4,2062,65,2017-11-23 11:50:00.0,vSensor2
dace44d9-33e2-466a-8628-e5d894bdb698,4226,90,2017-11-23 11:50:00.0,vSensor2
dd08fe46-7e9a-49ce-a9de-10dac8d37e84,5243,100,2017-11-23 11:50:00.0,vSensor2
dd3c3735-0b89-4628-bb04-c881e74f7d9d,2100_1,53,2017-11-23 11:50:00.0,vSensor2
de93bd13-bc17-4aee-9884-902d1abe50ac,5059,81,2017-11-23 11:50:00.0,vSensor2
def7b5a3-4cec-46ba-999d-c810f160e56b,6026,7,2017-11-23 11:50:00.0,vSensor2
df345e51-2b24-457a-9e27-cd58fea4d7a5,2004,47,2017-11-23 11:50:00.0,vSensor2
e0ba584d-74cd-4835-bcb3-90602a761426,2211,9,2017-11-23 11:50:00.0,vSensor2
e10d13a7-2f31-40e1-87e2-ae7cb8655309,6136,89,2017-11-23 11:50:00.0,vSensor2
e140345d-b31b-4e19-88c9-026ee914d610,2044,84,2017-11-23 11:50:00.0,vSensor2
e4c113d0-c000-4a95-9dbd-3936c126c26a,5208,47,2017-11-23 11:50:00.0,vSensor2
e586586d-21c1-41f2-bce5-5181b470ddc1,4059,81,2017-11-23 11:50:00.0,vSensor2
e81b225b-d736-4c72-8e22-aef2f827bee3,3076,64,2017-11-23 11:50:00.0,vSensor2
e88d159d-437c-4095-b5e5-244ed9e68282,3081,13,2017-11-23 11:50:00.0,vSensor2
e8ca2b01-651d-4e5e-a591-e24e69993d51,2234,25,2017-11-23 11:50:00.0,vSensor2
ea13d983-5f26-428d-b641-81f891e513a9,2002,83,2017-11-23 11:50:00.0,vSensor2
ebcf7a6a-68af-4678-8701-a6191af62ab8,5019,90,2017-11-23 11:50:00.0,vSensor2
ec73fc2e-c171-4ed6-979f-7bc2e10ba028,3082,45,2017-11-23 11:50:00.0,vSensor2
ed298939-48c1-45a8-ac6f-ee13d89c6614,3219,71,2017-11-23 11:50:00.0,vSensor2
efd272b7-d645-49e2-a98a-3494fad41920,4219,95,2017-11-23 11:50:00.0,vSensor2
efff5551-415b-4f05-8b60-8e2c989aaac6,2048,29,2017-11-23 11:50:00.0,vSensor2
f0e73161-03c3-404a-966e-136c5807320c,6212,33,2017-11-23 11:50:00.0,vSensor2
f0eeb2d8-fcf0-45c2-bda9-068b3bdeade5,1431,66,2017-11-23 11:50:00.0,vSensor2
f23eb626-b5a5-47ac-8926-48248713580b,5216,85,2017-11-23 11:50:00.0,vSensor2
f2a44073-27fc-4244-874c-af4fa5e197fe,5209,4,2017-11-23 11:50:00.0,vSensor2
f33c2541-5548-4289-811e-f8980ec7065c,5066,89,2017-11-23 11:50:00.0,vSensor2
f62be0d4-6a56-4341-a1c2-c3a713859794,3062,35,2017-11-23 11:50:00.0,vSensor2
f6f5a221-edd0-4e44-8290-c9c5ef65c25c,2100_7,27,2017-11-23 11:50:00.0,vSensor2
f774b56a-39f2-49b3-981c-762babb47d8c,6072,90,2017-11-23 11:50:00.0,vSensor2
f779b677-1a66-47fe-aec3-c769a8838ffd,5219,45,2017-11-23 11:50:00.0,vSensor2
f79d8399-2036-4b03-a2ce-4d70f2a1a5c5,6210,31,2017-11-23 11:50:00.0,vSensor2
f7aa4ed9-dca1-48ca-a110-bf1674572efa,2202,99,2017-11-23 11:50:00.0,vSensor2
f7b93c96-ecc5-4bbd-8d5e-502cd96aedda,5074,31,2017-11-23 11:50:00.0,vSensor2
f7f42bc4-8c70-4530-8dde-0f315ef7326d,1100,76,2017-11-23 11:50:00.0,vSensor2
f9d72819-c8b0-4f22-a589-b907281d3721,5061,49,2017-11-23 11:50:00.0,vSensor2
fb61a1a8-9e36-4b7e-ada0-ca55d47c49d0,6029,17,2017-11-23 11:50:00.0,vSensor2
fba36f73-662e-4e6a-9908-af2cc92cca44,4100_6,8,2017-11-23 11:50:00.0,vSensor2
fbc37503-d30f-43cf-9e10-0d0c62cf7a8c,3059,21,2017-11-23 11:50:00.0,vSensor2
fc7fca8d-d056-4886-a335-c915af535daa,4222,34,2017-11-23 11:50:00.0,vSensor2
fcd0bc30-537f-412a-940d-52dae0760aec,3241,97,2017-11-23 11:50:00.0,vSensor2
fce267fc-aacf-451b-bec0-970ecdfc8806,1300,17,2017-11-23 11:50:00.0,vSensor2
fdb9777d-8f6c-482a-8b4e-052981591c15,1420,41,2017-11-23 11:50:00.0,vSensor2
