00581031-f30c-478f-ba87-e36244e421f5,4088,62,2017-11-26 01:42:00.0,vSensor2
0073e549-aa68-40c5-ad8c-15c55d06b855,2234,12,2017-11-26 01:42:00.0,vSensor2
00acc1ce-9fb6-43ce-a68a-491d8add5555,5051,20,2017-11-26 01:42:00.0,vSensor2
01187db5-32e9-46e6-ae81-3912cbd8c32a,3100_4,5,2017-11-26 01:42:00.0,vSensor2
014461af-730e-4d67-a872-b6eb8c710331,2038,52,2017-11-26 01:42:00.0,vSensor2
0245e7cf-bb1b-4819-ac13-a21f043bff15,3026,40,2017-11-26 01:42:00.0,vSensor2
024775b5-84b1-4db5-8293-e708af463a0e,4204,97,2017-11-26 01:42:00.0,vSensor2
02e9d925-f7ee-4e0f-9fe7-546e986977a6,5064,38,2017-11-26 01:42:00.0,vSensor2
0305ae7e-be62-4cf0-8c0f-70c8a26858c4,5061,57,2017-11-26 01:42:00.0,vSensor2
035576c9-0ea5-42b2-8bce-99520594d198,3088,90,2017-11-26 01:42:00.0,vSensor2
03943913-7f08-4cc8-a237-1f43a3c7b84c,4084,33,2017-11-26 01:42:00.0,vSensor2
03f5730d-382b-4c43-97fc-5f7cbfa67ca4,5044,87,2017-11-26 01:42:00.0,vSensor2
0449d978-3f96-41ed-a8b0-e87d82a184b8,6084,63,2017-11-26 01:42:00.0,vSensor2
058b2334-97dc-4701-9973-1737dbc5fde9,6066,78,2017-11-26 01:42:00.0,vSensor2
068c08a9-cad6-44eb-b137-641050d6ad66,6034,7,2017-11-26 01:42:00.0,vSensor2
093c19e0-d1c0-4c3e-96c7-3f952fb4f50f,2243,9,2017-11-26 01:42:00.0,vSensor2
09c76255-8198-4dd8-9e8d-46c8e42d0ef1,5026,53,2017-11-26 01:42:00.0,vSensor2
0a3555a0-9c24-4d18-b8e6-d9e18c0f59af,2056,10,2017-11-26 01:42:00.0,vSensor2
0b9a79d7-52c0-4d66-82af-225e85fa2d44,4226,87,2017-11-26 01:42:00.0,vSensor2
0c56fbf1-2a22-4455-bdcb-8a28cbc0532c,4100_1,8,2017-11-26 01:42:00.0,vSensor2
0ce60c81-97f0-47d0-800a-3fc1dd3225b8,3064,84,2017-11-26 01:42:00.0,vSensor2
0d56ab8e-c343-4d1e-8fe7-2820a4e6f539,3061,15,2017-11-26 01:42:00.0,vSensor2
0d62ed92-95ee-458c-9df1-73ee21baceb5,6028,88,2017-11-26 01:42:00.0,vSensor2
100ac807-7ba4-496b-8ff8-cf2a775d84f3,5072,93,2017-11-26 01:42:00.0,vSensor2
10115e0c-3732-4bcd-b89d-916d36b97330,3002,26,2017-11-26 01:42:00.0,vSensor2
14190cf2-b398-4b1c-8806-15d54fd5831e,6042,34,2017-11-26 01:42:00.0,vSensor2
16331cbe-00c0-46be-ba6e-d0c1b931afc5,3224,89,2017-11-26 01:42:00.0,vSensor2
16d8e09e-64ce-4e13-af2e-e2047b29294a,3086,26,2017-11-26 01:42:00.0,vSensor2
18259c6f-deb2-4dfe-8c5b-e6fa26a1a8a3,2100_9,2,2017-11-26 01:42:00.0,vSensor2
192ecdde-27f2-4bb4-8dd7-28efe80d33c6,2089,73,2017-11-26 01:42:00.0,vSensor2
1ae4c4fc-d038-4454-9b77-ff801055ad3c,4042,20,2017-11-26 01:42:00.0,vSensor2
1b18a48b-c0c9-4db9-a602-c6340f2f5182,4206,92,2017-11-26 01:42:00.0,vSensor2
1ccfb68b-4ac5-46b7-9b99-8d823bf17974,4064,2,2017-11-26 01:42:00.0,vSensor2
1cdcdc29-d225-4cab-b725-a41f2707a843,5042,31,2017-11-26 01:42:00.0,vSensor2
1d1cb4b6-b38e-4815-8bc1-6e6d0d114a04,4208,8,2017-11-26 01:42:00.0,vSensor2
1d66bb89-ef57-4349-b534-cb76d73eed81,3100_8,22,2017-11-26 01:42:00.0,vSensor2
21362095-c9e5-4bec-8567-0eafb9223662,2209,7,2017-11-26 01:42:00.0,vSensor2
22124b06-d2b4-4da7-a842-4469a28e9377,2072,19,2017-11-26 01:42:00.0,vSensor2
2251c7c7-b567-410e-9245-f2918edaac2d,2100_7,27,2017-11-26 01:42:00.0,vSensor2
226b4e3c-39e9-49bc-8b39-6e8d9e69805d,4011,93,2017-11-26 01:42:00.0,vSensor2
22b8bcdb-b458-49bc-9934-b702f26160f3,3056,91,2017-11-26 01:42:00.0,vSensor2
23eddd4e-7667-4ecd-8e9c-e24f40cc1dec,2208,6,2017-11-26 01:42:00.0,vSensor2
263d6c7a-a8a0-40e5-9617-aabcdc982cb9,6026,36,2017-11-26 01:42:00.0,vSensor2
26414c63-9e0d-4b85-a3a6-b0b3bfa0347c,5048,44,2017-11-26 01:42:00.0,vSensor2
26f07346-39d1-4e7f-8f7c-577b54002958,2011,83,2017-11-26 01:42:00.0,vSensor2
276f6c11-51f8-4170-9e49-d7fb39c0fc51,6219,58,2017-11-26 01:42:00.0,vSensor2
2910a2a4-8be1-4272-9187-05054267e7cf,2100_2,24,2017-11-26 01:42:00.0,vSensor2
2911ef1c-0d15-4d58-bf37-efb278ffe952,2008,99,2017-11-26 01:42:00.0,vSensor2
2951a812-2a17-4373-9f7c-4b4b642f4310,1429,92,2017-11-26 01:42:00.0,vSensor2
296a7af2-f9df-4c88-891a-91860eae5dc4,4209,96,2017-11-26 01:42:00.0,vSensor2
2a5f6103-a654-4013-bed3-b44e9d88f54d,4044,27,2017-11-26 01:42:00.0,vSensor2
2a8fb537-0d18-455c-a844-31c0be0609ad,1300,33,2017-11-26 01:42:00.0,vSensor2
2abb0929-4ed0-4eef-b325-3e61ee3c9f2b,3065,11,2017-11-26 01:42:00.0,vSensor2
2ad1d21c-1c78-4551-b31d-b4b89accb5d1,3209,25,2017-11-26 01:42:00.0,vSensor2
2b8c588d-f6fb-4ea5-8877-28d78e37940b,2029,46,2017-11-26 01:42:00.0,vSensor2
2b9b6c1a-2677-47da-8d44-5f6ef14a3deb,5039,84,2017-11-26 01:42:00.0,vSensor2
2dfcf02d-2152-48c5-b128-dd1a376abade,5013,18,2017-11-26 01:42:00.0,vSensor2
2e253b47-45cf-4194-a41c-e862949c7543,3231,10,2017-11-26 01:42:00.0,vSensor2
2f49ca16-1b40-4969-b7bf-d4338fd33dc3,2081,72,2017-11-26 01:42:00.0,vSensor2
2f800f4e-0394-4d48-9058-840108d98e8f,3013,48,2017-11-26 01:42:00.0,vSensor2
2f884eeb-732e-47fd-89b6-ea01de00a470,5059,57,2017-11-26 01:42:00.0,vSensor2
2fb82b0b-209c-4c04-b1dc-e3ecc4557ec2,4241,61,2017-11-26 01:42:00.0,vSensor2
3014fe05-b7b0-4999-9e88-dd54c9e95d40,4224,37,2017-11-26 01:42:00.0,vSensor2
303ae568-d94d-4ab8-9ea9-e0904cb28797,4089,85,2017-11-26 01:42:00.0,vSensor2
324a0ff3-1248-422f-928d-81480b996035,4052,64,2017-11-26 01:42:00.0,vSensor2
32dd23fb-5e63-45da-a88a-bf434b32de62,5216,43,2017-11-26 01:42:00.0,vSensor2
332d2941-7b89-4452-89a4-b25354a6bc00,4013,66,2017-11-26 01:42:00.0,vSensor2
334b5818-07b6-44cd-9c75-49664e28a326,3226,70,2017-11-26 01:42:00.0,vSensor2
3377ce83-f625-4e82-a923-ad598f776594,5224,89,2017-11-26 01:42:00.0,vSensor2
34e96824-c25c-48b9-af91-93890e0a23c5,3008,74,2017-11-26 01:42:00.0,vSensor2
350c9a82-dfd2-4ac9-b2c9-9f64fb2ab35d,3100_10,79,2017-11-26 01:42:00.0,vSensor2
35f28602-a4ef-4794-9d03-44d745862aa6,3228,94,2017-11-26 01:42:00.0,vSensor2
3716d940-22f5-41cd-b86e-df014a0f9fba,2214,64,2017-11-26 01:42:00.0,vSensor2
3717d380-3e20-4e75-b035-41cbc2bf27e7,6048,48,2017-11-26 01:42:00.0,vSensor2
37b0d4ae-cdb3-41f2-8ff9-e629b6e7ec2b,4066,12,2017-11-26 01:42:00.0,vSensor2
37c206a5-9893-4cbe-b884-e4a7bda30fa0,4100_2,22,2017-11-26 01:42:00.0,vSensor2
37dc8652-b113-4a60-a823-6efc16a33cf2,2232,13,2017-11-26 01:42:00.0,vSensor2
37e9c2d1-ef87-4706-9c5e-2a21b99c38d6,4076,91,2017-11-26 01:42:00.0,vSensor2
39a4c4e2-729e-4bc2-b1b2-d2abb8d34efb,5100_3,55,2017-11-26 01:42:00.0,vSensor2
3a524786-c11f-45f9-8553-2e4b1102a681,2099,84,2017-11-26 01:42:00.0,vSensor2
3ae72f07-0ba0-47a3-b99b-6453575ceb2a,6062,14,2017-11-26 01:42:00.0,vSensor2
3b3c6c94-1b69-48eb-9d14-b96c55268640,2052,41,2017-11-26 01:42:00.0,vSensor2
3bd8ad35-cc61-4f5f-9ff9-a79ece243ffc,5221,66,2017-11-26 01:42:00.0,vSensor2
3bdfe010-9ced-4ddd-8c61-a03f383ad560,4100_8,90,2017-11-26 01:42:00.0,vSensor2
3cbf5cfb-5be4-4491-accb-61740c22526b,4234,19,2017-11-26 01:42:00.0,vSensor2
3cd39fd8-8d5e-4bdf-801e-368de5305323,4211,63,2017-11-26 01:42:00.0,vSensor2
3e00b64e-a8c5-41b5-aa60-e89045864cbb,2061,54,2017-11-26 01:42:00.0,vSensor2
3f0823a4-4f95-401b-a86c-fb949ca124de,3204,30,2017-11-26 01:42:00.0,vSensor2
40b7335b-0655-4684-9352-64692234e406,3221,52,2017-11-26 01:42:00.0,vSensor2
40f402e9-3d6a-431d-95b5-9b77129b8ba2,6068,14,2017-11-26 01:42:00.0,vSensor2
422dad68-65bd-4a8b-bfba-a986d8bb4a74,2226,24,2017-11-26 01:42:00.0,vSensor2
428ed09d-256b-47db-a608-ad739640bf80,5211,63,2017-11-26 01:42:00.0,vSensor2
42a43d86-af0b-4ed3-b23c-1ad27ebad749,3044,91,2017-11-26 01:42:00.0,vSensor2
42aa6148-52e0-40dc-be07-a821661a1cbf,5082,66,2017-11-26 01:42:00.0,vSensor2
4329840a-3044-4b1a-88e1-9690a633d8e2,3100_7,81,2017-11-26 01:42:00.0,vSensor2
440152ba-8f6c-47de-a09a-c2b5ac3e1780,3019,78,2017-11-26 01:42:00.0,vSensor2
443a2946-b533-45d6-b950-d7d47baa0cbf,2212,29,2017-11-26 01:42:00.0,vSensor2
446cc21c-a897-43b3-bfe6-f0099661fd15,5100_2,25,2017-11-26 01:42:00.0,vSensor2
44a623e1-762f-42cf-ac4e-60d66111ec86,3066,72,2017-11-26 01:42:00.0,vSensor2
45011b9d-b6e4-4d37-8c26-3b2f02c53214,3099,99,2017-11-26 01:42:00.0,vSensor2
4528e480-cf83-4c50-a2f9-935faa1947b6,4062,51,2017-11-26 01:42:00.0,vSensor2
45af8adb-e48d-4994-85a7-c90d0d79bbe4,5202,30,2017-11-26 01:42:00.0,vSensor2
46467f85-3c55-496b-b3a2-904fb5efaef8,5054,88,2017-11-26 01:42:00.0,vSensor2
4752580a-6d3b-471e-96c0-5f6a62d465d8,2204,18,2017-11-26 01:42:00.0,vSensor2
47a14b0d-fa57-43df-9628-a8ccd46c9f1c,5219,95,2017-11-26 01:42:00.0,vSensor2
47cae8eb-32d9-49a4-a4f1-f461e80f0495,1434,84,2017-11-26 01:42:00.0,vSensor2
47cf00ed-097f-4720-acaa-5fa36de2ef90,3076,19,2017-11-26 01:42:00.0,vSensor2
4810d7e6-1b47-4eda-9e81-95fe795814ea,1428,70,2017-11-26 01:42:00.0,vSensor2
4a3cf8fd-ce63-4e06-9904-65345a3ee7b6,4059,8,2017-11-26 01:42:00.0,vSensor2
4a8e3269-ac9b-4de8-944f-303a465547b7,5204,9,2017-11-26 01:42:00.0,vSensor2
4bf04348-84fb-4898-885e-10a0891c81dc,3100_5,7,2017-11-26 01:42:00.0,vSensor2
4c2932da-26d3-4091-9ca4-8ec793218953,1413,16,2017-11-26 01:42:00.0,vSensor2
4cbbff5d-506c-4ecd-9c0b-017c65c3c30e,5226,85,2017-11-26 01:42:00.0,vSensor2
4d90007c-ee9e-4233-8670-9f625dafbd59,1407,89,2017-11-26 01:42:00.0,vSensor2
4dac594f-b6b5-4cbc-a87a-2397f508829e,3234,1,2017-11-26 01:42:00.0,vSensor2
4dff2e4c-1fa3-4a0a-8894-fd14124a4f01,3092,42,2017-11-26 01:42:00.0,vSensor2
4ead87da-c9f9-4ed2-bf5c-b5d917b54789,6086,86,2017-11-26 01:42:00.0,vSensor2
4ec8955f-42ea-4bdf-b922-4b23e97dba51,4231,92,2017-11-26 01:42:00.0,vSensor2
4fc94364-1d89-4dd7-af55-150f32859be9,4232,63,2017-11-26 01:42:00.0,vSensor2
50105165-355d-41a8-bdc1-f489ef8f4095,2028,8,2017-11-26 01:42:00.0,vSensor2
50c01cfa-8ac2-4b2f-8403-d53592ba527a,2082,93,2017-11-26 01:42:00.0,vSensor2
50cf682b-1a23-4bea-a74b-6680bfe96d59,6019,56,2017-11-26 01:42:00.0,vSensor2
50d28b51-66af-4e70-b2ce-3f51d24c82bc,2219,79,2017-11-26 01:42:00.0,vSensor2
50f314a5-eefe-431e-8ff2-31c0fb09f8bb,4082,79,2017-11-26 01:42:00.0,vSensor2
51a1ec96-52b6-4781-a6ae-2aaeff7a1677,1600,80,2017-11-26 01:42:00.0,vSensor2
544e7400-25a6-46ab-8c59-81badbe9824b,4219,35,2017-11-26 01:42:00.0,vSensor2
54d544bf-4eaf-4f9a-9980-d546d15cbd0c,4004,33,2017-11-26 01:42:00.0,vSensor2
57515abc-0940-4296-8b0a-3e90142ea8b1,6039,50,2017-11-26 01:42:00.0,vSensor2
57640fa1-047c-4ce4-ae22-fc958ec0537a,4081,77,2017-11-26 01:42:00.0,vSensor2
5793f4e8-4524-49b1-849e-21f39dfbbfb9,4100_9,41,2017-11-26 01:42:00.0,vSensor2
57e93aea-937f-4e52-8b2b-a74b0177c28f,6082,46,2017-11-26 01:42:00.0,vSensor2
58903aa3-cb44-42d2-aaf8-82a7beb2c00b,6044,18,2017-11-26 01:42:00.0,vSensor2
59228944-8bb8-4fd5-9d42-500937d9721f,6076,54,2017-11-26 01:42:00.0,vSensor2
5a194569-1df2-4f9a-9545-d9e391ffe462,2206,44,2017-11-26 01:42:00.0,vSensor2
5c91f3c8-583f-4782-8396-78e4c552f617,1427,67,2017-11-26 01:42:00.0,vSensor2
5d865aea-81e3-4348-a239-a844144715ec,2100_4,95,2017-11-26 01:42:00.0,vSensor2
5e446c65-17f8-4637-a425-a3738bbac5c1,5100_4,67,2017-11-26 01:42:00.0,vSensor2
5e4e2671-1615-43e2-bfc1-de4fb0d0e8f9,4048,5,2017-11-26 01:42:00.0,vSensor2
5e8ead1e-cf4f-49c8-aa42-334f224fd542,3042,83,2017-11-26 01:42:00.0,vSensor2
5fac7fc9-18c4-444c-9882-beb062e7497c,2211,14,2017-11-26 01:42:00.0,vSensor2
60b32bc7-beed-4e0d-94e5-7deb3c3227d3,3082,51,2017-11-26 01:42:00.0,vSensor2
60cd64b7-40f4-4a0f-abb7-1d4d8d65f6b6,5008,65,2017-11-26 01:42:00.0,vSensor2
648b2300-06ae-4911-a4d9-d7376d00c89e,6218,13,2017-11-26 01:42:00.0,vSensor2
64ccd54a-bf84-454f-9d00-92d3431961a6,4072,56,2017-11-26 01:42:00.0,vSensor2
64ce1a4a-dfea-4707-b9fd-a83654eb0685,2069,59,2017-11-26 01:42:00.0,vSensor2
66106f5d-535a-4132-a191-71a150f69702,1412,73,2017-11-26 01:42:00.0,vSensor2
66a99800-f4f2-4076-b568-024e443fc875,5212,97,2017-11-26 01:42:00.0,vSensor2
66c8f881-8c0e-4e73-b3c5-47e56fdb3a96,5088,7,2017-11-26 01:42:00.0,vSensor2
6715acec-e621-410a-9aa0-290563b4ee95,3038,0,2017-11-26 01:42:00.0,vSensor2
677b2f1b-2d36-4ee3-8f2c-b3c2e7e925de,5019,91,2017-11-26 01:42:00.0,vSensor2
68cc3de8-af9e-4c3f-92ff-ab851134428c,5056,10,2017-11-26 01:42:00.0,vSensor2
691a0d83-c95b-4dc1-9c50-28bad10e025e,5038,23,2017-11-26 01:42:00.0,vSensor2
69b4bbae-ffad-43d0-be4e-79e3e5dd78ca,6215,97,2017-11-26 01:42:00.0,vSensor2
69ea67e6-9a1a-4449-9e8c-f5d8d3019b38,4202,18,2017-11-26 01:42:00.0,vSensor2
6ba67979-6d4f-4e46-b0b1-53a3021e2268,5099,85,2017-11-26 01:42:00.0,vSensor2
6cf0bcf7-db53-4a11-8f16-301485013569,2058,1,2017-11-26 01:42:00.0,vSensor2
6d395ce4-632e-4e38-b9d0-41ee5a34a53d,5052,8,2017-11-26 01:42:00.0,vSensor2
6db4ded6-df21-4365-af3a-e4773ed2245a,5058,92,2017-11-26 01:42:00.0,vSensor2
6e6182f8-85e7-4129-80f6-f96733a22def,2100_6,41,2017-11-26 01:42:00.0,vSensor2
6f06833c-65c4-4269-883e-0bdc4d1acbe4,3212,48,2017-11-26 01:42:00.0,vSensor2
6f1689a6-60fe-4769-8f04-95fc0bdb2db3,4100_5,97,2017-11-26 01:42:00.0,vSensor2
7098a17f-e7a1-4061-b773-f75600fbf48c,3100_1,75,2017-11-26 01:42:00.0,vSensor2
70ba5ce8-1f4e-4bde-aaa0-fc5225123191,3232,42,2017-11-26 01:42:00.0,vSensor2
7120562d-c8a1-4657-ab29-7a86c6c6cb7b,2013,49,2017-11-26 01:42:00.0,vSensor2
72691dd3-85b3-4fed-888e-aae3717b7594,6212,35,2017-11-26 01:42:00.0,vSensor2
72d4001d-df81-4f1e-ab41-7f4a0109956f,2224,89,2017-11-26 01:42:00.0,vSensor2
72e88056-52af-4932-a1a5-9ec88aa79caa,2216,36,2017-11-26 01:42:00.0,vSensor2
7419b5c8-7d09-4d99-b751-4ea711f1fe5b,3081,56,2017-11-26 01:42:00.0,vSensor2
748dfa37-1b44-45a0-9215-22a5c163e9ac,3032,93,2017-11-26 01:42:00.0,vSensor2
75c78732-5b74-4cf7-a548-88367784b2b5,4051,41,2017-11-26 01:42:00.0,vSensor2
75f55fe8-ca26-4ded-89d2-286df596191d,1431,60,2017-11-26 01:42:00.0,vSensor2
76784c98-b76e-4a31-9655-13070e6a4409,2059,81,2017-11-26 01:42:00.0,vSensor2
77d1a95e-ef26-4b74-a1c2-1e004a9773e5,2032,3,2017-11-26 01:42:00.0,vSensor2
79048ee6-de5c-4bcd-84c9-ff79f6564292,2228,25,2017-11-26 01:42:00.0,vSensor2
79e696f4-f5f1-4653-8f82-ca4c616a46c6,6210,21,2017-11-26 01:42:00.0,vSensor2
7a7e255c-068a-4702-baec-08be0ffcd58d,5231,69,2017-11-26 01:42:00.0,vSensor2
7ca0e5e7-6458-4d59-8402-b8307799c605,5234,13,2017-11-26 01:42:00.0,vSensor2
7d612207-9e47-49be-98f5-59a43305864d,5100_9,51,2017-11-26 01:42:00.0,vSensor2
81da8b3b-e1fa-4c3a-9170-99c8ae7ae36a,3028,98,2017-11-26 01:42:00.0,vSensor2
8259db7e-df58-4550-a325-9c87b03a6c82,3029,83,2017-11-26 01:42:00.0,vSensor2
82b58e58-1ae4-4cb4-a77d-57621c6e549b,3074,28,2017-11-26 01:42:00.0,vSensor2
82ec7d16-1855-4511-8f56-23ae02dd4a21,2086,14,2017-11-26 01:42:00.0,vSensor2
82efa519-ac51-4b56-8083-f55e406346f6,2100_8,27,2017-11-26 01:42:00.0,vSensor2
8434b687-e260-40e8-a317-e322ab586d88,5092,39,2017-11-26 01:42:00.0,vSensor2
843dd55d-c599-4213-858f-2940a9b4f568,1100,3,2017-11-26 01:42:00.0,vSensor2
86bb3802-7eed-4e61-8ac8-7e6b42c49c73,1422,30,2017-11-26 01:42:00.0,vSensor2
8751d8ab-aaf5-4abd-80cd-cce7c1b6086f,3202,59,2017-11-26 01:42:00.0,vSensor2
88570678-cec9-42d7-b6bf-737be7c23f6d,3216,50,2017-11-26 01:42:00.0,vSensor2
88d541cf-1fcb-43d4-beb0-7fb7481b026c,2084,88,2017-11-26 01:42:00.0,vSensor2
8a091543-6f09-4271-8bb7-a62fd8e53599,3222,56,2017-11-26 01:42:00.0,vSensor2
8a180795-6ce4-41cc-b982-9a902d285352,6072,16,2017-11-26 01:42:00.0,vSensor2
8b496a5b-1aec-4b40-b851-7cb9c5bfd229,5222,17,2017-11-26 01:42:00.0,vSensor2
8b6c7b40-82e9-42de-8a8e-30f4aa289843,5091,62,2017-11-26 01:42:00.0,vSensor2
8ba3e0f0-1919-45b0-9e5f-9c5a8dd0778d,2051,27,2017-11-26 01:42:00.0,vSensor2
8ccab39a-43c6-44df-ac6e-0fb88289295d,5228,97,2017-11-26 01:42:00.0,vSensor2
8cd12097-a20b-4f7b-94de-7e4382000dbf,2074,12,2017-11-26 01:42:00.0,vSensor2
8cf02b06-69e1-4ef6-ae59-e17211ba390e,4228,35,2017-11-26 01:42:00.0,vSensor2
8e6e814e-ba18-4144-a33f-aa7a2251d582,2066,41,2017-11-26 01:42:00.0,vSensor2
8e8f2f90-84d7-4ba4-9df8-3efbaccff115,2221,67,2017-11-26 01:42:00.0,vSensor2
8eccad7d-a374-4c07-8e0c-e213259e44a2,5241,17,2017-11-26 01:42:00.0,vSensor2
8ef9d8b4-5cc2-40aa-b880-4d59ebc140e9,4026,60,2017-11-26 01:42:00.0,vSensor2
90ab42ac-364e-46e5-bea6-e81fd1304725,2042,5,2017-11-26 01:42:00.0,vSensor2
91a5694c-778c-4f8c-8855-1da5e075d1ae,2068,40,2017-11-26 01:42:00.0,vSensor2
926fa415-1fe9-41a2-a2b5-e0136eb7458d,6211,57,2017-11-26 01:42:00.0,vSensor2
92bd84de-b720-476d-b361-f1c00fc07170,2026,90,2017-11-26 01:42:00.0,vSensor2
93c95546-c26c-40ca-a2f0-bd7472854343,5081,1,2017-11-26 01:42:00.0,vSensor2
9435f5e0-66a6-4656-b61c-15c1ab911f2f,2222,19,2017-11-26 01:42:00.0,vSensor2
9698b471-e72b-4fee-b5e0-5696eae26d26,3100_2,84,2017-11-26 01:42:00.0,vSensor2
983d2fa7-6af5-4ef6-8583-99c486ca3cbf,4100_6,23,2017-11-26 01:42:00.0,vSensor2
983eed90-6dc6-4633-9b34-a74bce8c8529,3069,15,2017-11-26 01:42:00.0,vSensor2
997795fd-9b74-4994-a4bd-6ef15233e94b,4068,81,2017-11-26 01:42:00.0,vSensor2
9aeffd3c-7ba4-4986-9192-326dd1c9197f,4212,75,2017-11-26 01:42:00.0,vSensor2
9af9c331-f39e-4d27-abce-e00bf0499d8c,2091,56,2017-11-26 01:42:00.0,vSensor2
9c11daf2-8a9b-4540-b972-f06c4b845446,3219,38,2017-11-26 01:42:00.0,vSensor2
9cc3e2d0-df40-43c7-abb3-d0c148862da0,1403,77,2017-11-26 01:42:00.0,vSensor2
9d999351-9832-4764-b7e9-10618da54053,4039,46,2017-11-26 01:42:00.0,vSensor2
9dd98973-c8a9-4ad7-92cd-16d8da11a448,4054,50,2017-11-26 01:42:00.0,vSensor2
9ed2a2ea-cc94-475c-8817-69242f0919f2,4028,63,2017-11-26 01:42:00.0,vSensor2
9fb67211-4568-4b48-8c2e-438312b2e1ea,4091,25,2017-11-26 01:42:00.0,vSensor2
a05563e5-2ef2-499a-a9e2-2fe116ce0c87,4038,63,2017-11-26 01:42:00.0,vSensor2
a12fce2f-afb1-45d1-a772-624e5f785110,5100_8,1,2017-11-26 01:42:00.0,vSensor2
a1c383d1-5262-4d97-8904-9e1a296a230f,3004,85,2017-11-26 01:42:00.0,vSensor2
a1d73c80-878a-44b6-9b59-f0a6b721d5c5,2062,55,2017-11-26 01:42:00.0,vSensor2
a32ba5c2-8ba1-479c-ade6-757c2e698d5e,6213,87,2017-11-26 01:42:00.0,vSensor2
a35f9786-5740-439a-81d0-6364c531adfc,3100_9,34,2017-11-26 01:42:00.0,vSensor2
a36c39ee-c98b-4c6a-9bc9-dd7c96d6bed8,5084,81,2017-11-26 01:42:00.0,vSensor2
a54dd601-d395-4323-942c-0eedfdfca9cf,3241,45,2017-11-26 01:42:00.0,vSensor2
a6065ec6-0512-45da-9134-d163ba8a727f,5100_10,72,2017-11-26 01:42:00.0,vSensor2
a6a34eeb-dd86-4735-9a58-85751128779b,6136,95,2017-11-26 01:42:00.0,vSensor2
a7c3fe2d-9e56-4905-886b-de8bd2ae9d89,5066,81,2017-11-26 01:42:00.0,vSensor2
a81b241a-1335-46b9-bc0e-25f19e500615,3206,91,2017-11-26 01:42:00.0,vSensor2
a84d7127-269f-446e-981a-a988c4d9a14c,2004,4,2017-11-26 01:42:00.0,vSensor2
a9342907-0445-422f-add0-625f9eaad837,4008,95,2017-11-26 01:42:00.0,vSensor2
a97414d1-943c-40ec-b48a-bed9ecc9a6a7,5062,29,2017-11-26 01:42:00.0,vSensor2
aa7ed6e3-05c5-41b8-9085-b13a0565aa3a,6064,25,2017-11-26 01:42:00.0,vSensor2
aaac4ab7-3af8-4d7e-bf4d-30f4a2972624,5069,23,2017-11-26 01:42:00.0,vSensor2
aafdfee2-e043-4da8-b0fd-785ab7a82c02,3059,34,2017-11-26 01:42:00.0,vSensor2
ab471449-7b30-4f5c-8884-07f60dc9176e,6088,89,2017-11-26 01:42:00.0,vSensor2
ad266851-2232-4c42-a4a5-a1b2791f8248,6132,93,2017-11-26 01:42:00.0,vSensor2
ad9e5fe7-5921-4127-b265-6028c13a73f0,1420,26,2017-11-26 01:42:00.0,vSensor2
aee7a55a-1dd0-4af1-a533-fd080c8d05ab,2065,96,2017-11-26 01:42:00.0,vSensor2
b0204b62-ca50-48f9-b3c7-b3c2bc81f348,5004,3,2017-11-26 01:42:00.0,vSensor2
b0d789b0-0c6d-4991-8f80-95dccec016c4,3039,72,2017-11-26 01:42:00.0,vSensor2
b18ab853-53e7-4e48-85e2-88a0a886dfcb,3011,25,2017-11-26 01:42:00.0,vSensor2
b1dacf0e-9b59-481b-95ae-ef268ea319d3,5100_7,14,2017-11-26 01:42:00.0,vSensor2
b20bb877-5988-4b41-9757-a0cb0f93eca2,5032,96,2017-11-26 01:42:00.0,vSensor2
b2519972-c783-4b7d-a67d-b267958d9ef0,1433,14,2017-11-26 01:42:00.0,vSensor2
b33224cc-516b-483e-82c4-0ae3c81158eb,6036,31,2017-11-26 01:42:00.0,vSensor2
b3a8d567-f3da-47f2-bffb-8682c1875dd0,4100_4,12,2017-11-26 01:42:00.0,vSensor2
b4a3e670-20d1-4d10-b60d-68833c3d3d18,4002,5,2017-11-26 01:42:00.0,vSensor2
b5709027-40bf-4816-a783-a3876024e561,2092,60,2017-11-26 01:42:00.0,vSensor2
b576503d-dcf4-40a3-be5a-3a940db3c17d,4092,65,2017-11-26 01:42:00.0,vSensor2
b6c498c0-4d4e-420b-b989-58ceae8173b3,4221,78,2017-11-26 01:42:00.0,vSensor2
b70d6e3a-e5f8-4439-8662-43bb0d7ff9f7,6029,4,2017-11-26 01:42:00.0,vSensor2
b75f5ccd-d074-41b8-ba33-f7cc760beb84,4100_3,76,2017-11-26 01:42:00.0,vSensor2
b88a25a3-c2e8-4f07-9d40-968499cf2318,5002,5,2017-11-26 01:42:00.0,vSensor2
baefa2f8-0b74-4181-b5a2-cfc697ec1d52,5206,96,2017-11-26 01:42:00.0,vSensor2
bb37974d-2bb8-4d68-b7cc-5098d2c206ef,2002,24,2017-11-26 01:42:00.0,vSensor2
bb447336-0c93-4867-9b32-108e5d209334,5208,66,2017-11-26 01:42:00.0,vSensor2
bb93dfad-a87c-4c02-9fe3-4a2f5d6c7c5d,6032,60,2017-11-26 01:42:00.0,vSensor2
bbce1e6e-db22-4940-a673-5488d6c60972,3058,80,2017-11-26 01:42:00.0,vSensor2
bccdc52f-7611-4cc4-92c7-ee8fda357c02,3100_6,88,2017-11-26 01:42:00.0,vSensor2
bd8a17f9-6c0d-46cd-ba37-d5ba55a087b4,2054,48,2017-11-26 01:42:00.0,vSensor2
be704178-0a7a-4488-b575-aed83443bc6a,2202,58,2017-11-26 01:42:00.0,vSensor2
bf2fe2b5-5d1b-45a3-bbfd-ada8861146e3,3100_3,46,2017-11-26 01:42:00.0,vSensor2
c034c524-271a-44a0-8584-1d5a9f2a361b,2048,37,2017-11-26 01:42:00.0,vSensor2
c0409cb7-7446-4c8c-b996-6641dc7fd6bb,3208,56,2017-11-26 01:42:00.0,vSensor2
c111e12c-2991-4353-ab3b-f60836fdcaa3,5100_1,22,2017-11-26 01:42:00.0,vSensor2
c131933a-6935-4ac6-87bd-15c9c2b7ec10,3214,63,2017-11-26 01:42:00.0,vSensor2
c291ccaa-45db-4257-9697-8fc35c121af8,2019,78,2017-11-26 01:42:00.0,vSensor2
c2e75fcb-c2d6-4f66-a240-0ab6b92dd1bc,4056,21,2017-11-26 01:42:00.0,vSensor2
c4079a1b-b486-4f7a-a02b-eaa7ec3444ac,2039,77,2017-11-26 01:42:00.0,vSensor2
c4d34c06-bfd4-4a02-a66b-8f0b17e25b65,2100_10,99,2017-11-26 01:42:00.0,vSensor2
c4fd5768-c54f-4d1d-81a2-739bec3bcb61,4099,78,2017-11-26 01:42:00.0,vSensor2
c5f3b86a-7a0b-4e63-8938-6d8d776f91b7,5089,61,2017-11-26 01:42:00.0,vSensor2
c61071bf-2246-436d-bc3b-520a550f9414,1425,40,2017-11-26 01:42:00.0,vSensor2
c7032bfa-3951-462e-a986-5fc0f42380c7,6092,97,2017-11-26 01:42:00.0,vSensor2
c7619fa9-f12a-4631-949d-c8967654d5d4,6011,7,2017-11-26 01:42:00.0,vSensor2
c7c964ca-f646-48f6-816d-1fa1b8ec768a,5068,72,2017-11-26 01:42:00.0,vSensor2
c8a3c8e5-6e67-48d3-a630-0d53ffb5d904,2044,68,2017-11-26 01:42:00.0,vSensor2
ca2d57b2-8adc-46df-a152-ee12736217e9,4216,10,2017-11-26 01:42:00.0,vSensor2
cdba6a4e-87a5-4849-87c4-67e9fd81750c,5214,5,2017-11-26 01:42:00.0,vSensor2
ce275792-4dd0-4b7f-9e02-4a35ab0115f1,4074,66,2017-11-26 01:42:00.0,vSensor2
ce701b3f-f379-4b55-9b0f-dac1e195d6f5,5243,9,2017-11-26 01:42:00.0,vSensor2
ced0becf-e67f-405a-8de4-8640603be1fa,3211,19,2017-11-26 01:42:00.0,vSensor2
ceebb1ed-c3db-4766-b7e0-0053ef479b5f,2100_1,16,2017-11-26 01:42:00.0,vSensor2
d2462de0-fb43-4129-bf44-40a67db7a42c,2088,36,2017-11-26 01:42:00.0,vSensor2
d393fc23-20d9-459a-a48e-e029756163b6,3054,95,2017-11-26 01:42:00.0,vSensor2
d42389d6-05be-489c-95c9-6678bf055614,4069,0,2017-11-26 01:42:00.0,vSensor2
d46e1e3b-1d5b-4d41-9dcd-2611125f8d6a,4222,64,2017-11-26 01:42:00.0,vSensor2
d4bffb1b-5914-40d0-aa99-eb75fd862df8,4243,8,2017-11-26 01:42:00.0,vSensor2
d543508e-865e-46c9-8694-57d26861ae1f,2241,28,2017-11-26 01:42:00.0,vSensor2
d6ab6b65-cdc0-49e4-8440-d35360daeeb7,6049,80,2017-11-26 01:42:00.0,vSensor2
d7649fad-a24c-439e-aaee-1a864a9ca7ab,4058,74,2017-11-26 01:42:00.0,vSensor2
d9584945-cb94-4540-8266-be7782990a5b,5209,2,2017-11-26 01:42:00.0,vSensor2
da1e2e5e-3734-4d5d-a333-a8884fd0835e,2064,81,2017-11-26 01:42:00.0,vSensor2
da3c9d41-4109-4279-9a68-bda617432054,3062,18,2017-11-26 01:42:00.0,vSensor2
dbc0e72c-1753-4525-a7ce-ce4c85e4fb80,4032,42,2017-11-26 01:42:00.0,vSensor2
de3104be-0b82-4521-a42b-a66d20510314,4065,46,2017-11-26 01:42:00.0,vSensor2
df267ed1-fc32-414c-8860-3c397e7c0dff,5029,99,2017-11-26 01:42:00.0,vSensor2
dfb37e86-05fd-47b3-8625-790fef77ccc0,1200,75,2017-11-26 01:42:00.0,vSensor2
e0b9f018-985d-442e-8bcd-88688e005b56,6013,7,2017-11-26 01:42:00.0,vSensor2
e1213571-f94f-47ea-8cef-e8ca1c0dec44,3051,59,2017-11-26 01:42:00.0,vSensor2
e26ccd64-0b29-4132-9aca-9d4367ea490d,6046,60,2017-11-26 01:42:00.0,vSensor2
e3bdde32-1e97-435a-b507-fb7dd4871e59,6024,95,2017-11-26 01:42:00.0,vSensor2
e5100fd5-7ea7-4ec4-8f66-e8500f100884,6051,87,2017-11-26 01:42:00.0,vSensor2
e5b01ab6-c77a-4d48-b1f3-5dc446018dbe,5011,29,2017-11-26 01:42:00.0,vSensor2
e70c226a-a906-4f69-96ef-cdc67dae44d7,4086,82,2017-11-26 01:42:00.0,vSensor2
e711d02f-d70f-460a-bab0-6c7bba5aed1a,3048,88,2017-11-26 01:42:00.0,vSensor2
e81858b3-4235-4d63-8fac-e3568a5b169a,6052,84,2017-11-26 01:42:00.0,vSensor2
e8dfaa2e-af81-414a-b4bd-5089979c6ee2,4214,35,2017-11-26 01:42:00.0,vSensor2
ea532907-7be2-422a-a97e-d52f809979d5,3068,69,2017-11-26 01:42:00.0,vSensor2
ea8385f7-7e1f-491d-8bcb-35f1db20d59f,3091,12,2017-11-26 01:42:00.0,vSensor2
ebae4c31-7bd6-453b-9b07-4345b595ce6b,5065,77,2017-11-26 01:42:00.0,vSensor2
ec416d4d-eb39-44c5-840c-b05a3704ea8d,5232,0,2017-11-26 01:42:00.0,vSensor2
ec60d1c0-de5f-4d0c-8723-8e1add2c4e44,3052,51,2017-11-26 01:42:00.0,vSensor2
ed74507a-8f06-484f-b9ae-c23334481270,1406,72,2017-11-26 01:42:00.0,vSensor2
f059cb07-2a15-47ce-b7a7-512b011e6b40,3084,86,2017-11-26 01:42:00.0,vSensor2
f0d86259-39c7-4eea-ae52-8bfd76af9e40,3072,75,2017-11-26 01:42:00.0,vSensor2
f4635625-cccd-4b77-aa41-e1c19c321698,2231,31,2017-11-26 01:42:00.0,vSensor2
f4b15e04-f20e-4f2f-8a64-c94677661869,6056,38,2017-11-26 01:42:00.0,vSensor2
f5739f9f-4445-441c-8b95-34c9c3f94d45,5086,4,2017-11-26 01:42:00.0,vSensor2
f5a5a9cb-484d-4429-abc2-b77a107fe014,5100_6,90,2017-11-26 01:42:00.0,vSensor2
f708b3f9-33b4-4bb9-9a01-328b4a5f1699,1423,27,2017-11-26 01:42:00.0,vSensor2
f7754eb7-2542-46b2-a4a3-ba6e5ee8401c,2100_5,84,2017-11-26 01:42:00.0,vSensor2
f814fb01-58af-4af1-ba91-dfff70d1dc60,4029,90,2017-11-26 01:42:00.0,vSensor2
f923395e-4112-4a8a-9fd4-26502777f3cb,5076,87,2017-11-26 01:42:00.0,vSensor2
f92d1c1a-e8a3-407d-b9f4-0586d36e04eb,5074,80,2017-11-26 01:42:00.0,vSensor2
f9c5038a-c7ee-4e3d-afa0-c5db0972b6d0,2100_3,77,2017-11-26 01:42:00.0,vSensor2
fa0ea33d-99cf-4191-9aef-c38d3384a0d2,5028,94,2017-11-26 01:42:00.0,vSensor2
fa315ae8-4f21-426d-b01d-4d676462c96d,1500,9,2017-11-26 01:42:00.0,vSensor2
fa5dbdff-f981-433b-905f-11d0fd446517,3243,29,2017-11-26 01:42:00.0,vSensor2
fadb9fd8-be47-4ef5-ba26-07dd2537c8d1,4061,93,2017-11-26 01:42:00.0,vSensor2
fb9220e2-49d8-4d62-b8fa-dbd86a870e6d,2076,61,2017-11-26 01:42:00.0,vSensor2
fbcdbef9-4693-4a36-a161-003761cd84d8,4019,61,2017-11-26 01:42:00.0,vSensor2
fc592124-4042-4a21-9917-382b51ff8a66,6074,29,2017-11-26 01:42:00.0,vSensor2
fdb3b5e6-927b-442b-bbee-bc80adb970a6,3089,62,2017-11-26 01:42:00.0,vSensor2
ff1ac1f4-960f-49d1-9dfd-959f06ea453d,4100_7,41,2017-11-26 01:42:00.0,vSensor2
ff3b1432-fb78-4288-9b7c-a858aaf08178,4100_10,74,2017-11-26 01:42:00.0,vSensor2
ff95364a-a753-494f-bf22-14d53b40cd9f,5100_5,15,2017-11-26 01:42:00.0,vSensor2
004382fe-0c92-404c-97f0-3c20a523c3c3,5206,5,2017-11-26 01:44:00.0,vSensor2
011d7497-b1e9-4973-bb38-d5acfe960273,3222,90,2017-11-26 01:44:00.0,vSensor2
0191c6b5-8cd9-49af-aa35-d281ee4d7191,1431,79,2017-11-26 01:44:00.0,vSensor2
01e1a794-0b0a-458a-94fd-2469e361ccc8,4100_7,26,2017-11-26 01:44:00.0,vSensor2
0214ede6-c278-412c-b6a7-351d6997bd96,3062,35,2017-11-26 01:44:00.0,vSensor2
0260c388-87c4-4a99-80ff-543a41a070a6,2019,78,2017-11-26 01:44:00.0,vSensor2
02a8def3-d33f-412c-ac3d-c5932ad05a12,4065,54,2017-11-26 01:44:00.0,vSensor2
02e8b482-2cae-4357-8909-da59aacfc8ff,6046,61,2017-11-26 01:44:00.0,vSensor2
04f1df85-7427-4e57-97ed-b284ac7c0193,3219,32,2017-11-26 01:44:00.0,vSensor2
0548b1ed-d15c-461a-92b7-b13c5d5500fa,3013,78,2017-11-26 01:44:00.0,vSensor2
05b01c20-d694-4cca-96da-5bedd532b77d,6044,65,2017-11-26 01:44:00.0,vSensor2
062ff64a-bbf0-49dd-a062-26aed6a2e8e1,1100,26,2017-11-26 01:44:00.0,vSensor2
06a98905-320e-4810-b701-7b541f414aa2,2100_9,39,2017-11-26 01:44:00.0,vSensor2
06e18eca-8988-42bd-8f92-f61b07abc2bd,3081,60,2017-11-26 01:44:00.0,vSensor2
0774bdc9-d01c-43ae-867b-26edb79866ed,1427,84,2017-11-26 01:44:00.0,vSensor2
084ec937-adf6-4c07-b30b-60f20be89ec6,4026,79,2017-11-26 01:44:00.0,vSensor2
0a331591-3fe8-4b0b-b6d6-20e9f1dbc7da,6064,76,2017-11-26 01:44:00.0,vSensor2
0ba45413-9d6c-4133-8bd9-b4cf7508eeef,4013,79,2017-11-26 01:44:00.0,vSensor2
0c519bb3-1250-4014-96f6-9845b40a2c76,5100_10,9,2017-11-26 01:44:00.0,vSensor2
0ce8ec7e-a6ad-4d2f-8024-c03f9fbf8f60,5219,31,2017-11-26 01:44:00.0,vSensor2
0decb538-ea7d-436b-925b-b985bd9d1b74,2011,5,2017-11-26 01:44:00.0,vSensor2
0e5788ad-e2a3-4696-ad59-dfd661682c9d,5039,28,2017-11-26 01:44:00.0,vSensor2
0e68100d-01f5-4bfe-bf34-670e1f33520b,6076,62,2017-11-26 01:44:00.0,vSensor2
0f55589f-3b1a-4faf-9f61-133c9167e2f9,2061,4,2017-11-26 01:44:00.0,vSensor2
109b2c5d-afa2-4021-afba-f2276890f733,2064,25,2017-11-26 01:44:00.0,vSensor2
130f034b-c194-46c5-a623-be69abcdc418,6212,92,2017-11-26 01:44:00.0,vSensor2
1433e93f-b9a3-4b63-9144-5e68bd9913b0,6028,10,2017-11-26 01:44:00.0,vSensor2
1531bcdc-9b5e-4c0d-90a6-0a42a473d081,3091,18,2017-11-26 01:44:00.0,vSensor2
15ab34dd-0b6d-4709-b2ef-452450b0ab31,2222,81,2017-11-26 01:44:00.0,vSensor2
178d2558-dc70-4b92-9226-74347a5fbd2a,1500,40,2017-11-26 01:44:00.0,vSensor2
18235dc0-7420-4aef-bfc9-2948c15a20d3,4243,54,2017-11-26 01:44:00.0,vSensor2
196ae663-1e7b-4ca8-bbd9-21164d7392f8,2008,88,2017-11-26 01:44:00.0,vSensor2
1bd32f93-9c74-4e14-b028-4c96a29467b9,4234,81,2017-11-26 01:44:00.0,vSensor2
1c67b13c-8905-4f51-84f4-02c69e6ce770,4089,31,2017-11-26 01:44:00.0,vSensor2
1cdd35d4-6d7e-4e26-9dc5-f0f356fe5c3e,3038,64,2017-11-26 01:44:00.0,vSensor2
1ebbb6e5-3f87-43e1-afff-bca904efd1aa,5028,35,2017-11-26 01:44:00.0,vSensor2
1edfe2e0-ce47-4bc5-a4c3-ccf7f512aabf,5202,49,2017-11-26 01:44:00.0,vSensor2
1fa77810-dbfc-4f88-8c25-6d84d3ac8abc,4028,13,2017-11-26 01:44:00.0,vSensor2
1ff35d3d-4e6c-4bdd-9a3f-8dd2d11b5276,5099,35,2017-11-26 01:44:00.0,vSensor2
20216f2a-a788-4e28-a3ba-2ab5822804b0,6056,54,2017-11-26 01:44:00.0,vSensor2
208cef6b-4549-4d3d-87f8-7a3a05a12ecd,5054,51,2017-11-26 01:44:00.0,vSensor2
213a121b-cbcf-4729-97c1-36b450fc1234,6026,36,2017-11-26 01:44:00.0,vSensor2
21e8162d-6cfd-4c25-b3cc-b0dc18d9ac8b,5044,84,2017-11-26 01:44:00.0,vSensor2
2219e3b8-6fbd-49bb-a20c-648bb82c2b8b,2234,0,2017-11-26 01:44:00.0,vSensor2
224b4eff-e66a-45cc-858e-20952ea7f6c7,5048,3,2017-11-26 01:44:00.0,vSensor2
2262c7b3-6fb3-48fc-ac16-2fa23d30c0cb,4232,0,2017-11-26 01:44:00.0,vSensor2
23fc3942-b1d4-4bed-8a15-13e7dbdd98d7,5026,2,2017-11-26 01:44:00.0,vSensor2
23fd8e8d-5d52-4508-ba54-874b00f02203,3069,10,2017-11-26 01:44:00.0,vSensor2
255a6dd6-8624-4e27-98d5-6993f3d07d2a,5062,98,2017-11-26 01:44:00.0,vSensor2
26ddde13-bcb1-4934-a581-bcbc5d59e51e,3209,23,2017-11-26 01:44:00.0,vSensor2
27f31660-2894-4705-af83-8c23fef3d28b,6084,2,2017-11-26 01:44:00.0,vSensor2
27fb48e8-974d-4cbb-863e-63c68b6092cf,2209,88,2017-11-26 01:44:00.0,vSensor2
28489810-7c9b-4ee5-b9b0-8a4c52f33358,3051,49,2017-11-26 01:44:00.0,vSensor2
288079a4-7a52-4d04-b638-909a48428542,4214,75,2017-11-26 01:44:00.0,vSensor2
2940c3f7-d3a1-430f-ad56-f4beb70f162f,5069,82,2017-11-26 01:44:00.0,vSensor2
299b3a38-2329-427c-a836-b02555a1310c,6029,87,2017-11-26 01:44:00.0,vSensor2
2b472eff-d791-48fb-852b-d1a50e7b3fbe,3099,66,2017-11-26 01:44:00.0,vSensor2
2c03f632-1940-4e69-8d87-1d14de4850ed,3026,53,2017-11-26 01:44:00.0,vSensor2
2c8441d7-b110-44cc-92e1-df22a425ac99,5100_6,90,2017-11-26 01:44:00.0,vSensor2
2cff3369-d2cf-473f-9dad-17dad1595a0d,3206,95,2017-11-26 01:44:00.0,vSensor2
2e7bdab5-98f9-44ed-8785-631c67ef7475,5019,51,2017-11-26 01:44:00.0,vSensor2
2fa22451-aac3-42d4-b49e-8d4f32cd087a,3054,77,2017-11-26 01:44:00.0,vSensor2
3049f7be-bdf0-4be3-be2a-4212de726d08,6036,75,2017-11-26 01:44:00.0,vSensor2
32492016-cf03-4efb-b3e3-d8d555d33eba,4216,25,2017-11-26 01:44:00.0,vSensor2
327c1ce5-5e5e-4cb6-846d-7911dac90620,4082,73,2017-11-26 01:44:00.0,vSensor2
3308159c-34bd-4e71-a350-4fc1aeeed044,1422,45,2017-11-26 01:44:00.0,vSensor2
33121695-a2fb-43b9-8b87-e89f78667329,2056,43,2017-11-26 01:44:00.0,vSensor2
336d94a5-ae3e-480e-a728-7d52e5d3c8d7,6210,58,2017-11-26 01:44:00.0,vSensor2
3370386b-c3ad-4a2b-9f04-06292524fcd2,4221,1,2017-11-26 01:44:00.0,vSensor2
33b07cd2-aeac-4f0c-858a-1c01cdc6e342,5011,6,2017-11-26 01:44:00.0,vSensor2
3626aa55-c499-4e1e-ab89-886f57016e4d,3092,10,2017-11-26 01:44:00.0,vSensor2
36742cca-3bc7-44b9-b90f-3000fa29b360,4004,73,2017-11-26 01:44:00.0,vSensor2
3680cf46-76a5-4c20-9aca-595bbd54e503,5100_5,66,2017-11-26 01:44:00.0,vSensor2
38369ba8-c35f-4223-aac6-77b91c9f22f8,2072,79,2017-11-26 01:44:00.0,vSensor2
3860896b-62bf-4d28-b059-dfc98cd5c5bb,4224,28,2017-11-26 01:44:00.0,vSensor2
3952fe58-8929-4aa7-94f4-a37754b17786,2069,81,2017-11-26 01:44:00.0,vSensor2
3984017c-6177-4d7a-b48e-34b04f198c40,3061,6,2017-11-26 01:44:00.0,vSensor2
39b80393-25cd-4e6b-b943-93273b30cf59,2026,100,2017-11-26 01:44:00.0,vSensor2
3a14ef92-10b9-4422-8413-cc6b3eea29e3,3052,40,2017-11-26 01:44:00.0,vSensor2
3aa37ba3-db43-4290-a843-240c4bf78340,3028,47,2017-11-26 01:44:00.0,vSensor2
3b26728e-1d6a-4eca-bacf-6b3e3aed3f51,4062,82,2017-11-26 01:44:00.0,vSensor2
3d1fa944-c647-45f5-a5a5-c8264ac2029a,2100_5,75,2017-11-26 01:44:00.0,vSensor2
3d7b74c3-3310-4e32-b725-6c99f2982d3d,4068,10,2017-11-26 01:44:00.0,vSensor2
3e0535f9-bbcc-46d3-bf88-1b5dedcad340,2243,45,2017-11-26 01:44:00.0,vSensor2
3fd5b242-5639-4679-9e88-ce75b94fa169,2092,4,2017-11-26 01:44:00.0,vSensor2
408bf891-5836-423a-ae21-db1e05c1910d,3234,45,2017-11-26 01:44:00.0,vSensor2
41233e89-e486-42aa-9b1e-df4a54c119b7,4074,34,2017-11-26 01:44:00.0,vSensor2
418b2cb6-9c37-4658-b0d5-5fbf61eb6589,5222,48,2017-11-26 01:44:00.0,vSensor2
42c81249-5a54-4637-8244-d137e7f73760,6068,55,2017-11-26 01:44:00.0,vSensor2
43df8084-00db-4293-8c28-1c3c2ebdf9de,4100_10,76,2017-11-26 01:44:00.0,vSensor2
4544722a-7e5f-4d10-b905-8d283788549a,3100_10,26,2017-11-26 01:44:00.0,vSensor2
456700b4-3663-4ec9-aacf-836e21f8244e,5081,16,2017-11-26 01:44:00.0,vSensor2
47bc390e-6001-4524-80d5-1b65e14f5599,2100_1,85,2017-11-26 01:44:00.0,vSensor2
48267d96-ec3d-463a-9b6f-91919c815c6f,2204,21,2017-11-26 01:44:00.0,vSensor2
48604f07-1714-4e00-8fba-82d6a061ca2a,5209,63,2017-11-26 01:44:00.0,vSensor2
4978454f-decd-468e-a4e2-f6cf05ef4470,5204,88,2017-11-26 01:44:00.0,vSensor2
4b914c3e-130c-4d5b-b162-5c95b82749c3,5032,79,2017-11-26 01:44:00.0,vSensor2
4bd0047f-121c-4b6a-8334-f1630ab713bf,2226,84,2017-11-26 01:44:00.0,vSensor2
4bd23d6c-8273-48d0-848d-b107d451e8a8,3029,21,2017-11-26 01:44:00.0,vSensor2
4be163f1-8139-439e-baac-05d7f7ea3a4d,3065,75,2017-11-26 01:44:00.0,vSensor2
4c91e85e-33fa-4f19-a099-86480e6e0904,5100_3,92,2017-11-26 01:44:00.0,vSensor2
4dd3fb15-2eb1-4fd6-af07-1e97a6b58a56,2065,84,2017-11-26 01:44:00.0,vSensor2
50a94f2e-9c03-4031-b831-52b4edcde809,4226,8,2017-11-26 01:44:00.0,vSensor2
5230ac8a-c9ab-4c05-b3b0-656e54979fec,6013,64,2017-11-26 01:44:00.0,vSensor2
5324895d-67b4-442a-846a-7e5511862c0d,5038,69,2017-11-26 01:44:00.0,vSensor2
5339a072-bc8e-4f6e-a95b-360bb876f0af,2082,80,2017-11-26 01:44:00.0,vSensor2
53e8ac54-31eb-448e-a2e3-45136efb972f,4100_9,63,2017-11-26 01:44:00.0,vSensor2
549132ba-6b39-46f0-996b-e2142ec9b505,2042,15,2017-11-26 01:44:00.0,vSensor2
56c6c9af-8f16-435c-a314-9add7088215c,2004,11,2017-11-26 01:44:00.0,vSensor2
57d72b1c-1b7c-4b38-a49b-675ec5cf25af,1434,13,2017-11-26 01:44:00.0,vSensor2
581464dc-4ac9-4c52-989a-eb23d8637b7c,2099,52,2017-11-26 01:44:00.0,vSensor2
59cfdc61-6cfe-4eb3-b742-2904864bcd05,6072,47,2017-11-26 01:44:00.0,vSensor2
5a240536-f80a-4eb9-8ed4-717e833dd26d,4076,85,2017-11-26 01:44:00.0,vSensor2
5aa56313-dfd2-4fa1-a9ee-5edd23c172cc,4091,81,2017-11-26 01:44:00.0,vSensor2
5ae3cf5b-596a-48ee-9241-3ad099bef5a0,5208,1,2017-11-26 01:44:00.0,vSensor2
5cd04b44-f45d-45d7-bbc5-255e32bfcb6c,2039,21,2017-11-26 01:44:00.0,vSensor2
5f3bf24a-617e-4614-8583-bdb0275ca9e7,2088,55,2017-11-26 01:44:00.0,vSensor2
600ff0c8-9eab-4728-a7c6-c1ac41cac8e4,2086,30,2017-11-26 01:44:00.0,vSensor2
60803918-d61f-4d41-82e2-b61f3aca21c9,2059,3,2017-11-26 01:44:00.0,vSensor2
619dcc88-df63-400a-94dc-08b1965f250e,6213,72,2017-11-26 01:44:00.0,vSensor2
61bfd73d-3ee9-45f2-a855-be097a4de5c5,3100_7,74,2017-11-26 01:44:00.0,vSensor2
633c6b2c-66e7-4794-ae9a-725a1c9ea21c,5100_4,60,2017-11-26 01:44:00.0,vSensor2
63aa34d8-d20b-4e4b-9524-ee9a39414d45,2084,23,2017-11-26 01:44:00.0,vSensor2
64577824-7b75-450b-bd92-ea43a467fe08,2214,20,2017-11-26 01:44:00.0,vSensor2
64b8775b-31fc-4ed2-aa0c-1299bd57c36d,6062,13,2017-11-26 01:44:00.0,vSensor2
667defde-3309-4e0a-b8ab-7148c89f64ce,6092,88,2017-11-26 01:44:00.0,vSensor2
6785f95d-0f1f-4870-b312-cb2cab12a808,3074,79,2017-11-26 01:44:00.0,vSensor2
6935bbc5-a9b2-46fb-92a6-f8b84f58f07b,2202,100,2017-11-26 01:44:00.0,vSensor2
6a623fa8-ea43-4354-abaa-01f4faf22128,3064,98,2017-11-26 01:44:00.0,vSensor2
6b1a93c1-e195-4f49-a656-783e8d0c0b4c,4084,39,2017-11-26 01:44:00.0,vSensor2
6b8fa425-790b-4eca-99e1-f6f76703b944,4059,52,2017-11-26 01:44:00.0,vSensor2
6bbf9291-9261-4030-87dc-e9a041eaaa1c,5100_7,78,2017-11-26 01:44:00.0,vSensor2
6bfa259f-284f-4abc-ba5a-8280b3ece86b,5100_9,34,2017-11-26 01:44:00.0,vSensor2
6d1a5629-0064-4a6d-b7a8-6e85ed32adae,5061,46,2017-11-26 01:44:00.0,vSensor2
6d76be79-71dd-40f7-bbff-deb246caa405,6136,60,2017-11-26 01:44:00.0,vSensor2
6f309b3f-b1ac-4a23-983b-ce7ebb1e795b,5064,78,2017-11-26 01:44:00.0,vSensor2
70b3f710-07f4-4f11-9e5f-f7f36530822f,4100_1,35,2017-11-26 01:44:00.0,vSensor2
715d3832-d2f0-4032-a509-d8bdd909b8c1,4211,54,2017-11-26 01:44:00.0,vSensor2
7174337f-f76e-4443-8b03-81ac8928b782,4048,51,2017-11-26 01:44:00.0,vSensor2
722806d8-f2fb-455e-9950-86f6c9442ffb,5066,13,2017-11-26 01:44:00.0,vSensor2
723dbabb-42f1-499d-a647-0468b1d9c1e3,5226,96,2017-11-26 01:44:00.0,vSensor2
728da54b-9ac1-4854-9b62-94cd8f5e9e58,5004,38,2017-11-26 01:44:00.0,vSensor2
72e59dd0-333b-4f8e-84f4-4f4cfb6dda29,3066,74,2017-11-26 01:44:00.0,vSensor2
74d012b6-d82b-4079-a59e-6d6f214c9b3b,5042,98,2017-11-26 01:44:00.0,vSensor2
756cdbc0-c64d-40b5-922b-6152d079fd4a,4032,99,2017-11-26 01:44:00.0,vSensor2
75b16d85-059c-4e51-b58d-dcba5ce35063,3088,92,2017-11-26 01:44:00.0,vSensor2
75d99fb8-d8d5-4f6a-8520-9c74dd2d81ab,4038,79,2017-11-26 01:44:00.0,vSensor2
76748684-ebb0-46b8-bc97-e9424511ffb6,4061,9,2017-11-26 01:44:00.0,vSensor2
767f37a3-837a-40e7-89f8-bdb951a81a8f,3221,19,2017-11-26 01:44:00.0,vSensor2
770c60fa-2f3e-45fb-aec8-e5173bd238c7,2089,6,2017-11-26 01:44:00.0,vSensor2
78d9eaa7-3f58-4d10-a966-16d1e61830d0,6048,85,2017-11-26 01:44:00.0,vSensor2
7a408df5-fcda-46b6-81f2-76414dd06e43,3072,90,2017-11-26 01:44:00.0,vSensor2
7ce0fd41-4943-4892-9d08-880ad53cb81b,6086,41,2017-11-26 01:44:00.0,vSensor2
7d0dad00-2941-4498-914e-f0118920931b,3216,97,2017-11-26 01:44:00.0,vSensor2
7d82f558-b6c9-45d1-a0be-847087d1cf74,3100_1,51,2017-11-26 01:44:00.0,vSensor2
7deb7b51-0bda-4daa-b457-985e4d3ce13d,3100_2,18,2017-11-26 01:44:00.0,vSensor2
7dfa787d-b334-4bda-a9fb-d19ad9a2eeae,2091,34,2017-11-26 01:44:00.0,vSensor2
7fe8cdc3-fa05-4f3b-b203-4dede36e2dda,1300,0,2017-11-26 01:44:00.0,vSensor2
811e1e81-eb17-4b0e-ae98-2ae71a07a230,2062,97,2017-11-26 01:44:00.0,vSensor2
827ab426-18d6-49f9-b129-c26c5a34a8ed,6052,98,2017-11-26 01:44:00.0,vSensor2
833cbdfc-e248-4816-810b-687e7da8cb89,3058,74,2017-11-26 01:44:00.0,vSensor2
838f21e5-e0f9-4e15-aa47-181bd4ee4c2f,6032,81,2017-11-26 01:44:00.0,vSensor2
84a919ed-45d9-4699-bd84-bbb93b4e9731,3048,52,2017-11-26 01:44:00.0,vSensor2
856d0d20-39b1-473f-9cb1-650c52f82e41,2028,87,2017-11-26 01:44:00.0,vSensor2
8591bc3b-934a-4181-a718-f7f1f84d54f0,6088,10,2017-11-26 01:44:00.0,vSensor2
85942538-270f-402a-9f76-b3c1b545e1d9,2206,6,2017-11-26 01:44:00.0,vSensor2
86168b75-2b06-4741-8f4e-6b6fb1b58303,5100_1,27,2017-11-26 01:44:00.0,vSensor2
861a1064-7630-4873-84e5-1bdde05707de,5089,7,2017-11-26 01:44:00.0,vSensor2
87322000-0946-4b89-8a87-854456539646,3002,15,2017-11-26 01:44:00.0,vSensor2
882f4a47-062f-4741-a3e3-6025a40fa234,5082,20,2017-11-26 01:44:00.0,vSensor2
894556f4-e3d6-4362-a76f-e8e32e2c432b,2216,90,2017-11-26 01:44:00.0,vSensor2
89470dd9-dbce-49b8-a04e-d40448508041,6215,26,2017-11-26 01:44:00.0,vSensor2
8947e7ca-640e-43d8-ae04-ea12d7d2dc35,2219,46,2017-11-26 01:44:00.0,vSensor2
89d5fc26-dd92-4e12-9024-ffe6198c774c,4204,41,2017-11-26 01:44:00.0,vSensor2
8bf4241a-0db8-4425-8040-5b3163a7cba7,3044,91,2017-11-26 01:44:00.0,vSensor2
8d059dfa-8b74-40d7-bd71-b18569dab0da,5212,25,2017-11-26 01:44:00.0,vSensor2
8dffdf9d-29d4-4c6d-8c11-bfa404ddd879,2068,97,2017-11-26 01:44:00.0,vSensor2
8e2c2882-2150-473a-bbe1-aa2dd874360c,1423,86,2017-11-26 01:44:00.0,vSensor2
8f4e3960-a97b-485a-81a5-6629c8c568b4,2100_8,60,2017-11-26 01:44:00.0,vSensor2
9041f1ec-8834-412f-9f06-8e15a207939b,4219,53,2017-11-26 01:44:00.0,vSensor2
933ad190-140c-4116-a7b9-ebd821c3bb70,2100_3,0,2017-11-26 01:44:00.0,vSensor2
93fc9f69-f6a6-49a8-8986-ec0ebaead40e,5224,97,2017-11-26 01:44:00.0,vSensor2
941df56d-b11c-40e7-84c6-02c8ba932dd1,5076,95,2017-11-26 01:44:00.0,vSensor2
943c3d03-25d0-4bc8-af36-db339c1a0212,3232,75,2017-11-26 01:44:00.0,vSensor2
947e584f-b05f-490f-89ba-1f372a8c4e7b,4008,22,2017-11-26 01:44:00.0,vSensor2
95cb52ef-0631-4272-8eec-25e3a8a318c4,4206,51,2017-11-26 01:44:00.0,vSensor2
991100ad-5224-4f6f-b659-60fe5517605e,3100_4,87,2017-11-26 01:44:00.0,vSensor2
9926c1b2-e0f2-4fc2-87c5-0272d8a563a6,1407,35,2017-11-26 01:44:00.0,vSensor2
998d776f-d81e-4f55-a61e-f42150eaccad,5008,95,2017-11-26 01:44:00.0,vSensor2
9ac22ea2-0585-42f9-b9a1-1fb9db0c865f,6049,100,2017-11-26 01:44:00.0,vSensor2
9b0f897f-13a5-450a-9d0d-2824a8aeb752,3100_6,62,2017-11-26 01:44:00.0,vSensor2
9b7a9294-7c31-4a73-ab00-299516b40fab,4202,83,2017-11-26 01:44:00.0,vSensor2
9b96b90b-6f99-481e-9610-e3d5f5e7547c,1403,74,2017-11-26 01:44:00.0,vSensor2
9c3a085a-2428-4467-923d-f4d60bb6cc1f,3056,19,2017-11-26 01:44:00.0,vSensor2
9ca65099-155b-41ee-b5e5-da5c7d101258,3042,64,2017-11-26 01:44:00.0,vSensor2
9d0230de-82eb-4517-b94c-2a90cd0e9ceb,5068,30,2017-11-26 01:44:00.0,vSensor2
a0d95940-89d2-4529-a8c7-2eed05e0f350,5072,43,2017-11-26 01:44:00.0,vSensor2
a19bdb4a-9b9f-4653-874c-6208f4ae11f8,1428,70,2017-11-26 01:44:00.0,vSensor2
a1b6dd16-a3e2-4675-999e-94b8e6720476,4029,24,2017-11-26 01:44:00.0,vSensor2
a1dbbac4-6d85-4c1b-bfd2-c7cda75ac156,5088,97,2017-11-26 01:44:00.0,vSensor2
a2c66ce7-01dc-4465-9caf-9647003e119c,1600,2,2017-11-26 01:44:00.0,vSensor2
a47dea86-1a38-4aef-b25f-e60a4e786dc9,6019,59,2017-11-26 01:44:00.0,vSensor2
a4d20e65-8293-453f-b65e-1ac69c5a2603,5065,7,2017-11-26 01:44:00.0,vSensor2
a4fb4ecb-0093-4b13-9205-62561b9e0c14,3089,72,2017-11-26 01:44:00.0,vSensor2
a5b70ebc-b9a1-4b15-9408-fb35cff1d694,4209,48,2017-11-26 01:44:00.0,vSensor2
a5d162fc-c44f-4fc8-bf20-a1e80702d21f,3100_8,93,2017-11-26 01:44:00.0,vSensor2
a5f65a14-5889-4670-b589-8dba9cd519e4,6219,44,2017-11-26 01:44:00.0,vSensor2
a6b18c12-371c-44b6-b542-f2ef9c610e81,2066,35,2017-11-26 01:44:00.0,vSensor2
a6b520c3-26b6-49bd-a594-bb5c5edc9582,4099,10,2017-11-26 01:44:00.0,vSensor2
a6c2db77-a96d-401b-b1dd-db488cfe2143,5013,50,2017-11-26 01:44:00.0,vSensor2
a6dd5528-2920-4547-9e4b-ce1e8f20f8f2,4011,76,2017-11-26 01:44:00.0,vSensor2
a845bc76-5615-486a-83da-da0c44a0ea5a,6218,98,2017-11-26 01:44:00.0,vSensor2
a89552f9-7276-4f01-80b0-70d7d335d81e,4100_3,97,2017-11-26 01:44:00.0,vSensor2
a92a29ce-f496-4a04-b4e2-5e2fead71425,4208,58,2017-11-26 01:44:00.0,vSensor2
aa5c5873-94de-42b4-9e35-a2cb1eb48fcb,4039,68,2017-11-26 01:44:00.0,vSensor2
aaec4c5f-9a27-427f-8e4f-7a03afd424d0,4044,12,2017-11-26 01:44:00.0,vSensor2
ac7d449c-842c-4fa5-97e3-09c5acd5c8ed,1425,72,2017-11-26 01:44:00.0,vSensor2
ac9a6198-599a-4a05-99de-fd55068878f6,3100_3,55,2017-11-26 01:44:00.0,vSensor2
aee846af-8110-44cd-9e5a-a96050a921c8,4019,93,2017-11-26 01:44:00.0,vSensor2
b0c1996d-bdb3-4243-b218-3a73df02a937,5091,26,2017-11-26 01:44:00.0,vSensor2
b0c32aee-9568-46b5-9e96-43a74d69c7b7,3243,69,2017-11-26 01:44:00.0,vSensor2
b104bf9d-68df-480d-aeb1-8166f6d63f95,2048,95,2017-11-26 01:44:00.0,vSensor2
b14c4fdf-ef75-445c-b531-02d4269cfc9b,5221,42,2017-11-26 01:44:00.0,vSensor2
b1d18c85-1f91-4745-ae42-8538fc2e260b,6132,72,2017-11-26 01:44:00.0,vSensor2
b28fbb30-34bd-4404-bd67-ea9a71b6b7c0,2231,63,2017-11-26 01:44:00.0,vSensor2
b2b16040-9599-4fdc-99f9-39f0b80cdba5,4241,64,2017-11-26 01:44:00.0,vSensor2
b33f3402-dec4-43f0-bc04-ae5dbc647b23,5074,22,2017-11-26 01:44:00.0,vSensor2
b3d0baf2-a326-43ad-8487-990528f6e748,6074,2,2017-11-26 01:44:00.0,vSensor2
b4d7fe15-04d3-4b21-8cc7-0eece892d02c,2038,58,2017-11-26 01:44:00.0,vSensor2
b54a0812-34d2-4c85-80c5-0918fc714889,4100_6,30,2017-11-26 01:44:00.0,vSensor2
b5a94439-e4ea-4195-89ce-63986cce24f8,4092,33,2017-11-26 01:44:00.0,vSensor2
b5d69a06-2659-4bc4-9815-dc7389618a38,2058,46,2017-11-26 01:44:00.0,vSensor2
b5e26922-f29a-4dc2-b0f8-f11d3c8bdc60,4069,1,2017-11-26 01:44:00.0,vSensor2
b9b57934-3ed6-411c-a3c7-bbe69c338719,4002,74,2017-11-26 01:44:00.0,vSensor2
b9dbbf45-436f-4402-b2f8-3ca27fb83e1a,4054,88,2017-11-26 01:44:00.0,vSensor2
bb10e119-9a11-4564-a46d-2b477f3d6a6b,5234,82,2017-11-26 01:44:00.0,vSensor2
bc6b6cdb-4d46-4141-9230-296ece571817,2002,100,2017-11-26 01:44:00.0,vSensor2
bd569a10-e0eb-4a5f-a895-7a44e65a7f86,4100_8,37,2017-11-26 01:44:00.0,vSensor2
bdbc601c-7f29-4a55-891f-1f07b65fd16e,5100_8,57,2017-11-26 01:44:00.0,vSensor2
be322caf-f9b5-46a8-9dfa-4cc6acb57e37,3011,90,2017-11-26 01:44:00.0,vSensor2
bf66ea82-2034-4547-9700-ef2c9d86bb82,5243,23,2017-11-26 01:44:00.0,vSensor2
bf9077b7-142c-4347-aac2-f0ef95ee02b3,4222,12,2017-11-26 01:44:00.0,vSensor2
c06376bf-6602-40f0-8f82-b67d6d605fdc,3231,40,2017-11-26 01:44:00.0,vSensor2
c079f1c9-1a9a-429a-b6fe-bd3b1b603de0,3076,65,2017-11-26 01:44:00.0,vSensor2
c07b2d07-8923-4aec-a276-32202b6a5bf5,3204,88,2017-11-26 01:44:00.0,vSensor2
c09c45b4-8d41-4864-8ab7-9c5af5d92fe4,1406,84,2017-11-26 01:44:00.0,vSensor2
c0e35bb6-2278-4a51-a8c9-d10494a92da8,6024,96,2017-11-26 01:44:00.0,vSensor2
c1855306-433e-4020-a468-872e07bf250e,3100_9,36,2017-11-26 01:44:00.0,vSensor2
c1a0d633-8b6b-4794-99e7-e77772033253,4100_2,55,2017-11-26 01:44:00.0,vSensor2
c1a26186-1073-41e9-b92b-ea8d9c7af412,5211,53,2017-11-26 01:44:00.0,vSensor2
c1fcb463-49c6-4acc-9f6a-cf2342949263,5231,25,2017-11-26 01:44:00.0,vSensor2
c2d617aa-d106-427e-9f59-309edb6ca6a1,3039,70,2017-11-26 01:44:00.0,vSensor2
c3280b6b-8093-46f5-bfac-54db96f1c828,1200,18,2017-11-26 01:44:00.0,vSensor2
c3b83833-1c4b-4e80-9862-3e30155b6ff2,3082,95,2017-11-26 01:44:00.0,vSensor2
c47ef5c3-09a5-4bf4-8e29-e888e2eedab9,4088,35,2017-11-26 01:44:00.0,vSensor2
c4e61d09-3070-4345-8384-3ef02c2d1428,4231,66,2017-11-26 01:44:00.0,vSensor2
c50e81e4-c479-4af0-86e2-f806f231ecb4,2100_6,6,2017-11-26 01:44:00.0,vSensor2
c51d8792-ade0-4665-835a-832c2970d178,1429,54,2017-11-26 01:44:00.0,vSensor2
c65c794a-c2a0-495f-9dde-6ce0b833f2ec,3224,63,2017-11-26 01:44:00.0,vSensor2
c76cdeb3-7e5c-43b6-ae39-19354e083a85,2100_7,67,2017-11-26 01:44:00.0,vSensor2
c7858a6d-4ac6-4f84-9c47-2c81ef08c5f9,2100_4,44,2017-11-26 01:44:00.0,vSensor2
c7b05f2e-1bdb-4398-80db-d057d385f5c0,1420,85,2017-11-26 01:44:00.0,vSensor2
c888efd7-901a-47a6-a9f8-e79e446084f6,4100_5,67,2017-11-26 01:44:00.0,vSensor2
c924893b-abc5-4327-9a7e-8ea2f442f7d6,4086,37,2017-11-26 01:44:00.0,vSensor2
c9c0b6de-2f17-4f90-99fd-f2bbd2ec6ea0,4052,40,2017-11-26 01:44:00.0,vSensor2
cb96801d-85fd-496f-af3d-82463ad8a5b1,6042,41,2017-11-26 01:44:00.0,vSensor2
cc9cf55e-f665-476a-9f63-4cb842747d29,3068,59,2017-11-26 01:44:00.0,vSensor2
cd6b58ee-59d1-4339-acba-361d5d4ede7f,3059,55,2017-11-26 01:44:00.0,vSensor2
cd9da007-689d-4ea4-9e22-dec65bb1a338,2212,66,2017-11-26 01:44:00.0,vSensor2
cd9e80c4-9038-4402-b32c-b563052c6204,4072,45,2017-11-26 01:44:00.0,vSensor2
cdb31af7-1329-429d-a83d-8a0ecaf0265b,1412,87,2017-11-26 01:44:00.0,vSensor2
cdf82de7-0404-42ae-8848-d3dbd58b3b06,3214,52,2017-11-26 01:44:00.0,vSensor2
ce0e62be-cee9-48d5-8e4f-f4f57f98e82c,3086,63,2017-11-26 01:44:00.0,vSensor2
ce1bcc22-cce4-4c19-8b33-d399677831ce,2241,56,2017-11-26 01:44:00.0,vSensor2
ce60c2c9-24d5-45ea-b067-c4b7d714c6c5,2100_10,7,2017-11-26 01:44:00.0,vSensor2
cf044389-e844-4e3c-a728-d04331dcb52b,3084,56,2017-11-26 01:44:00.0,vSensor2
cfe6c4ae-29e3-4d42-996d-e6684e08ac05,4100_4,85,2017-11-26 01:44:00.0,vSensor2
d03ede6d-d30d-4ad8-978e-8d554db9faec,6011,42,2017-11-26 01:44:00.0,vSensor2
d047230a-7711-4444-b8b7-f03b83fe5767,1433,75,2017-11-26 01:44:00.0,vSensor2
d2add050-338d-4770-84aa-5ac24588f47c,4081,26,2017-11-26 01:44:00.0,vSensor2
d38908e5-8665-4102-8786-537c9b10b11f,2076,20,2017-11-26 01:44:00.0,vSensor2
d4031020-10b2-4f5c-b168-daa58c19ca43,5241,35,2017-11-26 01:44:00.0,vSensor2
d40b7a1a-10a3-4609-9a50-797622bf0fde,2224,87,2017-11-26 01:44:00.0,vSensor2
d47fe224-4b64-4ca5-aac8-2429202ac79e,4051,53,2017-11-26 01:44:00.0,vSensor2
d5fd7adb-ba09-409a-a361-3a49550b6bc9,5100_2,51,2017-11-26 01:44:00.0,vSensor2
d70c5ba6-2904-4ef1-8713-e06641829471,3241,47,2017-11-26 01:44:00.0,vSensor2
d71fb90f-d993-4232-b5cb-1c3edb1bd8c4,5216,93,2017-11-26 01:44:00.0,vSensor2
d7200276-3197-460c-985d-cc2f71dbd1cf,2232,50,2017-11-26 01:44:00.0,vSensor2
d7208e2b-8e74-49fa-9554-9493adf84f89,3202,18,2017-11-26 01:44:00.0,vSensor2
d722e79a-f5ef-495e-b01d-9c372dea2f37,5228,73,2017-11-26 01:44:00.0,vSensor2
d7979061-55c4-4f1e-8b13-11d53adbc9a1,3032,20,2017-11-26 01:44:00.0,vSensor2
d7a6624c-5864-4c1c-ad27-3a8b990bb7ab,3004,47,2017-11-26 01:44:00.0,vSensor2
d7f7b34c-47e7-452f-843e-bd156df13489,5086,82,2017-11-26 01:44:00.0,vSensor2
d80df13a-44e8-4a49-993f-4b464afb04fa,2044,45,2017-11-26 01:44:00.0,vSensor2
db82a3f9-f1b3-43f6-b630-6bd637e7d311,5051,90,2017-11-26 01:44:00.0,vSensor2
db944b59-a874-4199-9822-cf3b1fcb7c07,5029,80,2017-11-26 01:44:00.0,vSensor2
dc29b0f3-351f-4a4f-aba6-2ecfb5af82ed,3226,73,2017-11-26 01:44:00.0,vSensor2
e0a6dd7b-2755-4877-a3df-36aab982c485,2221,83,2017-11-26 01:44:00.0,vSensor2
e110857c-5348-40ff-9a0c-a0e6048a286e,2029,9,2017-11-26 01:44:00.0,vSensor2
e1c4a68c-051d-499a-a70b-5f847cb4c04f,4066,63,2017-11-26 01:44:00.0,vSensor2
e2f4defd-7504-4012-b729-aadbd5f11ca6,5002,37,2017-11-26 01:44:00.0,vSensor2
e5033ce9-a67d-4c9b-9ee6-b06930a6bbb9,2208,22,2017-11-26 01:44:00.0,vSensor2
e53049c9-1c8a-4836-87fe-0ee6c3087e16,6082,48,2017-11-26 01:44:00.0,vSensor2
e56e3685-ed30-4c81-a6d0-a3b33a95930d,4212,40,2017-11-26 01:44:00.0,vSensor2
e713fe26-6457-47c2-8aad-0161bc1fbe0a,4042,69,2017-11-26 01:44:00.0,vSensor2
e82e4677-1f44-46de-b98f-18ef81d8ec55,6211,12,2017-11-26 01:44:00.0,vSensor2
e8338e13-2a59-4c06-addb-4d52c1c7fd18,3100_5,75,2017-11-26 01:44:00.0,vSensor2
e836f1a2-f831-4e3c-b8ce-b6d817ca303c,2100_2,8,2017-11-26 01:44:00.0,vSensor2
e8914862-ddf2-4960-99e9-d5282db50342,5092,8,2017-11-26 01:44:00.0,vSensor2
e8d09657-baac-40de-8d70-028378910e83,2054,77,2017-11-26 01:44:00.0,vSensor2
e8d80ac1-9746-4761-bb81-1bcfd4f17cd2,4064,58,2017-11-26 01:44:00.0,vSensor2
ea1c201f-6130-44da-9ca4-db2c4758a650,5052,34,2017-11-26 01:44:00.0,vSensor2
ea85c5ba-7c40-47c7-8f2e-e6736543b20a,5058,63,2017-11-26 01:44:00.0,vSensor2
eae61ea2-66a1-464e-936f-91be4c0dcd87,5232,28,2017-11-26 01:44:00.0,vSensor2
eaf45437-0f74-4730-b577-9b59cf168e4e,2081,39,2017-11-26 01:44:00.0,vSensor2
ebe31ea0-3db2-4722-b633-44fb84775021,2013,35,2017-11-26 01:44:00.0,vSensor2
ec1a2f69-a06e-4256-9bb6-9401537125e0,4056,0,2017-11-26 01:44:00.0,vSensor2
ec2e9326-498a-4e5a-90f8-db61110d4e9f,3019,68,2017-11-26 01:44:00.0,vSensor2
edb77cee-7686-405b-8ae9-991899b7e976,6034,68,2017-11-26 01:44:00.0,vSensor2
eef4dae4-8702-43bf-81f7-efd3b0bbf77e,5084,0,2017-11-26 01:44:00.0,vSensor2
f008deb8-c505-4473-afbb-6bc9739813e5,5214,14,2017-11-26 01:44:00.0,vSensor2
f4e15c58-f661-44af-a556-d77892a24c92,2074,53,2017-11-26 01:44:00.0,vSensor2
f51f5a9b-bfd2-4d77-b68d-8d2ee4eb89da,2052,4,2017-11-26 01:44:00.0,vSensor2
f5fc4b4d-3a7b-455e-be76-93f6a0c570a6,5056,77,2017-11-26 01:44:00.0,vSensor2
f742bc2f-599d-40dc-a6a3-705e2dcb2bcb,3008,3,2017-11-26 01:44:00.0,vSensor2
f97e4050-7cf2-4698-ba1f-6c1f6f738fb4,4228,28,2017-11-26 01:44:00.0,vSensor2
fa13cae1-6aa6-4963-b7da-99628a9a6628,3211,26,2017-11-26 01:44:00.0,vSensor2
fa1e36a3-c920-421a-a6cc-3d2a417ad2d1,3208,74,2017-11-26 01:44:00.0,vSensor2
fa2fe579-621c-473f-b080-dc2ef180f897,3228,1,2017-11-26 01:44:00.0,vSensor2
fb88b601-4802-4506-8d2d-1e5d3768721a,5059,100,2017-11-26 01:44:00.0,vSensor2
fba72eff-0526-44e6-adf6-88df148fe1c1,6039,32,2017-11-26 01:44:00.0,vSensor2
fc49a5a1-72bb-4d47-8698-a36fb00b10bf,3212,91,2017-11-26 01:44:00.0,vSensor2
fc73e8a4-7a86-4d91-80ab-6e305d902807,2032,71,2017-11-26 01:44:00.0,vSensor2
fdddce80-1650-4de6-8113-ecb33a6058b7,1413,27,2017-11-26 01:44:00.0,vSensor2
fe621694-7e5d-4ea0-b0df-bbdb9fab447c,2211,91,2017-11-26 01:44:00.0,vSensor2
febcd919-c1cd-413e-bea3-3b0b5e74b97d,4058,56,2017-11-26 01:44:00.0,vSensor2
ff4d82fc-f1fe-4c6b-984f-59af15196780,6066,46,2017-11-26 01:44:00.0,vSensor2
ff62e5ef-4570-471f-9b2c-48bef199e2a8,2228,100,2017-11-26 01:44:00.0,vSensor2
ff74b3a0-db61-4584-9ea9-522fee667eed,6051,22,2017-11-26 01:44:00.0,vSensor2
ff907849-d6e2-4b5a-9866-229a34315f19,2051,51,2017-11-26 01:44:00.0,vSensor2
