0195790c-5d82-4d32-9222-6fcc590e821f,87,97,2017-11-25 20:30:00.0,c518a2f0_b7e4_4666_907b_d20f777a5f14
01c76603-55a3-45e5-a9d6-76563fb9e900,50,325,2017-11-25 20:30:00.0,aee0c2c4_d40d_4fa3_9623_5c8e90002f25
0225542d-efae-4a1b-9b2f-df2d06c2da6e,98,1374,2017-11-25 20:30:00.0,017570a5_88ed_4072_9c32_ed6d53d6a8f3
02d8d5a7-38a5-463f-9b34-d2969fad75fd,17,173,2017-11-25 20:30:00.0,77f65707_87a3_4311_9d23_34be63fd8b54
06389baf-3eeb-4fbb-a96b-fb51ee27cdc9,96,1320,2017-11-25 20:30:00.0,a4a7b87c_f803_46f9_906b_a4c1abbae453
07936f0c-0b14-410a-85e7-31cb7cbd0e0a,11,1234,2017-11-25 20:30:00.0,aee5461c_a481_4f4c_a13b_4a9147ee494e
0b31188f-b83b-4d76-9d62-47b18022ee05,31,2575,2017-11-25 20:30:00.0,d399e5ef_6310_4149_b3d4_52495fbdae40
0b7715d0-f90d-4bc7-b251-6200681b7c75,97,2438,2017-11-25 20:30:00.0,3c00237c_249b_4d0c_8292_fa12337a3201
0fcb449d-eeba-4297-900d-3f2bb379d247,45,18,2017-11-25 20:30:00.0,9978e4d4_5b7d_414e_914f_185474567139
10b79994-9703-4a2a-a795-8fb018ce32d6,69,1656,2017-11-25 20:30:00.0,77a49d90_3632_4cdf_b352_c8f3b07da998
122c1407-544e-4b6c-9cb8-cca90a24c011,52,2197,2017-11-25 20:30:00.0,b48da3e6_69fe_4801_9b71_2d9234cf1657
13a585c3-97d0-48aa-ac3f-e3e3ad7f6099,68,2228,2017-11-25 20:30:00.0,865a2950_4201_443a_9399_fe156e739059
13b72332-699c-40e8-8b8f-7abe62dd312e,61,1636,2017-11-25 20:30:00.0,c89c6fe5_0856_459a_8f5b_3697a32adb41
14987488-5a17-4bea-b55f-ec2769122531,61,3187,2017-11-25 20:30:00.0,6c9ee92e_704a_469f_a3c1_5f9a893db923
1596d49d-ffbb-4ae6-a5c7-3b3d94f6acf2,4,2181,2017-11-25 20:30:00.0,b448387d_c9d7_4cd9_ad6b_b5e0d032a34c
17c58d16-48fb-4a3f-bd9d-a827084c6d31,25,3490,2017-11-25 20:30:00.0,78bed75d_edf0_44ed_ac7b_9a58ec7247a5
18543e5f-fe7e-4f09-8b38-3000ed1c0d11,1,995,2017-11-25 20:30:00.0,1327565e_62b7_42c5_b14f_8487310a7372
187372f6-6677-4d23-9fcc-897f70d741e7,92,3120,2017-11-25 20:30:00.0,e578addb_c7ee_4e90_b7cb_c10f6fa99829
19f72dfc-1f9b-4b09-8d1b-30b03f3c1c60,85,3336,2017-11-25 20:30:00.0,94b017d7_4a6e_4db1_903e_4c2615f8fd29
1b843e3f-746a-4995-839f-75421a9035d8,3,1965,2017-11-25 20:30:00.0,ca40ff7a_7226_4be3_8377_c405c13eca33
1eda1765-6e98-46eb-87a5-501531b5d59e,18,2836,2017-11-25 20:30:00.0,0523316f_3f8b_47f8_929a_8152f00d244c
1ffae275-e854-4dbc-afe5-d571d9735fb6,68,1449,2017-11-25 20:30:00.0,1b8a3877_ebec_44a5_adf6_5267aab9d553
202274c6-c6a5-4b3e-a197-71789897c5f9,98,2364,2017-11-25 20:30:00.0,ade54031_22ba_4584_b19d_d959d2887323
2091b6ff-581a-471c-9ba2-029ba080c5a1,5,3164,2017-11-25 20:30:00.0,eeab8969_9a54_4491_a82e_5a8edefa19b9
21b9befd-f62d-4a92-8404-8ec07621d87a,41,864,2017-11-25 20:30:00.0,ecd5af23_32b4_4579_ba6a_3698f4e64e13
21c20147-ef90-40ba-83a8-3b6b5c9ea231,69,2393,2017-11-25 20:30:00.0,9805ab36_a14c_4ecb_bde4_36af7fac2291
242e02b9-3a00-42b2-8e5d-f126aad0499d,2,2246,2017-11-25 20:30:00.0,ab4cec18_6ef9_4177_ae5c_9f0346acfac9
24d3b76b-2da3-48c3-8ab6-256ac63f5929,90,1966,2017-11-25 20:30:00.0,71783b2d_b93d_4c9f_8eb2_443e71b774ca
26c28165-d8fa-4023-bb98-519a62bfa524,63,2930,2017-11-25 20:30:00.0,ac28d69c_ab22_4831_af17_4537794437d5
27596bee-3248-4eda-ad01-fc28c44ccd8d,81,1881,2017-11-25 20:30:00.0,8f9fd895_8748_43ea_8d1a_d4990c5accf7
28801a08-6fa4-4009-8201-a66a95b8ca4e,22,1490,2017-11-25 20:30:00.0,c4c71fb8_16b8_4a8c_879d_2ad85ab8e9dc
29a2835f-62cd-4a20-b74c-a6a3db6e9d2b,10,718,2017-11-25 20:30:00.0,803aff02_5889_428c_be63_482bcc1367fd
2a9383ec-c7ef-461e-b58c-2a86ccf73528,98,2086,2017-11-25 20:30:00.0,62f165a3_55a4_43b6_a085_c2de7767c8ec
2ae2bb8a-a4a1-4f64-8e71-c9f10710efd2,90,289,2017-11-25 20:30:00.0,5dac83c1_c786_49db_9015_3bc04a633bab
2dee40d5-4a87-4b31-b28a-b2918de5e9a3,74,659,2017-11-25 20:30:00.0,cdc08888_d52c_4e2d_b6b8_19b71745a822
312e7ad1-3d1c-462c-932c-8fe7ecb7465a,24,1763,2017-11-25 20:30:00.0,df1f15b9_114c_420c_b127_755e0b41fb93
32ffed3e-a818-43ad-95fc-3592377a1f92,87,2231,2017-11-25 20:30:00.0,460753dc_55f3_4489_9b4c_79adc76629d4
339b3b7b-f9bd-488d-9767-3f6cb68c9502,100,2981,2017-11-25 20:30:00.0,5482b5cd_e941_42f0_8672_29eaaae608df
34596d1b-fb69-4bbb-b843-58daa43b6b47,87,340,2017-11-25 20:30:00.0,55061169_9b12_45b5_9c8f_325304bbfb0a
38539ba6-f558-440e-8412-c7bf55c54f46,3,2584,2017-11-25 20:30:00.0,9aa200be_4c98_42ef_93c7_4d2c2b0b6a65
38637747-36e4-4a48-9b9f-00f827a4687c,15,505,2017-11-25 20:30:00.0,41fce9ca_0ccc_4013_8edd_c214c04ff5e8
3a39e440-7b68-4abc-a2c1-2296a0bce765,85,1301,2017-11-25 20:30:00.0,a9a8bb19_3e4c_44e1_a2d9_dd604da2b6ec
3ae9a9e5-3687-4689-8cdd-0975afbb28c4,47,218,2017-11-25 20:30:00.0,f3fe0939_b41a_444b_adf9_4d6f70038edc
3f0f83df-b221-4703-8d08-43c33b8dbe90,72,1093,2017-11-25 20:30:00.0,4934aa7f_0b20_4fe4_875f_1132878b0398
3f6bf73b-6996-4200-b3da-48f3344cbcc7,75,1950,2017-11-25 20:30:00.0,15a13ad5_d365_4d94_ac3c_dcee45f2f94d
400c9786-665d-4ff7-9707-400fd00ceb90,11,1219,2017-11-25 20:30:00.0,ee4c8b5f_b46f_407e_947b_38ee0e13a738
40d28b17-0caa-4957-b7cf-c45738781e6b,14,256,2017-11-25 20:30:00.0,dc00367a_a778_45ee_b17d_a326dbd7df0c
41f4b4d6-2819-426d-96ce-7bf6d0dad40c,62,385,2017-11-25 20:30:00.0,4e3d6810_65be_40e8_9f5d_874bbc87ff2f
429694dc-b76c-4523-9483-1f4472007fe7,6,3351,2017-11-25 20:30:00.0,d882b634_fd59_452d_947c_8dc3936ae5cc
429fcbbb-f050-4b35-9f90-4270b7041175,23,890,2017-11-25 20:30:00.0,664278ab_86d5_42b5_a9a7_031dd31221dc
42a8fec0-fdd0-42d2-b518-a843574608d8,37,1838,2017-11-25 20:30:00.0,dedd82e3_f22d_4613_beeb_457ab8024964
44370438-d34a-4de2-b72c-e85828e80df0,2,2399,2017-11-25 20:30:00.0,2ec9cce5_8968_48d8_8baa_14c004b44755
45bcf4fd-a808-4743-b998-a2f570e8e888,13,2969,2017-11-25 20:30:00.0,092bee27_492d_486f_a036_1d251cf26bc4
45f79da3-de3f-4305-8129-7b853365ae18,24,1964,2017-11-25 20:30:00.0,3753d2c2_6c55_4292_b1f9_2b1a78b09f7f
469289be-89c0-479e-bebb-725873c136ba,82,210,2017-11-25 20:30:00.0,59beefe1_0f60_4a21_a8a1_031a5d5c4cc1
46a674b3-ae58-4ed4-ad96-aeb824e9d406,23,2999,2017-11-25 20:30:00.0,cf5818a5_a76a_4c60_be5b_a32ddc029edf
476e3b9b-b426-4dd7-b68b-2717d03b9edf,20,3015,2017-11-25 20:30:00.0,967cdaa0_81cc_453b_b79d_50555edccc81
477bbdd5-cd91-47a2-9356-b99016e29852,25,3417,2017-11-25 20:30:00.0,aecbbc10_7b32_48d6_af47_83c952b86641
48241920-f944-4e38-9424-3319e8821623,38,1433,2017-11-25 20:30:00.0,77578cfc_72ae_4e7c_8080_901eab05f2dc
48d2e50e-03ad-4958-aa1d-24fe4b8e27c3,75,1686,2017-11-25 20:30:00.0,06935ff9_f844_4124_95a7_9129ddfe2692
4914fdd2-cfb3-46c6-b4ee-02b85dcb8a60,83,3499,2017-11-25 20:30:00.0,930d5048_bde8_4e0e_8647_422f79ef76d2
49670bb1-8a9e-4957-a20d-2e7a4787cedb,28,2163,2017-11-25 20:30:00.0,640c555e_5d15_496b_9795_4477c1f27057
4a042142-6008-49bd-a3eb-3b62d69b9115,4,11,2017-11-25 20:30:00.0,04bccc33_a20b_4597_9866_e4bf1db46483
4bf8a46e-081c-4e51-a81d-8c26b52ddba5,33,209,2017-11-25 20:30:00.0,2e71c165_49f0_4d41_8f9d_b0aa00822c59
4e5f7091-d8a3-476a-8d13-287641467be1,63,3221,2017-11-25 20:30:00.0,31aa6a6b_7554_459b_aa6f_8a7f3f692c52
515f47ab-ad0c-4f37-bdda-e4a4be14ab17,39,3175,2017-11-25 20:30:00.0,89daaac5_a00d_4a8e_acf9_6a4e3aaf2456
51c73988-6b39-4c00-9a6d-bb6b88b8990c,91,2704,2017-11-25 20:30:00.0,cb9e2d34_8507_4703_b8c4_50c37bc901a9
51d09e63-1310-4320-a58a-c495ded9f948,62,2966,2017-11-25 20:30:00.0,6ac3213f_5d3b_423c_b93a_2dc51469f187
543e6884-0a7e-457c-bb0a-c3cf536c7c7b,18,2115,2017-11-25 20:30:00.0,cdc02f63_d650_434a_b96c_a6ce7a90ce03
56ee8ee7-381f-4d8a-9c3f-70d6caecef0a,24,3275,2017-11-25 20:30:00.0,206699d9_e932_430d_858c_f247dac40956
574d7fbf-6837-4776-9f23-d865e1cfd605,85,1467,2017-11-25 20:30:00.0,bbdb50f3_0f08_4d9b_a562_6483cdb2bc85
583b0c88-59c5-4533-bfd0-7ac1ec6d4468,76,3494,2017-11-25 20:30:00.0,f14b6869_7589_4a82_81b2_abf2d758a786
5857013a-e577-4f60-9a0f-573bbaea93bb,69,1719,2017-11-25 20:30:00.0,bbd5d6f4_da1e_4552_868f_5179be5f54d1
5a12c7a1-713b-4d87-acaf-ea09947127f3,31,2612,2017-11-25 20:30:00.0,e80dec0a_d97f_4a66_a317_e27a4d95648f
5aa416ea-8c9a-44b1-b0a6-ea5bcdaff872,73,2966,2017-11-25 20:30:00.0,8742e79b_e7a4_47b3_8ab8_ab84a84c4c55
5c22dc55-1e62-4503-9c15-9814b4238107,87,865,2017-11-25 20:30:00.0,4845178c_c6c8_4dde_a540_a58f9f6acdb3
5d5a2ae2-89f5-442a-84e8-eb74e0bfc6ca,100,2343,2017-11-25 20:30:00.0,8a751bcc_dea3_4544_aaed_cfe28bd6de6d
5d5b8abc-521a-4819-a623-d0a5dc82e311,37,2860,2017-11-25 20:30:00.0,3ccc3a57_a968_4c76_9e46_92c4c2c39628
5df77aa2-7b10-4de7-a3e4-ab1f059f87ce,92,1355,2017-11-25 20:30:00.0,c4569115_305f_4d2e_a9ce_c82517c95e39
5e2df067-7d99-4bcc-955d-e632b5eafe5a,1,764,2017-11-25 20:30:00.0,cfffe2f5_ba65_4f9a_a801_b315d8d1e44a
6265bbbe-e765-4da9-9a3e-8d3b086799f2,11,1475,2017-11-25 20:30:00.0,wemo_04
63309553-3aff-4e44-be54-b4f784e62fff,91,1925,2017-11-25 20:30:00.0,972c9553_2f5d_4ff7_8a3d_a159cc1758d7
6387977d-afb5-493e-bda0-8e44c09039f3,50,103,2017-11-25 20:30:00.0,10935c13_6dca_407c_b028_3604d1bcc0d2
63a7d3e1-3dcc-4ea9-b14a-77370c62b63d,12,2564,2017-11-25 20:30:00.0,88ac4b93_6568_4f25_988e_95c9593522b9
650f4255-9fa3-40e5-ad75-9ae37f3135a5,40,963,2017-11-25 20:30:00.0,2cc090bd_e189_4b80_bc35_e68fc7c9bf3f
657681c0-bc2c-4a37-b756-5874d6b6a87d,25,2001,2017-11-25 20:30:00.0,df9842a8_a373_4629_9314_1ad417a7becf
68a77f5e-a25f-4063-a304-a4530978db30,18,2793,2017-11-25 20:30:00.0,fef829ea_02df_49bb_8a53_1d75d966d353
69f3bae8-e6cc-4c60-9716-89b72d644a35,89,770,2017-11-25 20:30:00.0,6f0cabfe_e3b9_4b97_be68_9abbc83be74f
6acdc1f0-0a83-4fa7-a163-d517caec640b,78,1752,2017-11-25 20:30:00.0,8c848911_43e8_4c11_8ba4_96279a3830ea
707a0816-7cb6-4532-8c8f-6dfa96a22cca,98,3546,2017-11-25 20:30:00.0,46dead57_665a_43dd_915f_e7f5cc0ca2c1
7145f619-ce27-4932-98d8-9d4f2625ff19,74,1736,2017-11-25 20:30:00.0,6ee4a467_a15e_4156_8424_c2215652f858
71576a86-b139-4a77-9dbb-98ae9d95f77d,52,1016,2017-11-25 20:30:00.0,5453b126_2bb8_4037_bf6e_13875193fc52
73617862-4b58-4187-afca-111cfc850975,79,893,2017-11-25 20:30:00.0,36c85335_748e_4c48_ace9_8e640324ce4f
758ae60a-5ac6-4111-9ee7-223adc5d2713,51,1719,2017-11-25 20:30:00.0,d4165f41_d17c_4863_9705_73ea15f3d0e7
763f1354-c8c2-45d9-bebf-5e2229924de2,52,62,2017-11-25 20:30:00.0,3bfab766_c0de_44cd_ad9e_86dee185fe73
76c6f69c-07ae-4ebb-8c12-2ab820b5c9a8,3,541,2017-11-25 20:30:00.0,a959b2f8_7adc_470a_9355_850373049dc6
774ca01c-2c27-4dd4-ba73-74130d8a609a,21,2726,2017-11-25 20:30:00.0,4e30c300_74ba_40c6_bd45_8649ec11ada2
79a13744-7742-4845-b4a6-c63befd97310,64,132,2017-11-25 20:30:00.0,a43d83c8_33f5_48c0_82d0_b55c9a01f22f
79c156df-0e83-426c-9fea-98e7a7d801e6,83,1052,2017-11-25 20:30:00.0,68493898_32fc_4a29_a451_e3dddc4f8406
7d654f6d-2b19-42df-afa6-8cc327548bc5,73,553,2017-11-25 20:30:00.0,7629b90b_9784_4731_83a9_8cafe4f9e59b
7e1ef56b-8337-43c4-bda5-f24462a9f5f5,71,3481,2017-11-25 20:30:00.0,1a259826_6fc8_40cd_992e_a7647d26d032
7f957074-7b5c-439b-92c7-2fdd1537e412,28,2293,2017-11-25 20:30:00.0,0551d929_f16a_488f_acc0_d079e464b8f9
7ff2c7c3-4b40-4cd2-a0f5-4e0c1fd2bc5b,8,2645,2017-11-25 20:30:00.0,9578943d_d999_4977_8d0e_88bd0e3d9e57
803024da-3493-4e42-9ef8-c0a79538e9e1,28,2796,2017-11-25 20:30:00.0,776fa69d_6fc3_43d2_a895_8754f8dcf025
80aa0250-f432-42f5-b343-5c866c020e40,66,3462,2017-11-25 20:30:00.0,f70c193d_9515_4dff_abde_bef59a5350fc
83f9b9fc-f8a5-4e91-a16d-8e8c6c5a1df6,41,3209,2017-11-25 20:30:00.0,41649579_6225_454c_be04_7e2471a42d66
83fd8cec-6e59-4f1c-9ec1-a1158ae8d289,63,496,2017-11-25 20:30:00.0,adf2bd86_2b23_4216_86bf_c51d24959f4d
8531fb0b-f16b-4911-80da-35dddb159746,14,2091,2017-11-25 20:30:00.0,c18601ff_5ade_4aca_b12b_788cc10d381e
85aa1392-7878-4026-bd1d-5ef617167907,40,1279,2017-11-25 20:30:00.0,5c24b308_749a_4068_b35e_6c6c2adfd417
85abd946-b5e5-457a-b1f2-e64cedaf795c,62,791,2017-11-25 20:30:00.0,aa25ce97_f052_435a_92d0_4048d4aa6b1e
86bf78d5-ffaa-439f-ac5d-fbc3aa874ca3,77,406,2017-11-25 20:30:00.0,43f7bd86_a9d7_4861_b6c3_8f8edd3158e7
86cff0c4-c843-4382-b355-a931e7fa8f3c,75,3349,2017-11-25 20:30:00.0,7605e795_9c8f_4f6d_b596_4409315c2f31
87a8df7c-c931-4291-adf0-bfbbc7cd3104,26,3405,2017-11-25 20:30:00.0,wemo_02
87bb33da-7f97-4e2a-a5b2-c38cf98f61ff,90,3451,2017-11-25 20:30:00.0,ec036993_06c1_4464_ada2_cd035802fe5a
8841aa56-132b-4ad4-a68d-aa4ac9b3e2a5,79,2177,2017-11-25 20:30:00.0,8cf0614a_7151_4b5a_84f4_05e46d9b9b02
885a5189-e8cb-47aa-a160-30da63c4430c,74,979,2017-11-25 20:30:00.0,8dc102b2_58f4_48b9_a3f5_37b39bd7011b
88ebe0eb-1263-40e4-9c36-6774573d8bed,29,1113,2017-11-25 20:30:00.0,d5a8ca25_ad78_4cd5_bcaa_88533550c9ed
89953f0f-d3a5-4087-850c-bf62336a2c6e,57,702,2017-11-25 20:30:00.0,01aa9c9f_91fd_4757_8429_c1993b29d681
8b298a8d-03a3-423f-818c-a2a90e6a74a2,74,767,2017-11-25 20:30:00.0,a731d35e_fd0c_467d_978c_cfe730c2b95e
8b39aa51-2976-4878-b616-8bc4e4eaf6ff,24,2198,2017-11-25 20:30:00.0,678677df_54a2_42a8_99ab_fca2d7705e9c
8cdba695-9707-47ff-abd5-8a2f8480e27f,5,1409,2017-11-25 20:30:00.0,ba8cc007_a86d_4fe8_885e_729dff31de55
8ddd3bed-c0c5-489e-bd13-1e82cdef9ff3,24,964,2017-11-25 20:30:00.0,8237cc21_f631_48ac_9d9f_73458877eee3
8f2524d4-8ea4-40e5-b408-ba16911ffee0,62,2738,2017-11-25 20:30:00.0,dc74d3e2_b2aa_403a_b7a1_fe0d30d6030d
8fa5aaab-b9a4-4238-b5bc-b165149c5101,64,2690,2017-11-25 20:30:00.0,7f375a3a_08fc_4656_9ea8_388fc3559019
90e16409-bc21-451d-98d8-1ccebcf28d8d,6,277,2017-11-25 20:30:00.0,3630bbd4_a6cc_41af_96fb_46e3734924c2
930310cb-faf8-4fb5-b4f8-08b1f6bcbd69,10,2902,2017-11-25 20:30:00.0,99e252d7_a053_40b2_ae96_0cf21e08931e
93a08cb5-5d7c-480a-997e-d00ab9687546,69,3296,2017-11-25 20:30:00.0,3ade1944_807b_4851_9d0b_4b3a6001b786
944a3fdc-1ca1-427a-8ebe-ee881d8bfa57,96,2707,2017-11-25 20:30:00.0,ac347a8f_ffe0_43f9_af0e_faf7d5d2a595
97086ef5-7d0d-4dd5-8e2a-cff637d0b9ae,53,2302,2017-11-25 20:30:00.0,f9f830b6_06bd_434a_963c_797fbd79082b
987723db-e1d7-44f8-9ed2-d2bff87b71b4,64,497,2017-11-25 20:30:00.0,7f81ecb0_b5ea_491b_9083_efcc92819eb5
98c7d6bc-9fb6-4c25-abf4-6d80e2e71030,10,2595,2017-11-25 20:30:00.0,a3185c5d_5f3a_4273_8b8a_d0e70a94c3c0
99208a50-ddde-4b37-b7d7-30176be5a311,73,1246,2017-11-25 20:30:00.0,65d6faea_dfed_4256_93f4_5ad903343003
992da7da-abaa-4b8b-86cd-b372dabcfb1c,87,1801,2017-11-25 20:30:00.0,24f14001_5983_4f06_a176_1ec17c7176ba
9983d417-cc34-40a3-b111-d8ab108c1f01,78,3567,2017-11-25 20:30:00.0,f7382810_be2c_45bd_8499_2195fb5f784b
99dae92a-f406-41de-952d-dbb8e0d2289e,27,1926,2017-11-25 20:30:00.0,wemo_06
99fdb863-510e-4d35-bc6d-cefef32c56ac,29,1129,2017-11-25 20:30:00.0,8e609ab2_4ab2_41d3_ab47_c6fb4785421b
9a07e45e-b31f-4437-921f-97c2b9f5b64a,49,2565,2017-11-25 20:30:00.0,f6cf85de_7388_441a_ba31_92a4b0ea6525
9e663c6f-ae99-430f-9108-33bded5990bd,70,121,2017-11-25 20:30:00.0,7f2fcfa6_6813_41d8_afe1_19ff99c8ab9f
9edcc986-d292-4c9c-b8d2-1a081cfc6566,76,953,2017-11-25 20:30:00.0,a343b8b1_9acd_4a2e_8b2b_dd6974d4ecb6
a22af04b-7045-41ef-a054-b8b23f926e37,66,3331,2017-11-25 20:30:00.0,3943950e_24fd_4a84_80ac_3a2564c79554
a2594013-52a6-49bb-a09e-e0756a3b1d1b,40,2355,2017-11-25 20:30:00.0,07daf532_3e51_40d1_9418_78d722ee4abe
a2baf627-6257-4fa0-849c-44d5b7bcb09c,72,2743,2017-11-25 20:30:00.0,a2b5ca66_814c_4d8c_bdab_1a189ea747dc
a4eef1ac-e053-4878-a4f9-220b8476c945,37,486,2017-11-25 20:30:00.0,d34fdb97_e1b3_48c9_9b29_317b7555f8e4
a724fb70-36aa-448a-86a2-2e6d69e32fc3,68,1561,2017-11-25 20:30:00.0,8be29b1d_bc8d_40df_ba74_cd16c1dbd918
a784e2b7-5846-4fe8-b3b5-a7f1036696c9,26,1484,2017-11-25 20:30:00.0,b29b845b_679b_433a_837a_57f66d60aaae
a9fe83fc-4699-4e2e-ac15-2095b48ec400,57,2658,2017-11-25 20:30:00.0,bc8c4f73_2955_4c50_bba3_15147338399a
aa041ed4-8b58-4c94-843a-b8d5f9a73804,2,1442,2017-11-25 20:30:00.0,737604ee_5756_41a2_a1ae_8197744998cc
ab98d715-1a6d-45f2-86a7-133709518eac,95,2584,2017-11-25 20:30:00.0,6ef787ef_b293_4541_ad63_b3abb89ea078
ac313075-3774-48f5-b92a-08ee4e934424,87,2825,2017-11-25 20:30:00.0,081263fd_f1ea_4200_bf96_191eb5cb6948
ac5927d6-3546-4d23-80a6-da75b7b3f3d3,71,2962,2017-11-25 20:30:00.0,69edd8f6_f4f2_461e_8b2b_3bd4e57fedbb
ad78faf6-9595-4903-9454-4041fe3d5b74,26,3554,2017-11-25 20:30:00.0,afafa9f8_1193_4d20_b712_5873adf5f6ef
af019344-dbbe-4838-8694-33c81613e869,10,1259,2017-11-25 20:30:00.0,615f061f_e6eb_4b67_9f3c_c77b72c169e5
af20a7be-6374-4474-8e2e-2f32bd54abbd,73,2869,2017-11-25 20:30:00.0,87e177e4_097d_4a69_813e_70004011c7ed
afe9c35e-ded0-40e6-ba79-701e737b8e11,47,1648,2017-11-25 20:30:00.0,a8e1c789_133b_43b6_8bcf_7b4907c9be6e
b6ef8fc0-e109-47b1-9704-6a8d441706c2,26,196,2017-11-25 20:30:00.0,c6a3c398_8e10_4cec_b3a6_3be540a61e5a
bb645ec0-ba3e-43d6-b0fd-570d598126e5,33,2286,2017-11-25 20:30:00.0,b52843e1_dfa4_41bb_93b8_64c5edb2d28c
bc2e4d75-6150-4d73-ae56-ac3b00e3bb71,20,1647,2017-11-25 20:30:00.0,1b68e16c_0404_424e_8a64_7983c691554f
bc3a3302-59b6-4681-80d5-a6d40273cf21,58,30,2017-11-25 20:30:00.0,80659645_9b49_4ed3_a0bc_37e188fe8f32
bed4ab94-7fbb-470c-8787-92151eab09a4,79,250,2017-11-25 20:30:00.0,f2ebe8f8_9fa7_424b_8806_8f6c6d9704b3
bf5426f6-0b74-4ab9-9420-f313ad791301,61,2932,2017-11-25 20:30:00.0,e6f3d961_f6ab_44b6_bd95_d180ca151766
bf84c461-86cf-436e-8425-323694df19b1,54,3575,2017-11-25 20:30:00.0,a6adf5f7_ff99_48a2_87e4_32fefdc3f8f2
c09ab65b-29fc-4530-b70f-99e4513e90cf,3,64,2017-11-25 20:30:00.0,ec0a71bf_b000_4afd_a496_7420c995e720
c43899ef-7301-454a-8da2-a7e47f791599,73,658,2017-11-25 20:30:00.0,84e98119_d6b1_44a7_95be_59e19af499a2
c5c9436e-658c-4d34-bca2-55fa03797bcd,83,1718,2017-11-25 20:30:00.0,38edb2a7_0a5c_4464_87c3_3e2f7acb81c1
c602c44f-9f71-48b8-ab80-9c8aaebc9d48,32,2462,2017-11-25 20:30:00.0,f85f88b1_e4d5_47f8_b2e5_f470b64dbf53
c76e00c3-a07a-4984-921d-90d8a2bf7d0e,70,1736,2017-11-25 20:30:00.0,3f444574_699e_4235_99a3_8b3019c035c1
c886216e-8237-4090-885e-c12e163631be,79,2061,2017-11-25 20:30:00.0,c8c320e5_ad08_4dce_bab2_a34ebf003699
c89f6483-2e3c-450d-9cc3-107da6e0f79d,90,1205,2017-11-25 20:30:00.0,53dd1e92_9c22_4c96_851a_6fa55f69899e
c91269fd-c68c-46b7-83bc-865a2c8161fa,42,1787,2017-11-25 20:30:00.0,0ff0c862_08d7_43fa_bfac_b734082c2669
cb45fb74-5669-44c1-8cb5-7e62eb691f54,81,164,2017-11-25 20:30:00.0,7249d60d_6a33_4c61_9a43_deb55f814bc6
cc4eb942-3a10-49d9-8e14-33f94857f8fd,52,3030,2017-11-25 20:30:00.0,ba04947c_3416_469b_ab9a_fe3506a0cc15
cd0602cb-0ab9-4707-8cba-07eaa36db417,69,190,2017-11-25 20:30:00.0,160a9163_9c2c_484e_9b4d_04659f3ba01f
cd16d9d2-f9c3-409d-bba6-65ab76e55c56,4,53,2017-11-25 20:30:00.0,e2e6e841_0a4f_4f51_841f_293d06ef405c
ce08498e-3abf-44c0-b487-cf69778e5920,87,851,2017-11-25 20:30:00.0,68874432_9db5_4784_b11d_3f910ce897f4
d06e19ba-02c7-4977-b14e-c0e086ed1dfe,80,763,2017-11-25 20:30:00.0,b51cd382_5c0c_4681_a30e_e3c442e2232e
d0d20964-f899-4eba-b885-0321e738c780,69,752,2017-11-25 20:30:00.0,c6c15232_66fb_4dc1_838c_66849f8a2a3f
d13527c0-4548-4d8b-8f16-78976c66a3a9,60,2490,2017-11-25 20:30:00.0,e5027223_7b20_438e_94bb_1af20e290b8c
d2afa717-0333-45df-b206-b1b34d06dd8a,96,1988,2017-11-25 20:30:00.0,556f5110_e913_49d3_be9a_aa43c7a71068
d2eafdd7-81f1-413b-8aa6-1e8740b5fcc8,22,646,2017-11-25 20:30:00.0,4fa023a1_8ad5_419a_9a59_70ad7e5e438b
d352edc0-e44e-4621-9f40-757333a79316,99,1616,2017-11-25 20:30:00.0,833fefaf_beea_48d2_ab9a_fc3efe24b7f3
d67283a0-c217-4673-9701-8239ae3c22f4,85,1413,2017-11-25 20:30:00.0,e6a0bfed_0703_43e9_be51_08bf4b6adc77
daadde3f-353e-4ef6-8203-5c9cc2ad8ae6,5,2883,2017-11-25 20:30:00.0,d75622a0_40df_4a4a_891f_1fd4b2b60c1b
dc729d34-85ee-4706-9f3d-ce72c2b3a292,55,611,2017-11-25 20:30:00.0,11b46df4_1923_4a61_8fac_1fd9d57577d3
dccdca0f-cf16-46d4-a3bd-75b1054394cf,28,311,2017-11-25 20:30:00.0,3ed1d585_4277_4d18_8c34_cd8402267476
e32ab328-8d51-48a4-8a9a-f7625ddbb5ab,96,2716,2017-11-25 20:30:00.0,28ab8ea9_449a_4c68_9300_d926000a1fd9
e63a525d-1eb4-4444-89be-3453fe695027,42,1889,2017-11-25 20:30:00.0,f6efdced_e682_4123_9a3d_25dadb85597e
e94f91ec-aec2-4923-b40b-942283a6fca2,38,2290,2017-11-25 20:30:00.0,3041420d_9505_4c7b_8985_e0d2ad8a6f92
eac7894d-190e-4829-bc6a-4a0f7162ed05,18,1842,2017-11-25 20:30:00.0,70ca442b_b38a_45af_ad4c_c41f8e3a2665
eb56e96e-c505-415a-8d52-b114dc54c027,31,3375,2017-11-25 20:30:00.0,44e7321d_530b_4f87_bd79_741ab2f1e416
eb6b4408-0202-4dab-b07b-9686bc6a87c8,10,3471,2017-11-25 20:30:00.0,338b446e_e300_4a00_83fe_7b603f497654
ed7e8ece-4af2-45e8-ba8f-77c8d9e46b85,91,2848,2017-11-25 20:30:00.0,5ed165d5_bdbc_4ea6_bc7f_220536ab0fb2
edbda739-cb3f-4352-9b27-595a3904e894,78,1100,2017-11-25 20:30:00.0,5f500c51_1528_4e6a_8467_47fc0d225a19
ef1340e4-0c81-4af3-9a6f-f288b02e78a4,25,3007,2017-11-25 20:30:00.0,1054d5c1_c172_4aa6_845b_96728d7c60c3
f2e26554-eb7b-4615-a696-61061d274225,4,2070,2017-11-25 20:30:00.0,fd4e51b5_78cd_4cea_89a8_37af39635add
f394f727-93a2-4905-bf18-c85871aa29ca,53,635,2017-11-25 20:30:00.0,03f69460_43be_45ba_a856_06c19a340173
f403c44c-99e2-43b0-9685-78e013c46d7f,19,1899,2017-11-25 20:30:00.0,7a4e6de4_66dc_4599_b8d0_b46626d5189d
f970e0ef-60bb-4a6a-94e7-c22e1420346b,7,1784,2017-11-25 20:30:00.0,a7bb68ca_6d74_431b_87fe_70ba47545683
fc2a588a-515a-4212-9a86-2cdea2654075,19,2542,2017-11-25 20:30:00.0,67a583f2_3553_404c_835f_fca1db649f38
fc87dfbe-bffa-4f37-9bc6-23b30746657a,91,2494,2017-11-25 20:30:00.0,85bcb8cb_d6e5_47c3_a6a7_d9e3185fc44e
fe392c1e-8ace-41e6-a46d-3fa5fd7da3e5,92,2036,2017-11-25 20:30:00.0,8b20c416_ec01_4567_9dda_999371e0f0fb
002e2e5f-6628-4232-b25c-ac7f3a357861,57,2075,2017-11-25 20:32:00.0,431a78a1_d854_4898_9de2_49fd415f4912
01fc75eb-73f1-4ceb-81d1-6f507c46d70c,60,2376,2017-11-25 20:32:00.0,53dd1e92_9c22_4c96_851a_6fa55f69899e
02416827-9d83-4550-879f-4ea27e683534,13,2120,2017-11-25 20:32:00.0,8742e79b_e7a4_47b3_8ab8_ab84a84c4c55
039e8f3d-7b48-425c-9101-81582b179520,39,2774,2017-11-25 20:32:00.0,5593b8b7_e02b_4375_b041_2d570e030835
080d7afe-c040-439a-ba69-e5b416dc5c97,35,3319,2017-11-25 20:32:00.0,2cd62c68_788a_4735_ad70_965594690ebd
08b4c4cc-2611-4a68-a6ce-f7e55821588e,47,516,2017-11-25 20:32:00.0,2c24abb7_a535_4016_ab5c_f85c037b972a
0af65287-d630-4d1f-91c6-e7a9f8780bf8,5,2017,2017-11-25 20:32:00.0,d34f032c_1431_448a_92aa_61862bab179b
0bb032ed-8e2c-420e-bbf3-70821e7dd852,69,1511,2017-11-25 20:32:00.0,40b2c218_26a7_432e_b82f_45a0174043e6
0ccd8fc7-707d-4afe-91ae-e6505342e5d3,90,1435,2017-11-25 20:32:00.0,wemo_06
0e6c2471-137c-4b78-a5be-2d92ca20bef0,32,78,2017-11-25 20:32:00.0,7c5a6f53_e158_4d43_ba58_d57b2f69bc33
0e92dd46-dd85-4286-a76c-308d4a008455,20,2912,2017-11-25 20:32:00.0,b7cc269c_0d88_4dbe_b22a_f5526b104d41
10028264-d92a-45fb-961f-2a8414085119,99,2916,2017-11-25 20:32:00.0,eafc2907_9554_42f1_8767_5e3e2c873d77
103720ed-0af2-43af-bf5c-dd8fc0dc717a,67,1250,2017-11-25 20:32:00.0,0ba8e071_0cb8_4d4f_b3a1_e7041ee70367
119dafb9-f817-4319-94b5-69ce2eda7877,36,2926,2017-11-25 20:32:00.0,9578943d_d999_4977_8d0e_88bd0e3d9e57
124b13b1-4506-4280-8f75-b040b4cf3aa6,36,3138,2017-11-25 20:32:00.0,637a51bc_a580_4118_a905_a71dd69fdf9c
13968f6a-5c60-4dfa-b2c4-a7a94020391c,99,2737,2017-11-25 20:32:00.0,1c82e206_583e_4ca2_b81e_ef0d51064378
1744a5b8-dc29-464f-a5bf-72ad6233b8d4,21,308,2017-11-25 20:32:00.0,626ccd79_75ba_4859_a9ec_a0cad2f7c756
179b133f-8fc2-46e0-a6b0-27d070d0c600,77,2238,2017-11-25 20:32:00.0,4b0bbd6f_aac0_4654_9661_052c4608f8ec
196c82ea-4fb7-4f10-8f0f-8bff68004990,57,1265,2017-11-25 20:32:00.0,01449eb5_d5d7_4fc6_af96_52fd49fdbcee
19a4d6ca-34e8-40cc-b197-b85ca01119a0,94,466,2017-11-25 20:32:00.0,03cefe82_3c98_4fc5_a379_eef6e5407ae0
1d1f8d30-7c18-4a44-84ce-5ba88ac29d78,7,2378,2017-11-25 20:32:00.0,3b215b9f_17b2_462d_870d_9f3271471735
1f5e2872-3327-43f9-be70-fcca740cf62e,12,3117,2017-11-25 20:32:00.0,ad0c32a0_e6ec_4e03_947b_f3b39a128354
1fbdfc77-2381-4374-8a37-6b50f8a41ea3,72,440,2017-11-25 20:32:00.0,fdd5bea7_91fd_4094_b44d_c41f9aa78fc7
206ed4f7-b897-43a8-bc3b-795b6fb300d1,88,3264,2017-11-25 20:32:00.0,c2d3cbd7_7a12_4d73_b69c_e898fe31d2bc
2511ac90-6208-44f0-a06b-b93f287549d0,54,447,2017-11-25 20:32:00.0,3d0500c8_4f16_459b_b77c_488b289ae7b7
26c92807-843f-462c-9c41-e5b7c60a9e3f,90,3242,2017-11-25 20:32:00.0,0e6d0211_0f8b_453a_abbe_94d4076900e7
2ae2fcf0-c08f-443e-9dba-aa95561d997a,18,3490,2017-11-25 20:32:00.0,c657a4ef_8b16_4cff_9304_1e647187b5e0
2c1bccc2-b2aa-463d-9fb3-8c6453f769c8,8,859,2017-11-25 20:32:00.0,31aa6a6b_7554_459b_aa6f_8a7f3f692c52
2de30288-5b57-46be-a76e-18332518fbad,8,2674,2017-11-25 20:32:00.0,1b6be25e_93c1_4e70_b3ba_1e8efbcd9416
2ee4754e-6494-44cc-ba87-32d71495d1e1,51,718,2017-11-25 20:32:00.0,0cdb13a6_4d3e_4043_93f5_4d2ce698f880
2f36008a-5701-4d05-897b-344491a9e1db,41,2458,2017-11-25 20:32:00.0,338b446e_e300_4a00_83fe_7b603f497654
30e7517d-89fd-4e22-b9dc-eacab9d8d7da,1,3121,2017-11-25 20:32:00.0,725c7eae_8353_480b_900c_b163a31a8b13
3105a5e2-46d0-4afa-bf0a-28a3deb96143,18,290,2017-11-25 20:32:00.0,962663c7_8cdd_4f51_a806_71aec0438a8f
32dd6034-417d-495b-bebf-f9cef7bdd6ec,25,185,2017-11-25 20:32:00.0,b2cbcd1c_aef1_4d79_8521_e185e19873b2
3409eaa8-ff51-4a14-975f-f41885067e3d,3,1543,2017-11-25 20:32:00.0,563b9c3e_8523_4ee3_b2ad_31315a693522
3619a823-94fb-41d0-aa83-f245d75e6b3c,25,110,2017-11-25 20:32:00.0,6cb87741_a95f_4b7d_a698_45d5ed94bc59
39a13967-655d-411b-8add-8d894df3f037,88,1159,2017-11-25 20:32:00.0,a731d35e_fd0c_467d_978c_cfe730c2b95e
3a094b25-767b-48ec-a522-2d27293a4e8f,82,1046,2017-11-25 20:32:00.0,457a7e06_43fe_4214_80eb_0d0931c93916
3c1c01d1-17b7-4cf3-aee1-f3fd87c96b3e,26,2845,2017-11-25 20:32:00.0,6e865f4b_31cc_48d5_9089_5a9bf8916d44
3cea0c3e-6c4d-40d6-9a3d-43f2afb20ab0,87,2354,2017-11-25 20:32:00.0,1eaa8c73_90da_4d29_8ae4_d6f3afef223d
3d090c30-5d8b-47ab-9b51-21ee5fbb787b,6,3274,2017-11-25 20:32:00.0,b676030b_4933_4f25_9cad_f79fa44b1406
3dea1b92-1aba-42fe-9dda-ecd32a554b0b,47,3547,2017-11-25 20:32:00.0,2b3569ec_5fda_4265_9867_89a8d30db0ba
3f34cbfc-81c6-45e1-806c-c5939da5cb22,82,701,2017-11-25 20:32:00.0,a4a7b87c_f803_46f9_906b_a4c1abbae453
3fd2b90a-e108-4897-aeec-cd835febf559,77,2378,2017-11-25 20:32:00.0,c7361987_274a_419d_b335_051e8eb246df
40b410eb-0b79-40a8-b8c3-14a5c76902b7,8,2919,2017-11-25 20:32:00.0,1447a394_dae2_49d2_bdd9_be55c1686838
440ab21d-ad75-4d52-8786-aa2d33e4dab5,67,2205,2017-11-25 20:32:00.0,ba04947c_3416_469b_ab9a_fe3506a0cc15
4416244e-164d-4818-8c0e-59d492fcb6da,66,1077,2017-11-25 20:32:00.0,9391c70c_57c3_41de_a7c5_0e0ac30ea1d0
4614b457-ee18-478c-bebd-ecc7ca56ded4,91,620,2017-11-25 20:32:00.0,wemo_03
48f3ec4b-ed3a-49f0-ba0f-f2760b006a75,77,3255,2017-11-25 20:32:00.0,62eec09f_b50c_4d8a_a245_6c2b6d69f7a6
497ac520-1ad5-4c69-9de5-547aa1a391dc,2,2593,2017-11-25 20:32:00.0,0fb9d14f_cf73_447a_af0d_20cc6980994b
4997a91e-5bdc-489c-95b1-739574d71793,49,3564,2017-11-25 20:32:00.0,38ee2378_39bb_4a4d_8109_f7467a8e36c4
4c0f1ddf-57f6-4e34-b7c6-32e291f56ca9,50,1067,2017-11-25 20:32:00.0,7f81ecb0_b5ea_491b_9083_efcc92819eb5
4d2c3da2-0bde-4388-9bf7-a990612e0752,63,1865,2017-11-25 20:32:00.0,e6752d15_ea9f_4ec5_b7bb_2f09c0b527c9
4d625fa2-eb85-43c1-9181-c4dc5a280bd4,64,3374,2017-11-25 20:32:00.0,cf59365c_443c_4940_88d5_4a030b39d15f
4dd7f4ae-3d1f-4e30-8226-c34073b6bc6b,69,516,2017-11-25 20:32:00.0,f2143e5c_0949_4a8b_92cc_d8972a016825
4f9fb43b-ca3b-45fb-b3f9-f9c4794059cd,5,1673,2017-11-25 20:32:00.0,d5940867_99a5_49d5_8a33_9006293b9c6b
54e92bde-faaa-4b58-bc3b-fba11ab53813,70,474,2017-11-25 20:32:00.0,6a2015b4_b76f_4936_8d53_3eea61b6eac6
5560cc8b-db28-4d80-b8c0-f110ec745721,41,3395,2017-11-25 20:32:00.0,71441190_a750_474e_95f4_d0901dc20716
564653c9-343e-49a0-8eb8-d8b0febc3a02,7,2197,2017-11-25 20:32:00.0,1d79212b_0aa3_4e5b_bb8c_d400908d0e4a
5670db84-88ca-494f-8797-bc6a5a1570c0,54,509,2017-11-25 20:32:00.0,9c7b6d00_ca9c_4323_946c_58785c315474
57b800dc-82c4-48c4-b871-602f4c07414e,75,2774,2017-11-25 20:32:00.0,52b74d29_2df6_4f99_a61c_bfc3bc4513c0
57cfddc7-a217-4718-95fe-9b4d3876e48b,77,2811,2017-11-25 20:32:00.0,ddd84a69_f4ee_4b4f_a68c_282bf79bef4c
58cd0585-06fe-4024-aabd-ed7e4f6ba2e4,51,3035,2017-11-25 20:32:00.0,3ade1944_807b_4851_9d0b_4b3a6001b786
5bdc401f-9cf3-4546-9220-2be1aed69acd,36,1456,2017-11-25 20:32:00.0,57af77f2_a04d_4238_800a_2c10086a0bf9
5c68f8fd-ee49-481d-982a-793bb4e639c9,9,2811,2017-11-25 20:32:00.0,5abc4b2c_ecc7_4e44_89f0_c62b2e80c74e
5d367d63-ba62-4525-8291-b3e103c5b03c,36,763,2017-11-25 20:32:00.0,d4165f41_d17c_4863_9705_73ea15f3d0e7
5e888c4e-d984-4c6b-adc4-ab8354dab979,92,76,2017-11-25 20:32:00.0,a43a1858_d524_4cf7_96ae_156118f2fbc0
617d677a-d4d9-4d5b-8a7b-79488237324f,64,2770,2017-11-25 20:32:00.0,4e2b7687_d100_4c7b_a09d_63764cf9cb87
6212390c-0ac8-4c44-91bf-1c4fa00deb64,27,2307,2017-11-25 20:32:00.0,47d6ce59_9509_4d18_bef9_ee92ae7db681
641ab571-a480-4d8b-8d42-f3ecc9815731,29,1453,2017-11-25 20:32:00.0,746db819_19ab_4d03_9b39_1447c8210636
64620b61-3ab1-40cd-89ce-622f4c8dcde4,38,1514,2017-11-25 20:32:00.0,33a3b50b_cd51_48ef_b8ee_68ace05a30c1
667134ff-8eca-46c7-88ee-8940d0579d1d,82,1887,2017-11-25 20:32:00.0,ab675986_1027_452b_8b0d_2d071b23d23b
69eec259-9d1e-42e0-9c7d-fad3869ecc39,58,827,2017-11-25 20:32:00.0,3fcdb04e_5710_42b8_bd87_4cd6516af0be
6d42dd08-b04d-4130-a42b-f7715652fff4,60,1147,2017-11-25 20:32:00.0,ce2bf509_029f_406b_b8af_91d88c566df1
6e840c66-fa08-4fa6-b255-0bffc571f760,79,3519,2017-11-25 20:32:00.0,50c8ce50_d042_4cb8_bc24_c61f70fe46ea
6f3572a8-0c43-4a3a-9ec0-72f1851f70d5,52,3495,2017-11-25 20:32:00.0,e23206f0_dde2_456c_b025_f62c73419039
7090223c-bcb3-4374-954e-4ac11b9d334c,79,1764,2017-11-25 20:32:00.0,a4ef1083_7114_4c98_9291_846b8155713a
7426bf5c-69e8-4373-8257-f055395e975c,31,2436,2017-11-25 20:32:00.0,f73f2af9_afcd_45a5_b88b_ffa261666f4c
751a0e4a-08aa-47af-b3bb-a1509512d17b,3,704,2017-11-25 20:32:00.0,74a5910d_0f7a_4e6e_a0c6_7f442a824f30
75801bb9-7fb0-4c51-a5bf-ab1c2d8c61a8,33,1881,2017-11-25 20:32:00.0,ff4c197a_eb4f_4e77_b521_b5af14d556b3
75be6585-dc37-4db1-b78b-9f7ed0b696bd,38,50,2017-11-25 20:32:00.0,bda45ef0_0162_4901_8ce2_9067cfe7d864
75c99c4e-c386-4afb-b72e-a854d58d152e,85,1343,2017-11-25 20:32:00.0,90103be5_ba1e_4322_8943_776e6bd68c93
7b5c705f-f7ea-49fb-9c24-e997bace4c0c,29,2152,2017-11-25 20:32:00.0,4418bbb0_c280_437d_bd19_2b41f8871ced
7c9dc5e8-4e03-4ee0-83fa-abbd97fba660,36,188,2017-11-25 20:32:00.0,a617f1f9_992d_44b0_9aab_b5308c545c85
7d78000d-75dd-453e-82b3-ec3d5888c393,42,2714,2017-11-25 20:32:00.0,1a259826_6fc8_40cd_992e_a7647d26d032
7dd31ef8-8c41-4631-9cd0-229d0b7a6017,55,1571,2017-11-25 20:32:00.0,dc00367a_a778_45ee_b17d_a326dbd7df0c
7e09f049-4bf9-420b-82cb-dfc229fd5c5c,32,685,2017-11-25 20:32:00.0,37f0e1fe_7cdb_4cfb_b5a6_5936a0f2f149
81643f4d-d61a-4bc0-8a0c-8d92423adf98,28,3032,2017-11-25 20:32:00.0,115fb6a2_b3f3_40da_bc22_ad942b407718
83f31265-10f8-4dd3-9ade-9a03f65decc1,78,2204,2017-11-25 20:32:00.0,4fa023a1_8ad5_419a_9a59_70ad7e5e438b
841c1715-7fbe-44a5-8ea7-1b82190be614,56,1573,2017-11-25 20:32:00.0,e0f7521a_0650_43f5_84c7_87513ca9e958
84cc8dde-0e45-4b2d-8bbc-20df7b4eac06,98,2576,2017-11-25 20:32:00.0,1f4da13f_bd16_446a_afff_ae9710980928
8552ea04-dd2d-416d-8a34-be0de18e88c4,22,2787,2017-11-25 20:32:00.0,f74cdc06_72c8_4a86_96df_585d4f7443f4
86cb816a-83ae-455d-86f2-cf6c85d019b1,53,521,2017-11-25 20:32:00.0,d7700ef3_be56_4fa7_8578_bdf70c63583a
871c8873-3ed1-4af9-b7fa-e75cfb9ef9b9,37,2601,2017-11-25 20:32:00.0,8c848911_43e8_4c11_8ba4_96279a3830ea
89df8f94-b3d5-4715-9125-25b96de62169,96,2712,2017-11-25 20:32:00.0,71d38410_23e7_4b1a_907e_1b04a3f954d5
8af37421-e015-44d3-941f-3f863f7561ad,72,3554,2017-11-25 20:32:00.0,2216cdf1_79d1_47b7_b52d_9bae8f3a7f43
8d3b1fc8-e88c-4fee-9688-e95f8b9cfc8a,7,3025,2017-11-25 20:32:00.0,3bfab766_c0de_44cd_ad9e_86dee185fe73
90c693c9-6566-4914-bb50-301a933dccc2,91,3538,2017-11-25 20:32:00.0,023b3172_92a5_4a93_8d19_8d5da9e95a4e
91ed8249-0491-4b1c-9b20-e0734779a5d8,76,1804,2017-11-25 20:32:00.0,e638d57a_2850_40bc_a99e_6c387330f4ec
92870ce3-ec74-495f-af37-d93a941de4d4,61,2664,2017-11-25 20:32:00.0,2d94719b_960e_41ab_9603_8b236cb87914
948eff68-8777-47fa-b077-b750796eaf83,6,1317,2017-11-25 20:32:00.0,5d5cfab5_130a_41d4_9ddd_6f69edbef8b9
962d24b8-1957-442d-821b-5b11431c768f,38,2884,2017-11-25 20:32:00.0,5231b85c_85b4_4f0e_8fa3_99cacd1e7cd2
99685013-440b-431b-bead-e1f959e07f30,68,3312,2017-11-25 20:32:00.0,465e2440_d9a0_4ad5_8f46_35bdeba65001
9be3f29b-8de9-4162-959f-f2a5df208e53,92,1014,2017-11-25 20:32:00.0,8aed19fb_7253_4325_aa40_ec9519d67f1d
9ce3d63e-6149-4339-b5ef-cf3a71e23a4e,43,2674,2017-11-25 20:32:00.0,6f58ae1a_10a1_42f8_bbf2_be5254e771ff
9e2e2bbe-9ce3-4ea7-9ad6-67b5036f15a4,54,2150,2017-11-25 20:32:00.0,e5383b74_52c1_4eef_8d9c_4ed206a014fe
9e9652d5-ed67-4b0d-8d68-b3338d16a379,34,686,2017-11-25 20:32:00.0,dc0cd21b_16ce_49d5_ad49_5760e326216c
a2fc956c-875a-4a60-a4fa-9bec89954acc,3,59,2017-11-25 20:32:00.0,ac347a8f_ffe0_43f9_af0e_faf7d5d2a595
a31a4290-dbca-4aca-ad97-79bdf38da44a,71,3501,2017-11-25 20:32:00.0,7486bb90_a1c8_4425_9a05_096d2f341b50
a3b8755f-468d-47cb-9ead-3ca10e7bd589,87,2582,2017-11-25 20:32:00.0,3dd5b16b_f475_4d35_8d9e_9320046101a8
a408fc82-7ddd-4b93-9ff1-a200912b0fca,60,3050,2017-11-25 20:32:00.0,770e6732_1da3_44aa_abb5_80291371e75b
a5caf8be-f7c2-4fd4-86a9-740153abaa63,63,2513,2017-11-25 20:32:00.0,f7382810_be2c_45bd_8499_2195fb5f784b
a5e8c24a-9f4f-4972-8674-a640e5a70087,73,3093,2017-11-25 20:32:00.0,36c2e1c5_e148_4aa7_9f8b_6d4d1b038034
a72cfd5d-450a-4f2d-80c3-6b69ca3018a0,92,2627,2017-11-25 20:32:00.0,024a3278_1e25_4f9d_b190_747002ca215e
a72f9e03-86f7-45c3-a9b2-b23ae9a2b7e7,74,906,2017-11-25 20:32:00.0,00494232_2708_4b84_b019_9a9686333bc8
a76ae0bf-1b02-41f4-8098-fc6b621f986f,21,1181,2017-11-25 20:32:00.0,eeab8969_9a54_4491_a82e_5a8edefa19b9
aa00c907-50c7-4466-bd55-bf58dad372d9,60,2295,2017-11-25 20:32:00.0,78bed75d_edf0_44ed_ac7b_9a58ec7247a5
ac160530-d0bd-464c-9052-20f187048cbb,6,1754,2017-11-25 20:32:00.0,9a169d2f_f352_4019_985f_0a0f95088c80
aca4ad60-c25a-4da2-8d8a-a625a18acf15,56,3182,2017-11-25 20:32:00.0,77a49d90_3632_4cdf_b352_c8f3b07da998
acf0cd3d-741c-4e49-b637-ad47f64bd77c,44,96,2017-11-25 20:32:00.0,03f2f4e9_b0be_463b_87bc_620918d630d9
ad0c973e-19b4-4a5b-a5ff-224553717a00,76,1801,2017-11-25 20:32:00.0,e88eb477_a9b3_4d7d_8b95_33856168037b
b1516ae9-636b-45e6-8912-670cc7f0a313,89,1569,2017-11-25 20:32:00.0,12ef4aee_1185_4ab3_98e2_3242268f42be
b17d13fb-6005-4363-bbdb-c110945efb6b,4,18,2017-11-25 20:32:00.0,81ee031a_6e8d_4a5c_b8fa_f23e9608e3c0
b2771b4c-587a-4689-8909-2a1e205a2c09,30,2436,2017-11-25 20:32:00.0,d0db947f_be12_45d7_86ff_b28ea71c1ab9
b2ec18a4-532c-41ec-91e7-5e98d1e57f73,95,277,2017-11-25 20:32:00.0,f05bfefc_ba3a_4f88_b4ce_52a422576d7c
b3722a9c-83be-4dfd-afaf-4d16d4514914,38,1075,2017-11-25 20:32:00.0,1a0a783a_c76f_46eb_9ede_9e60c186cb3f
b3e343e5-8adf-4b64-b00d-3dcc01d1f2a3,78,2074,2017-11-25 20:32:00.0,1d9a633a_5083_4a64_bac3_c401e52f847d
b44f3e80-1464-47ea-910a-c4f00aa8d598,92,486,2017-11-25 20:32:00.0,5039ace1_d406_45d4_a6c0_af023263a7a1
b4b0982c-c390-4250-9d7b-b3a44fe48594,37,1255,2017-11-25 20:32:00.0,848db405_a5ab_4903_ae90_aae9eda5ccbe
b5015a1e-dc5c-43fd-9922-dfac2bc97c42,56,1765,2017-11-25 20:32:00.0,5dac83c1_c786_49db_9015_3bc04a633bab
b715d825-d771-4882-931a-324e39cbc6df,2,2104,2017-11-25 20:32:00.0,7b06b64c_cda3_4227_a1c4_23169c1181e4
b76a97dc-70ee-4e54-860e-ab3211dd3c36,54,2319,2017-11-25 20:32:00.0,66f0571d_0828_4cb6_9dcd_4fc588f5182b
b8108b5d-aecd-4c55-82d6-df16c4ee7a9d,97,1083,2017-11-25 20:32:00.0,75ac8df0_d34c_4d55_a362_6049d0a42b15
b82fc0f0-6643-4dd7-85ac-b3daa62802eb,85,94,2017-11-25 20:32:00.0,f50aa3c6_1e6d_48b8_ae68_5462e6cd84fe
b8d3ecf8-ca04-4b10-9e1c-fb504e0022d6,93,2750,2017-11-25 20:32:00.0,8f8c4a6e_2407_4d52_a5c3_219e7911343c
bb1bcfe9-3e9e-4ca5-a015-b3f7e85b2f43,29,1647,2017-11-25 20:32:00.0,2edaa8a8_4b77_4467_a3e1_52c5105a3730
bcd23bc1-2ca8-45c7-b879-18998b1ee589,70,1259,2017-11-25 20:32:00.0,14c44dde_4fae_4e8f_afff_24a4df9a10c3
be4a76e9-d65d-4645-b6ac-c761b8aa1273,35,830,2017-11-25 20:32:00.0,84992448_2bc0_4518_b177_9a3baec468d4
be672296-893a-4c6b-8225-15b80253d870,50,434,2017-11-25 20:32:00.0,9c40ae68_1a78_421d_9aae_6f2bd145e4a5
bfc74c2f-7e0c-4595-819f-9e46340c6b07,81,1872,2017-11-25 20:32:00.0,54d86b50_92a3_44fc_9a56_c8b0a3fa04fc
bfcb6cee-ecfc-419c-8615-fbe19c22f143,96,1330,2017-11-25 20:32:00.0,34aefad1_1d3c_460e_b33b_8b5b79f44199
bfdac2cd-c73b-461e-91ce-1f26e9d808ff,19,2145,2017-11-25 20:32:00.0,fa09bba3_f8b6_4fe8_8f20_2bec2335e707
c02746d8-d12f-48d9-974d-8d2999235966,64,1385,2017-11-25 20:32:00.0,0b0b69a3_649e_4c32_854a_b34a63a6fe4d
c26f3bed-7ee8-41b4-8e10-854a1bc319ef,16,1877,2017-11-25 20:32:00.0,3451cb12_fb5b_46c5_8e52_b689555d00ed
c8dae93b-7a94-4f43-a254-6a5eaed5eeb2,35,2873,2017-11-25 20:32:00.0,50be83ec_b616_451e_a983_bbe13a1c86ff
cc42269b-4c2c-4f7e-8e10-1cebf1423d6e,48,323,2017-11-25 20:32:00.0,aeb979cb_b5f3_4fcf_ade9_713561d61fea
ccf174dd-31b3-49c4-a1f0-c12e9c5fb831,87,2008,2017-11-25 20:32:00.0,3decc451_6611_43c8_9fdd_24c3dc6aaee8
cdae960b-5c14-4fa8-9c56-f505b7ed29f5,96,462,2017-11-25 20:32:00.0,0d06b2ed_025c_4571_9f71_f26b30a3abae
ce68ef9e-780e-481d-a21b-a6e289922432,86,753,2017-11-25 20:32:00.0,e074faf0_3b56_49a0_a97b_37110ccbfee0
ce6db13d-a20e-418c-9a7d-b6ed51dbca1f,43,2494,2017-11-25 20:32:00.0,5825bac6_b2b0_452b_83af_4a884413bc4d
cfc07758-2f5a-4782-bd03-d5c3e7b1db9e,72,112,2017-11-25 20:32:00.0,5bb37f41_30ec_4b2a_b6b3_6321416fd9d6
d03d08a7-dc58-4997-b742-7b7919cb78a8,27,1622,2017-11-25 20:32:00.0,879c1239_b305_45ed_ad1b_505c7b612be8
d1604799-fef6-474e-877f-e41e97661d7f,50,3449,2017-11-25 20:32:00.0,160a9163_9c2c_484e_9b4d_04659f3ba01f
d181ca78-6871-4e05-8e26-154b3138325b,89,2346,2017-11-25 20:32:00.0,120c66e7_fcbe_47d1_8572_d5877b70c7d5
d2507852-29ca-4c5f-9d34-7afe47e3d2d7,53,2831,2017-11-25 20:32:00.0,8b28e5fb_e47a_4323_8c59_8765c01fdb13
d3b7f794-6646-4a36-8ba9-6996175c02f1,10,1974,2017-11-25 20:32:00.0,89daaac5_a00d_4a8e_acf9_6a4e3aaf2456
d3d618a4-1e8b-49f1-abab-0b25cb56412a,27,2551,2017-11-25 20:32:00.0,556f5110_e913_49d3_be9a_aa43c7a71068
d3ffcb0a-f033-4213-84ff-202e686b05a4,93,248,2017-11-25 20:32:00.0,b7fd89b2_bffa_4fed_bb25_29d623f5d571
d6126c44-b875-494e-ad3b-7c93182dc9bf,45,1798,2017-11-25 20:32:00.0,9bf0b5a6_7097_4714_b797_270a87fd0b6a
d66cb108-668b-43e0-95d1-6e1b927748ff,92,2853,2017-11-25 20:32:00.0,44cc4dc5_e84f_4e88_ab45_efd507916571
d6ba0f1f-4d01-4672-97a1-f4f63821ffef,63,2673,2017-11-25 20:32:00.0,da02ae8c_f967_4e43_b9fb_13c95480812d
da9318d0-7dc8-45fe-9b8b-52ec08ba82c5,4,2713,2017-11-25 20:32:00.0,498e2416_f0ce_46bf_b216_d1b513d7af4a
daf6cd39-c90c-48d9-992b-76e19e6712eb,99,1522,2017-11-25 20:32:00.0,4267ad1d_b0c9_4433_a60d_02df4b697564
db8b625e-db4a-4032-9f4f-be8de09c0b99,26,1203,2017-11-25 20:32:00.0,aee0c2c4_d40d_4fa3_9623_5c8e90002f25
dc168340-2c09-4345-b59e-d9124bc8b0b4,69,3408,2017-11-25 20:32:00.0,8c4ce3e1_2e42_41df_b233_3d6a870495d1
dc1d59ee-c106-48bd-90ce-445bdf1e809c,44,2257,2017-11-25 20:32:00.0,51a468e5_adc9_46fb_86d0_03afc94c09e5
dc29f646-bc67-4cea-aff3-4e780e531899,4,2274,2017-11-25 20:32:00.0,fad2dbad_a86e_4cc6_a5ce_64ca17ec8f29
dc63051b-f9e7-4851-9da1-40ea6cece705,45,257,2017-11-25 20:32:00.0,6fce112c_fe40_4aff_97c5_84cebab2b49b
de11f6f0-7888-4b12-92d8-0c087fd1037a,4,1561,2017-11-25 20:32:00.0,306b1994_3f0a_4f98_b987_52e3152c8d65
e022e96d-44fb-4917-9146-0ec40167f335,2,1947,2017-11-25 20:32:00.0,4674bdf7_0a4e_4908_ad68_604ae2e4bb36
e0bad88b-d2b8-40e1-8fdc-9367d59a4efb,38,178,2017-11-25 20:32:00.0,f66c63bd_a6f1_4e22_88c4_2fa17d25b86d
e3af4c4d-80c8-46a8-b1be-d65134aaf6e6,95,1360,2017-11-25 20:32:00.0,e586961c_6822_4cee_b0f6_b7c29477f5df
e59909ba-cb11-4002-887a-97567228a0a2,82,2713,2017-11-25 20:32:00.0,7562c3d3_e3ae_440b_a73f_498d9892c44b
e6d3a24d-2a49-463f-8b63-d2593159bfaf,39,2896,2017-11-25 20:32:00.0,eec6728d_416b_4660_854f_7f6b8f74dc7d
e84bbda9-60ce-4c59-b46e-6946e374e276,66,570,2017-11-25 20:32:00.0,7a4e6de4_66dc_4599_b8d0_b46626d5189d
e87e9e33-1617-4f82-9074-716a9faff168,64,2288,2017-11-25 20:32:00.0,48cf0ac2_ccb6_4871_be42_48578631186a
e9d4d6c8-6ed1-448d-ae36-881580b5e7b1,64,293,2017-11-25 20:32:00.0,054ffb8f_24d0_4c72_98a0_a919926cb087
ef793cd0-497d-451f-b8ec-50f2dbb6c34c,4,222,2017-11-25 20:32:00.0,9be9b594_df1a_4edd_9352_8de1cc957078
efc18e89-571c-4146-88f7-c10cf5d540fe,4,2297,2017-11-25 20:32:00.0,c9aa79fd_de16_4d08_8137_90885b46e079
f02fe53b-739b-49cc-89dd-6b06f039d069,80,2049,2017-11-25 20:32:00.0,0ff0c862_08d7_43fa_bfac_b734082c2669
f075a48e-9404-4a1a-ad87-19de5b2b3eb9,45,2221,2017-11-25 20:32:00.0,4f4c0c74_e3a1_4726_a11e_5720537d6460
f0d484ae-0859-41cf-9263-0fae1f61fcd7,79,1225,2017-11-25 20:32:00.0,f951154a_ba46_478e_8b18_f41e7244eb75
f170237e-e44a-4249-9084-f0a4fb808794,92,2867,2017-11-25 20:32:00.0,5792375d_6b36_41f6_b757_8d5103852965
f1826a8e-a3bc-4c11-ba78-dfd2411d798c,86,1768,2017-11-25 20:32:00.0,a8fff497_b9d6_45dd_9415_745e58501443
f39b0880-0159-4561-a854-cc249e7dbb2d,41,3215,2017-11-25 20:32:00.0,4bd9b6cc_ee4e_4e93_bdec_fe4f18fb1cb4
f3f677aa-2955-4330-afbf-ba6da65817f7,7,3369,2017-11-25 20:32:00.0,b8a50f1b_c8a1_4f06_9b4b_f871d7229e0f
f40a6adc-c040-488e-ab25-b68e93415078,75,830,2017-11-25 20:32:00.0,d2f296c2_73e0_40e6_aa51_c97174cf22a6
f4947c94-dfb1-4ea0-a5b5-8c6460c1c883,67,3182,2017-11-25 20:32:00.0,06ae8a7c_276b_45b8_ada6_0e0abf6fdcce
f5fd84aa-67bf-4c0d-8ab5-ade1d8c8efc9,84,869,2017-11-25 20:32:00.0,50c19014_8d66_40b9_bbd5_de1c0c676203
f60371cb-7abc-45ce-b402-39e2e4d568db,40,3114,2017-11-25 20:32:00.0,0d3255dd_00e5_4cb8_a280_4fa262f95287
f806e66c-ac41-499c-80fb-a832d665af20,99,581,2017-11-25 20:32:00.0,88ac4b93_6568_4f25_988e_95c9593522b9
f953fd93-48bd-4989-8e84-586521c94922,46,1442,2017-11-25 20:32:00.0,8e7b5063_089a_42c4_9477_ecaf1477a9c1
f99718f7-9de2-43a0-891d-254ac179e597,85,2753,2017-11-25 20:32:00.0,737604ee_5756_41a2_a1ae_8197744998cc
faed7922-c409-4087-818a-21f399ca0ea6,80,107,2017-11-25 20:32:00.0,3ccc852e_b1d6_4d13_a2ef_8eec162f6c0f
fd0083b6-beb3-44fe-b617-a85e5cd50d73,20,148,2017-11-25 20:32:00.0,051012ca_ef18_447c_a2c8_3746081d3cde
fdca9ec2-d6fe-431e-9308-939e17b603e1,27,2317,2017-11-25 20:32:00.0,271bc280_eaea_49ba_a388_c1fb4e0d6959
fe308673-cc13-4849-a93b-7bcd9c47dde2,27,550,2017-11-25 20:32:00.0,6acfe217_19db_4bbb_99d0_275a8e253d78
fe7f18c3-7728-4b6c-bc53-7f653e627b04,78,1907,2017-11-25 20:32:00.0,d790867f_3fda_422e_a2b2_1ee59e7a7bcb
fe822df4-bc95-40a1-ba56-801b0afc4f10,28,1687,2017-11-25 20:32:00.0,187fe7ec_dca5_49a1_a0ae_d4e189fc125e
ffe9b072-b9b6-4833-a1df-a18aaadaf4dc,21,3459,2017-11-25 20:32:00.0,4d38be90_c9c8_43c9_bfbc_723f5602e83a
