00f7a45a-9767-420d-a169-11b0fd70d3b3,15,396,2017-11-11 10:10:00.0,ff4c197a_eb4f_4e77_b521_b5af14d556b3
04499f1d-8443-40ce-a048-391550cb78e6,32,391,2017-11-11 10:10:00.0,bff852c9_5072_4f33_bfe1_fb9a5f560653
0956fdc2-f32a-4dce-b314-2be60624b3f6,98,1607,2017-11-11 10:10:00.0,6ac3213f_5d3b_423c_b93a_2dc51469f187
0abd8394-ae6b-4e7c-b541-ec3820aa5cf2,39,2142,2017-11-11 10:10:00.0,e35b21c5_ba53_4325_b972_c2db8b7a5817
0ad7c23a-e3fa-4dc2-be70-9480074db720,85,1270,2017-11-11 10:10:00.0,18ad0e9d_09b3_4840_8458_0fd5219a37c8
0af1e483-5f07-4b44-86ee-5a54705cefae,94,885,2017-11-11 10:10:00.0,f5db9939_9e3a_49b9_a188_40ffe8c4d3a5
0b38094b-b8c9-46f1-be65-4761dc1fea70,27,909,2017-11-11 10:10:00.0,ca93fbed_6a54_4ed2_906b_3a2d1126b39e
0b397ae1-eaab-476c-8187-93f2fde6b51d,96,3459,2017-11-11 10:10:00.0,b8c5efab_d5b4_40ce_a4e0_f66df9193c77
0d574484-97e1-486d-821f-c58960a3bc7e,98,277,2017-11-11 10:10:00.0,348ea72a_ef90_4821_af50_59e30fee0109
105278a2-f867-4fa2-a1fd-12164ecad910,100,1741,2017-11-11 10:10:00.0,539ae7dd_69e2_490e_9035_e55f492992fb
12a60ad3-e402-4ba0-b792-af23c2e51e8c,89,2049,2017-11-11 10:10:00.0,3bfab766_c0de_44cd_ad9e_86dee185fe73
12d4a9d7-b03a-43e5-abe8-8d35875711eb,59,3259,2017-11-11 10:10:00.0,f430fe32_2fc8_427b_8387_a01d2d883b5f
13037d91-d03e-407d-9e36-39be4a7a7ecb,9,1271,2017-11-11 10:10:00.0,7112c17e_a989_4c9b_aedb_6586fcd6cb9c
13aac010-8e43-4c7a-9156-af8ad2391603,62,3266,2017-11-11 10:10:00.0,6a2015b4_b76f_4936_8d53_3eea61b6eac6
147a0dfc-1214-46be-86b9-92f5290faaa5,5,2595,2017-11-11 10:10:00.0,61ec4934_6aa6_4f07_a662_6258770c6dad
15c840c4-6c7e-4223-8fd1-890986ea57ec,49,329,2017-11-11 10:10:00.0,87e177e4_097d_4a69_813e_70004011c7ed
15dcd822-626f-4b48-b6e6-636259097d43,55,3228,2017-11-11 10:10:00.0,033163f2_f730_409a_bc2a_c00cd6e31fae
174b7d32-ea5d-4d96-a84b-247063ac25b0,88,1171,2017-11-11 10:10:00.0,f6cf85de_7388_441a_ba31_92a4b0ea6525
17500ce8-1c34-44fd-84c7-0036723bcdb8,93,1189,2017-11-11 10:10:00.0,76f7a2d9_f577_4fae_82de_7f881b2b389b
17ba09a1-5886-4e90-9ed2-d1a011ee317b,2,2149,2017-11-11 10:10:00.0,e6a0bfed_0703_43e9_be51_08bf4b6adc77
18eea643-66d5-4909-907a-dfead22b68a4,28,2447,2017-11-11 10:10:00.0,4bd9b6cc_ee4e_4e93_bdec_fe4f18fb1cb4
192da679-0cc4-4fb3-9da2-b600c95d8799,29,2826,2017-11-11 10:10:00.0,a3e3e8ec_6c42_43de_8058_0712e91ada35
19f51c9e-8da1-46d8-b54a-2a5339ddbc33,1,1863,2017-11-11 10:10:00.0,46dd03b7_7631_445b_a536_7107e0113a2c
1e36d74d-d58b-49ee-a4fa-37217bc82661,24,1165,2017-11-11 10:10:00.0,d7d90f41_1c9c_4b34_87cd_a6c8fdb69b59
1e632e04-b5a5-4b38-9556-2b9f8da9d11c,10,1000,2017-11-11 10:10:00.0,b66fdbba_4f8a_45f9_b8a8_260e32e47f2c
1f6d9784-d876-48d9-a2fb-05dd04326918,56,523,2017-11-11 10:10:00.0,d5a8ca25_ad78_4cd5_bcaa_88533550c9ed
201a1d65-b00a-40cd-b931-9872ab84ac86,80,3098,2017-11-11 10:10:00.0,ec166d65_bbdc_4b94_b3fb_cb6794347612
20864fa1-b941-4891-826f-10eddd35d7b6,67,3510,2017-11-11 10:10:00.0,c76a4eb6_e0aa_4d0a_aa82_da8d1287336b
20e9d158-eb6c-4858-80fb-2aa5d5da50fb,10,1423,2017-11-11 10:10:00.0,363965a5_fb52_44ad_9941_701ce8a59e7d
22748864-95da-4bca-b0c5-1da4f1093673,21,1813,2017-11-11 10:10:00.0,238e924e_e176_408a_9466_443bce830b98
23e178b2-335b-4c7f-a6fb-090cbfe48bba,75,2237,2017-11-11 10:10:00.0,9805ab36_a14c_4ecb_bde4_36af7fac2291
2598a602-1491-4ba3-96f8-8b504b228ee6,14,114,2017-11-11 10:10:00.0,11b46df4_1923_4a61_8fac_1fd9d57577d3
26249f11-af80-4d15-baac-b763e6ff9a1d,5,1192,2017-11-11 10:10:00.0,4d9e9df6_68e0_4c0d_bf3e_6179d65eb5eb
28362086-504a-4659-9d40-b28dcda16094,44,755,2017-11-11 10:10:00.0,de5e929d_9bba_4d01_be55_6ac493876fd6
2b5f04d5-cf55-4fb9-aea9-b549dd27bbb0,4,1191,2017-11-11 10:10:00.0,13a6fbc1_c987_4370_b359_cc55524dbedb
2c03e0b5-5142-4690-8e2c-f030b4c6bf0b,71,417,2017-11-11 10:10:00.0,a43d83c8_33f5_48c0_82d0_b55c9a01f22f
2cdcb50d-ad91-4695-96ef-5dd9fc93f77f,7,3146,2017-11-11 10:10:00.0,b550951a_addd_4702_9816_d57e2f027d55
3036ca44-4083-49eb-9c2f-1b081e8c19a4,39,2887,2017-11-11 10:10:00.0,c465cc3c_4328_41b8_8d34_718ddacd9ea6
33222947-dcd7-4bed-ac86-40690a579d48,24,31,2017-11-11 10:10:00.0,bcec89f9_3436_4f9a_902d_5e691e82b600
33ee6a12-dfc6-472c-8335-231b155b950b,69,2993,2017-11-11 10:10:00.0,24f14001_5983_4f06_a176_1ec17c7176ba
33fd9d22-c96a-41ce-b7e4-3ca9fb83cfd0,32,3046,2017-11-11 10:10:00.0,664278ab_86d5_42b5_a9a7_031dd31221dc
344ad654-c8db-487a-a75f-f1f0669f3893,85,722,2017-11-11 10:10:00.0,f5565c08_b2d6_4856_b732_8aa1a8baa16b
34a1c178-6e01-4195-808e-fba05cef328d,64,1477,2017-11-11 10:10:00.0,c6d22b33_01df_4a98_848c_662d056ebb67
35599324-08e9-497d-b4a3-4d7fdcf6e5bf,2,3595,2017-11-11 10:10:00.0,f74cdc06_72c8_4a86_96df_585d4f7443f4
36e192f6-eea4-40ed-a9e3-ec774a9a13b5,7,3166,2017-11-11 10:10:00.0,c0a2cf0c_fe78_41a1_a0d8_cf08f566f6ad
375ced21-638b-4519-a855-56b48d2f22aa,32,1024,2017-11-11 10:10:00.0,ee4c8b5f_b46f_407e_947b_38ee0e13a738
37c10ae3-3983-4c23-bffe-5b0d2ab3d7b7,56,3180,2017-11-11 10:10:00.0,a7883ee8_2c00_4448_b49c_50e4773bf419
39abc901-9ed0-4636-931f-880bf7684083,12,736,2017-11-11 10:10:00.0,85c603c4_6172_4dba_9cc2_e3dce3472bbb
3acea0af-5a83-43d6-a41a-409891e532b9,86,474,2017-11-11 10:10:00.0,wemo_04
3cb07e65-28a0-42fd-b45d-ab77cc1317c1,85,684,2017-11-11 10:10:00.0,2b234bc6_a923_466e_8646_4b25a4b8dc17
3e466fc8-4a19-473e-bf0c-a2a70ad25392,18,3487,2017-11-11 10:10:00.0,f2c62c75_0375_45a4_b7ae_95e2b7024ed4
406a89d8-b912-47e1-bc9e-28d59442034a,61,299,2017-11-11 10:10:00.0,746db819_19ab_4d03_9b39_1447c8210636
416514ba-e8d6-4384-b7b3-3c64229734ad,90,3589,2017-11-11 10:10:00.0,c8bf2abb_6be0_4fda_a7c3_43ee63b7f3b9
42e240f0-bae6-4149-8e6e-dcfef0f41bb9,32,2760,2017-11-11 10:10:00.0,393843f2_7ec0_42f0_8a92_e81109c61b51
4738c4d4-1dc3-46e4-a837-8bba7063871b,78,1013,2017-11-11 10:10:00.0,aecbbc10_7b32_48d6_af47_83c952b86641
4b991a45-52c8-42b2-ae9b-5e742bbd7f01,94,1530,2017-11-11 10:10:00.0,27ee9611_efc4_4d36_9ba1_c13f99a2eeae
4c30eb33-64df-45c9-86fb-6d7cd82fd68e,96,2748,2017-11-11 10:10:00.0,f12d244a_1e29_462e_8b4e_cd6e407af0f1
4ca7ad59-be01-4d2c-b627-15e29c01a168,18,2965,2017-11-11 10:10:00.0,f2143e5c_0949_4a8b_92cc_d8972a016825
4dbeaaf1-2045-479f-b307-19bad53a7eca,11,855,2017-11-11 10:10:00.0,a4d585c8_5c7c_4874_a0da_3a29cf69c11c
4e2e30e4-fe3b-4596-b5e8-308e603bc165,85,3575,2017-11-11 10:10:00.0,9f7f7289_2e97_440d_8334_323fc1831ccb
4ea3e09a-f339-407f-a8cd-b1195845dc20,6,1134,2017-11-11 10:10:00.0,f0a77aef_f2a4_41b2_813b_e8fc9ef9f6db
56f92a98-86f9-44e4-80ba-e26d35c8ad2f,88,2383,2017-11-11 10:10:00.0,32f9b54e_26d4_4908_ab8a_bf7ec125a2b3
570aa4d8-b48b-4cf8-b7b2-9a76068d79dd,53,1849,2017-11-11 10:10:00.0,eac080a5_b70a_44dc_ac4d_9bc79d836db4
588f856a-897f-445c-b216-e99ed5a01323,9,2368,2017-11-11 10:10:00.0,13edb542_3b33_4a8b_a9ba_e7e64530dd27
597077f2-de70-4c9d-bf4c-d395ac7da141,66,1101,2017-11-11 10:10:00.0,ea04998d_ab3c_450e_be5d_f7a06eadbdd3
5af4d65e-7607-4b41-bb05-4969adbbf853,31,1635,2017-11-11 10:10:00.0,d8face06_7ce6_403c_a4fb_1511b83d60d8
5afb9007-499e-4a38-b69b-91fe5d63505c,28,1792,2017-11-11 10:10:00.0,2b2b70db_3e76_448f_a7ba_8ca8fa2518c9
5ba8996e-d83f-4c24-8d5f-2dc6e1b5d12e,51,1052,2017-11-11 10:10:00.0,440165ce_2087_47ee_9759_801ac0060f0d
5cbf8d7b-c6bc-4df4-b97a-8e7fce7dd53d,30,1642,2017-11-11 10:10:00.0,f50aa3c6_1e6d_48b8_ae68_5462e6cd84fe
5df6318a-2705-4989-be13-53e3e5f8524b,8,542,2017-11-11 10:10:00.0,7f2fcfa6_6813_41d8_afe1_19ff99c8ab9f
5e89f33f-67d6-4e06-ae9f-d818f57fdc4c,81,2599,2017-11-11 10:10:00.0,ddc9a0e1_7db8_472d_81fc_570ca22fa3df
5fd4b7da-c94a-4772-be88-5f3b55cd4d2f,81,3025,2017-11-11 10:10:00.0,872bf2e6_8127_4697_9d69_637bef660c64
5ffb4ee3-311d-41c9-b7bc-99f00b42210b,17,2213,2017-11-11 10:10:00.0,606f6885_97b1_446b_902f_13a763ef9f99
6073c684-0f51-48e2-920c-92d369a0cd6f,48,366,2017-11-11 10:10:00.0,5820b101_8d44_4cc7_91ea_49b3efea325d
61b96b5a-e190-4e0a-89eb-7c4a45d1b2b1,29,84,2017-11-11 10:10:00.0,4fe68985_beb4_4dcf_9952_50738b83b6f2
64ac8d31-126e-422d-9bc1-6246a4aaa9f9,97,132,2017-11-11 10:10:00.0,1f4da13f_bd16_446a_afff_ae9710980928
653bc146-ef52-4d0c-8cbf-b0f1cc025690,23,3510,2017-11-11 10:10:00.0,51a50970_f09a_47a4_ba41_64cbf378c4d7
684cca30-5769-40c4-a3b5-32750720683d,62,1085,2017-11-11 10:10:00.0,92c52505_6fcd_4627_a5cd_80f4c4b46f3c
68815c35-85ea-4e04-80d2-a2ca73bdc0a9,5,2954,2017-11-11 10:10:00.0,69b95221_3c18_4753_a7b3_219466bb91ba
6a6d8631-040a-4e68-a4aa-7867f92b706f,37,1100,2017-11-11 10:10:00.0,9a6622f3_854b_4b11_bf23_70864c16d147
6c0278ff-6f56-48f6-9c5a-22d92619ddf9,28,464,2017-11-11 10:10:00.0,c105e775_8e79_4c5b_bf80_a6b77abff0d3
6c549cba-230b-4764-bd7e-e828019ad26b,9,3199,2017-11-11 10:10:00.0,06f73a41_1881_4b49_818f_5dce67032e46
6d289ddd-6d9d-4eb8-8a58-44b9dd88f7f4,94,2027,2017-11-11 10:10:00.0,80a4f56a_360d_4e34_ae00_27d460ece999
6f0ca99d-b0a4-40b2-9efc-24d3b608c7c7,95,3411,2017-11-11 10:10:00.0,a950ea43_6025_4301_b43e_c732c61f4d0a
6f3cc4fe-296e-42da-bf4a-b8f76093c079,18,1730,2017-11-11 10:10:00.0,aee0c2c4_d40d_4fa3_9623_5c8e90002f25
703c3f8a-6398-492c-bb3e-419290fd9d85,66,274,2017-11-11 10:10:00.0,5aa63ee7_86c1_4aa9_ba6e_9cb5bcadcef1
73e8e93e-ec0d-4d4a-ab49-19661d4fd309,13,389,2017-11-11 10:10:00.0,d262d984_44ce_4a4c_9714_6e02df1b7757
74bc7652-8ffa-43ee-9b26-b2558350b78d,54,1703,2017-11-11 10:10:00.0,b4d4995c_5b94_4e30_a918_c824c2fc68c4
77a30bf5-7734-4c41-ac06-8af1c8364ce1,29,333,2017-11-11 10:10:00.0,f0cb7b16_94d9_465f_b919_9ebc708c86fa
788109a8-b302-4e8b-ac96-9d0e31fbdd32,12,3125,2017-11-11 10:10:00.0,6c9ee92e_704a_469f_a3c1_5f9a893db923
7b2ab299-aa63-414f-a75e-05f9de41e881,22,2961,2017-11-11 10:10:00.0,c23a05ec_d2dd_425e_ad14_6cbe02331be2
7b850a48-22f8-42c7-9ec2-9233a9c19f70,4,1490,2017-11-11 10:10:00.0,1db6bb1c_ef94_485c_99c7_abcebef6a740
7bae88bb-76fe-4f6d-af1b-1822213e0527,56,2106,2017-11-11 10:10:00.0,0ea2b894_1551_4dfd_bdf3_e959e78442e6
7d9d25ea-7726-4d6e-a2b1-cdacec2459e2,93,3379,2017-11-11 10:10:00.0,f66c63bd_a6f1_4e22_88c4_2fa17d25b86d
7dcbd0b0-c1ce-4046-9b99-6136415610a9,63,3253,2017-11-11 10:10:00.0,a4cf2e33_a2d1_44c3_adb6_7cf9c0107f65
7ea20a90-2111-4fd1-9729-a4d1e9e7e94a,77,961,2017-11-11 10:10:00.0,8f8c4a6e_2407_4d52_a5c3_219e7911343c
7ee0a090-e5f2-45b3-8941-4fb1bd852209,91,2186,2017-11-11 10:10:00.0,0b759485_29d3_44f2_a159_b2ce571b10fd
7f57c45a-d5fe-4571-bbc6-aaf8f7e041da,58,1240,2017-11-11 10:10:00.0,57af77f2_a04d_4238_800a_2c10086a0bf9
7f6045e6-1c0e-4cc7-a1e6-a535461ab89e,99,337,2017-11-11 10:10:00.0,3ead9551_864f_43eb_b8e1_11765c06df30
7feb6d93-cb63-4116-977f-66dd77ced2d9,60,1792,2017-11-11 10:10:00.0,a21d4b44_aa31_42e7_a45d_c54681edaf40
82d5cb04-1994-4b08-b7b1-f15c6570df18,65,2491,2017-11-11 10:10:00.0,c916a973_411e_4e5d_9277_571e968ab637
831a4771-0e1a-470a-af4e-d8ef3e631f9d,61,398,2017-11-11 10:10:00.0,9aec149c_cfc8_4937_ac0c_fccfc7ee0cb4
8497337f-143a-4519-9382-2bd08a123782,16,2057,2017-11-11 10:10:00.0,cf5818a5_a76a_4c60_be5b_a32ddc029edf
87d948dc-5db3-4af4-a768-e58486fb4397,27,1048,2017-11-11 10:10:00.0,c2d3cbd7_7a12_4d73_b69c_e898fe31d2bc
87fd36a6-f1d5-486d-b3e2-2af2db31e3d5,62,1059,2017-11-11 10:10:00.0,a90f8e8e_fadf_48f2_a99b_5ff5ba310ac6
88790a61-acbb-4175-b286-54b0a9aa6038,75,1332,2017-11-11 10:10:00.0,457a7e06_43fe_4214_80eb_0d0931c93916
89d6313e-2db2-4785-810b-838836ebe73a,61,3113,2017-11-11 10:10:00.0,2e032075_c199_424d_87c4_073950f0a6f0
8bed2d9e-7a10-47e6-b1c2-239424592703,69,1810,2017-11-11 10:10:00.0,838b3ad9_31b2_4d9e_a2a7_23a805b4b2e5
8c4d985b-1e18-4755-8cf2-64e2d3fe5022,31,1901,2017-11-11 10:10:00.0,38a76526_8da7_43d7_9f4d_8d18a21d064d
8cc35a12-7833-46c5-a36b-309a263a4077,68,2138,2017-11-11 10:10:00.0,ed0d16cd_dea4_43b3_a9ec_a81c3129c560
8cf65fc9-709e-48de-843c-54b459500747,22,3574,2017-11-11 10:10:00.0,314bc993_1f1a_484c_84bf_c675bd3f7a79
90c7a772-cc5f-45cc-9830-6729832d254a,23,1455,2017-11-11 10:10:00.0,a373cdb3_0bbb_4562_a1db_eb516edd9b37
92b1b6a8-2b23-48d8-92fe-61ae4f7dcd4d,29,1239,2017-11-11 10:10:00.0,6be4a639_fdf4_4060_ad8f_b12ef71a7e04
931b992f-6844-44b4-a1df-a741e1461d3a,80,1952,2017-11-11 10:10:00.0,9955aeab_8086_4278_95e9_f45b36dff5b6
938e3e30-eead-450c-a00a-637aba1ae44b,2,2319,2017-11-11 10:10:00.0,ddd84a69_f4ee_4b4f_a68c_282bf79bef4c
9826eaf4-89f2-4c7c-82c3-bfcf6123d5d9,79,1344,2017-11-11 10:10:00.0,ce4a4998_0fef_42cc_a866_54561ee8e55c
99f65834-7d8c-40f9-9ab6-91d50faabd7f,85,185,2017-11-11 10:10:00.0,b57cd977_5ce7_4882_a140_5b2d70bcf96f
9b08abc0-f803-479d-bf5d-620eb9f8af1f,54,2613,2017-11-11 10:10:00.0,6ee4a467_a15e_4156_8424_c2215652f858
9b0a3c48-966d-4d81-9998-1c0454c3e7b2,13,2014,2017-11-11 10:10:00.0,81f1aef1_bcf8_4db5_abe9_77a7bac0e16b
9bb76053-20f3-4b75-946d-6900217e6673,47,2826,2017-11-11 10:10:00.0,27d24cdb_77c8_44b4_8c2b_1a20e0a59315
9dcfae67-a4ad-44b2-a474-a8bb7ec9ba8c,14,1397,2017-11-11 10:10:00.0,7b3743ad_f4db_440e_9f86_c03cb4cf574a
9e8ae149-700d-47be-8540-54a46519ee2c,92,459,2017-11-11 10:10:00.0,50f993af_1913_46fb_b5ac_1eebbbfe48c3
9f376376-5b48-4cc8-a1e6-b6a6f78c2ec3,68,3157,2017-11-11 10:10:00.0,38edb2a7_0a5c_4464_87c3_3e2f7acb81c1
a02c4ff7-3471-417f-8777-57da40abad00,41,3594,2017-11-11 10:10:00.0,03cefe82_3c98_4fc5_a379_eef6e5407ae0
a0c67285-ccfd-4d98-84f8-5a520ab4e3a3,4,468,2017-11-11 10:10:00.0,97c581d8_9cf4_4c8d_bc24_4bebdae6c682
a17482cd-3e0a-4497-99d9-b612da564ecd,12,524,2017-11-11 10:10:00.0,f405e0f8_87e6_48a7_9059_96cd1e02cf3a
a1891d81-c524-4056-aff5-8902577ec00b,96,3047,2017-11-11 10:10:00.0,95e1291f_5df3_474f_b3c2_473802440e26
a18ca596-ba0b-48b8-bdb6-ed83dc72da96,19,2126,2017-11-11 10:10:00.0,72af7a4f_3be0_43f6_b876_b7893b4f9c2d
a4244ee9-3877-4643-9641-e82ea9f2efb8,46,1901,2017-11-11 10:10:00.0,b2ec8f19_13f7_4a65_8210_4937f78971d2
a4d39e53-e3a3-46b6-a074-e1616986ef83,82,3341,2017-11-11 10:10:00.0,c558fba2_e406_4129_a7b3_e058712fea40
a5c108ef-fd8f-4f3d-af9f-a9ca6a7dbf75,52,494,2017-11-11 10:10:00.0,187fe7ec_dca5_49a1_a0ae_d4e189fc125e
a7b67bba-e505-433a-9b12-fc19ef0768d1,67,1195,2017-11-11 10:10:00.0,c0662617_85fa_4ad7_ae0c_49dc032b2748
a9fb4fdf-01a4-4b3a-9dfb-db1026f30fb4,52,175,2017-11-11 10:10:00.0,edc99391_e31d_4900_986a_8c9bca66ea92
aa4c1618-d24c-429c-9ce9-2baaa9c23750,38,588,2017-11-11 10:10:00.0,80034f2f_7dc6_45f2_a3cf_35dc8ff79d8d
ad696bde-404c-4e8a-b797-3b70b13d3820,27,1686,2017-11-11 10:10:00.0,c86ffdca_dcbe_41c4_b382_4b1a500ba2fc
ae158928-1aa3-4d56-9093-4c1bf95c9f0a,62,2487,2017-11-11 10:10:00.0,e0166169_6726_4dc7_98b6_1c0b83b93c42
ae85a39d-3b89-4684-8eb8-dd8ea3370b68,67,715,2017-11-11 10:10:00.0,d5ed2ce6_7174_4409_9595_139058b0934b
af395c7a-27c6-48a3-8793-c49fbd8c2fe9,87,2054,2017-11-11 10:10:00.0,b3e7dc84_cb0a_4b7b_bc91_d964f3bdd7e8
af3f473b-99fd-4270-8d43-086b9628fc1a,45,2221,2017-11-11 10:10:00.0,29b7acab_131c_42e6_853e_d6eef2d1255e
b1318eae-a0a5-4afc-aa1d-ff4b09863ce9,23,944,2017-11-11 10:10:00.0,4ffa31a9_1ccc_4ac0_ac88_e560b428aa88
b244a9b6-bd76-4100-8ba7-f4d73cbdd06b,51,3184,2017-11-11 10:10:00.0,9f7fde55_d4d2_4676_879e_4f6227be5a4a
b244d027-385f-4fb0-87b5-92ee3d3c615d,5,3071,2017-11-11 10:10:00.0,01aa9c9f_91fd_4757_8429_c1993b29d681
b3881e2b-8c32-414d-8027-61b2a1631d80,26,3260,2017-11-11 10:10:00.0,070015fa_7582_430c_b53c_37c47a7975f1
b6cf0823-9acd-4be1-9c69-36271bbb1f0f,45,108,2017-11-11 10:10:00.0,95232f1c_c6cb_498a_9fab_caa09647417d
b8ba1884-01b2-4422-b670-ad86108ee38e,39,1353,2017-11-11 10:10:00.0,3665082a_a247_4f20_9941_077b5e21ee6c
b90c75aa-5de3-4b63-8770-1e11f5101e03,3,3326,2017-11-11 10:10:00.0,15fa95fd_0f7b_42fa_9786_49258b7521a6
ba3557f2-738f-412b-81f6-8d014b7b9a87,3,3421,2017-11-11 10:10:00.0,ecd5af23_32b4_4579_ba6a_3698f4e64e13
bcbbe1a7-1ccb-43e0-9475-5a8e4fc96227,48,513,2017-11-11 10:10:00.0,3487f095_3caf_4e35_9457_a64079735ec0
bd94b970-bcc1-4da2-b51f-7dcfbd89c462,8,2767,2017-11-11 10:10:00.0,7780cc5b_b65e_4acf_bcec_a30886f33bec
bf78cafa-2c95-45db-9af2-02ec9cf98027,73,2330,2017-11-11 10:10:00.0,95561a95_9c69_4738_8b32_02b75046f12f
bf8faacd-217d-4856-90ba-0f209af62a09,20,1137,2017-11-11 10:10:00.0,d399e5ef_6310_4149_b3d4_52495fbdae40
c0142773-2f3c-4851-b5d8-83dafe183d37,66,1287,2017-11-11 10:10:00.0,4a7f2195_1234_49b5_8956_0b17e4607e1f
c11f3f7b-0ad7-4db1-ad4f-2b083a85d42f,37,3579,2017-11-11 10:10:00.0,bbd5d6f4_da1e_4552_868f_5179be5f54d1
c12afa0b-06b4-42f0-a777-390fbf2ea1c2,20,2793,2017-11-11 10:10:00.0,360484a7_3bba_4693_a49b_f4f502e9f177
c3152dd4-d463-4ab9-a8aa-ec288e8c3d17,97,2380,2017-11-11 10:10:00.0,3ccc852e_b1d6_4d13_a2ef_8eec162f6c0f
c42b8226-810e-4586-a2f5-9a44f41c2c0e,61,2139,2017-11-11 10:10:00.0,d9ad4694_b23e_4196_af27_7dd800348ff5
c44152e4-cfc6-4f60-8510-f2c153a99bde,66,1229,2017-11-11 10:10:00.0,5ed165d5_bdbc_4ea6_bc7f_220536ab0fb2
c917f5ac-3f49-464d-a690-041e593d7558,40,991,2017-11-11 10:10:00.0,a80fd2ab_f0b3_4a8a_b98f_66cff04e4990
ca35b216-f303-4c27-9005-f79b68296081,67,1827,2017-11-11 10:10:00.0,9a0a36a7_d4b3_4ed3_bcd3_5c192a72d83a
cf89f376-4c07-421e-a26a-09cae393c02c,60,1447,2017-11-11 10:10:00.0,06af9cdb_dcfb_413f_bc98_56f91ca2fc18
d009a5ce-98a9-445b-b3bb-dea3e0ac3ca2,55,2557,2017-11-11 10:10:00.0,319ca513_f5c6_44ea_b722_e5289648c265
d019d310-7232-4a0c-bd63-dbd498dab11f,67,821,2017-11-11 10:10:00.0,60396171_be50_4396_aef7_189ac409cd28
d2a2bfc6-9af9-463d-8d14-c10a4a7a2108,56,441,2017-11-11 10:10:00.0,e65ee466_a7ab_4540_bc04_5c28f5da4d80
d2c3b45d-32aa-4a41-959e-ba3aa546671b,8,1772,2017-11-11 10:10:00.0,ea0175d1_c0fe_46b4_b5aa_63c5cf4b1593
d3d149f2-d358-440d-8f96-df4ff568c641,15,955,2017-11-11 10:10:00.0,2cc090bd_e189_4b80_bc35_e68fc7c9bf3f
d4d184f7-9a47-411e-a077-9c6c2465994b,96,495,2017-11-11 10:10:00.0,a356441e_51c4_467b_b39f_db72b18d015d
d6880399-11fd-4d59-aa4d-f3c092d6bff2,92,4,2017-11-11 10:10:00.0,64d78ad0_8a1b_44df_8df8_32cdc46ecbbd
d782784b-4ffc-48ae-aa29-3401b36b650f,98,2461,2017-11-11 10:10:00.0,0273573e_36d9_4a43_91c7_e3a4ff619435
d7ce146d-542a-4eb5-a45f-43d6d770b93d,85,2003,2017-11-11 10:10:00.0,c4dc496f_725b_4e4c_8bd8_3f0e672389eb
d7fe15fa-c693-4263-a90b-7301ace89868,65,1371,2017-11-11 10:10:00.0,cbbc0462_f19a_4f06_9582_a7fdd0bbdaaf
d809f0db-7b88-462b-8ffc-bc6176f444c5,26,1661,2017-11-11 10:10:00.0,a434e101_c7d3_4eb0_9f31_79a9d0b352bb
d8937d30-1ca5-4731-a96e-6bdbe8ef2f2d,31,2093,2017-11-11 10:10:00.0,9464124f_ccb5_46c9_ab48_72eac3c840a7
d8bd232a-8e7b-46cb-a7a2-5cf7dc41231f,27,2554,2017-11-11 10:10:00.0,6f11c486_ca7a_419f_bfe1_e368721b37f0
d8d90fac-3b9a-47ce-a46f-f80a6d8212cd,34,1012,2017-11-11 10:10:00.0,50c19014_8d66_40b9_bbd5_de1c0c676203
db48b439-45cf-4cc1-8f3f-c2b7efbac120,68,2698,2017-11-11 10:10:00.0,5aa3db87_b510_4f81_ad37_e056453ac803
dbf7171f-2235-463e-acfc-aefa6b854c7a,96,3173,2017-11-11 10:10:00.0,dd64cd63_a5f4_486f_ba85_ff55c40dc764
dc173c7c-986e-4bb6-bf27-9e02868f55cc,22,2333,2017-11-11 10:10:00.0,63c435d4_bfd2_4173_b4a6_a10508785b6d
dfa5ebff-9b25-4d44-8c7a-ab3a1f22916e,81,1487,2017-11-11 10:10:00.0,4f3af687_7504_4b52_8941_753b892328b2
dfea6eff-76f5-459f-983a-a9e48b5ffb04,39,2501,2017-11-11 10:10:00.0,2c5c5a93_8d92_42d6_a1a9_05b91ce37770
e21dfbd5-a381-4be6-a601-9f7cdf6c0fcb,100,3534,2017-11-11 10:10:00.0,ec036993_06c1_4464_ada2_cd035802fe5a
e21f6b0b-816b-4613-8a0b-80fdda53ef09,19,1715,2017-11-11 10:10:00.0,f99eba38_710b_46b2_9218_19a7f5e7e62f
e23d5cb9-eb8b-4627-aab5-80a2881b4e9c,8,67,2017-11-11 10:10:00.0,0cdb13a6_4d3e_4043_93f5_4d2ce698f880
e47c7134-b3b1-4435-80b0-6ffb8be62eae,6,2626,2017-11-11 10:10:00.0,2d94719b_960e_41ab_9603_8b236cb87914
e4a6a0d9-cc25-4c9a-bebb-65266a161eba,32,2406,2017-11-11 10:10:00.0,e92d3244_a0ca_43fc_b9d6_4bcfd8f5a298
e6c04edf-8bd8-4381-975b-75cee69c54e8,21,2721,2017-11-11 10:10:00.0,cdb75ee2_ae91_43b4_a5f1_f0e8adc96f25
e71ce38c-edd4-4ffa-865a-fa7eabf9dbe2,26,1116,2017-11-11 10:10:00.0,79b0b345_3aca_497a_a9d0_5dcdf21c5f55
e8c26348-f419-4e9a-8814-adc189d6d8a9,21,157,2017-11-11 10:10:00.0,0e1aa221_68e2_49bb_9dea_b5faea14034c
e921dc6f-baf1-4444-8d98-f26911f0569c,60,324,2017-11-11 10:10:00.0,9bf0b5a6_7097_4714_b797_270a87fd0b6a
ead67a39-58cf-4e96-a5b5-f322dc7cef43,42,2395,2017-11-11 10:10:00.0,d5b39e47_19df_44e5_a226_dd6ef94296b4
ebf17971-9a86-4ffa-b712-6ccd33ecd11d,38,2933,2017-11-11 10:10:00.0,d7a85108_922a_4307_ba63_c549a410feed
ebfeec24-1970-4aef-bf57-ac3c8fb341e3,72,1888,2017-11-11 10:10:00.0,606440c6_08d7_4ff1_8311_02cf99425da6
ec0db78e-b3dd-4b71-a75c-42db40e6c5d9,75,1322,2017-11-11 10:10:00.0,2b3569ec_5fda_4265_9867_89a8d30db0ba
ef1c2fe0-76cb-41f9-be21-72c7cbf2cb5b,48,535,2017-11-11 10:10:00.0,d7700ef3_be56_4fa7_8578_bdf70c63583a
f01ad8cf-07f6-4858-9022-e6eec9a5e506,25,1280,2017-11-11 10:10:00.0,c6a3c398_8e10_4cec_b3a6_3be540a61e5a
f1562ca3-c244-46be-bb9b-02b3acaed414,1,511,2017-11-11 10:10:00.0,5f500c51_1528_4e6a_8467_47fc0d225a19
f2779e30-818f-4b2b-9219-45ca2295ba86,80,3230,2017-11-11 10:10:00.0,3139b8a2_3173_4860_af23_b2a09651c3d0
f2c0a952-e3be-4ef7-86db-64cedcb1910c,21,3433,2017-11-11 10:10:00.0,f3fe0939_b41a_444b_adf9_4d6f70038edc
f627e10a-2a7f-4ff1-8492-3f6b46a785a8,27,2546,2017-11-11 10:10:00.0,bba1cd41_f210_4ab9_b899_9feb3e8c0f03
f74ea564-4a30-4347-8e90-63e8f1315336,21,3090,2017-11-11 10:10:00.0,bb976013_ffa0_4f7d_8f83_054f790edfdd
fc7f078d-623f-4018-9900-4f26940b2cda,47,2938,2017-11-11 10:10:00.0,35895178_70cb_43d3_897e_9aeef8e26a71
