02500357-fdb1-4791-8857-9af1947c96f6,27,3006,2017-11-27 02:04:00.0,c9a1c07c_5768_4ff7_8af4_544f19cf21f7
02f4eb48-9a8a-4fff-87d8-13b9eb9e97a9,39,1320,2017-11-27 02:04:00.0,578b1376_c589_4c5f_b535_ebfa18bec297
039e5d17-83a5-4317-9a1b-36244c651f8a,39,3055,2017-11-27 02:04:00.0,8742e79b_e7a4_47b3_8ab8_ab84a84c4c55
045dbcde-ee65-436a-9ede-94895db189b8,26,1979,2017-11-27 02:04:00.0,b48da3e6_69fe_4801_9b71_2d9234cf1657
047b9b41-0dff-481c-96f2-30928e237db9,37,2408,2017-11-27 02:04:00.0,527b3cfc_a449_44e1_9c48_b407734f82b4
06a86229-29ac-47a2-b7f3-4d6d82f03da3,36,3184,2017-11-27 02:04:00.0,87340b66_8735_421d_8748_7a277d2d7fb3
07154c9d-5d76-4bca-9edf-18a141db0eb1,55,1625,2017-11-27 02:04:00.0,f734c7a3_c1cb_4c94_8969_447c50f63649
0e0aed18-a4f5-48ad-8b1b-c3d4638d14d9,34,2468,2017-11-27 02:04:00.0,36c2e1c5_e148_4aa7_9f8b_6d4d1b038034
0ec03ed7-3a56-45a9-bb51-be0c906b1c2b,64,3156,2017-11-27 02:04:00.0,77409a59_24fe_4fe2_bb3d_92259e754fba
130f4a9a-0a6e-40f0-b2a8-5370bed5f4ce,66,1522,2017-11-27 02:04:00.0,f0ffacc7_58f2_4705_83d1_85b829aea88d
16eb94f2-1917-484c-b25e-e1bb35e031f2,37,2878,2017-11-27 02:04:00.0,4fa59798_5dbe_4df4_82f6_66b968659ce8
17c97ed0-a93e-4180-a633-04adc73d584c,43,2336,2017-11-27 02:04:00.0,7ed2c71e_6a77_4daf_9117_a04adbb27730
1a175cb1-23ea-4a1b-b1ab-e4504557be2b,89,3139,2017-11-27 02:04:00.0,712da409_f000_4262_9fcd_b9af321ccb6f
1ad04888-9e1d-453c-8b72-f2de2715a94f,87,1609,2017-11-27 02:04:00.0,0cd1a912_1c81_4f32_8beb_41323849bdab
1ba26ae1-c313-47ac-adeb-d46417510eb0,68,2277,2017-11-27 02:04:00.0,bbd325e7_30c1_4443_ad4a_5707ec94d45e
1cabda68-cc91-4a66-be93-517d39f9d688,80,28,2017-11-27 02:04:00.0,2e71c165_49f0_4d41_8f9d_b0aa00822c59
1cc69420-403f-412c-880d-ab44baafe10e,43,347,2017-11-27 02:04:00.0,0273573e_36d9_4a43_91c7_e3a4ff619435
205bee46-9525-4631-ab97-f367fb3ffe2a,75,2541,2017-11-27 02:04:00.0,23294b29_be37_48a5_9342_a2fe0a16bd3e
20cf66d6-c880-4bca-9ec6-1a9adc7b8271,9,1403,2017-11-27 02:04:00.0,e5e6be2d_b2d4_4bb8_966f_3af5b36802e2
21685072-2196-435d-89f0-7283cb1d61b1,56,1239,2017-11-27 02:04:00.0,0187e99c_2a40_4b83_b4c0_e01a74764857
227497cf-43d3-4736-a044-6449ea8801fc,99,2651,2017-11-27 02:04:00.0,193b4c96_b8ca_48fb_ab3d_e455bbdba3ce
22ff60c6-5509-4557-88d1-86834ee91949,52,639,2017-11-27 02:04:00.0,2e6172f2_25d2_4984_9323_70a36a9df89f
232fedba-b2c1-42bd-8c33-e9843513d5f7,26,3303,2017-11-27 02:04:00.0,ec166d65_bbdc_4b94_b3fb_cb6794347612
23811543-854b-4e2d-816c-5b7805c46974,35,694,2017-11-27 02:04:00.0,3b15d45f_909e_4087_84e9_85653054dfb1
2603f9e2-f90e-4fc7-9797-583cc23643c7,61,1704,2017-11-27 02:04:00.0,ec0a71bf_b000_4afd_a496_7420c995e720
26bff5e8-1fb1-4c37-8cd6-31d4030db1f1,68,1489,2017-11-27 02:04:00.0,ac337cee_5afc_4a9d_8458_764ad3ef3cf5
27104206-1253-497b-bd05-d8a3a7d21820,89,3242,2017-11-27 02:04:00.0,96300154_4367_4c2a_bfd3_689a023de1ee
2716fc69-de16-4a51-8fdc-f25195030697,66,2296,2017-11-27 02:04:00.0,13e19b9e_eadf_484a_911c_697225a4d3b4
276677c0-22f6-43c5-bfa8-105561d43175,15,1641,2017-11-27 02:04:00.0,74aa9be8_459f_441e_b8bf_5ddb004372b1
2771abfc-e24e-4194-aac9-5f57868998fc,35,2023,2017-11-27 02:04:00.0,01b3ba31_65ec_4f8f_b6ec_882c83a1c559
2888de76-7d6f-4915-9ecc-44fbae5f283b,55,3048,2017-11-27 02:04:00.0,1d79212b_0aa3_4e5b_bb8c_d400908d0e4a
28f269c5-2110-47cb-a4c1-138bf5a4c1bf,15,678,2017-11-27 02:04:00.0,57857329_db02_4246_92f1_bbd2fb071174
2921c5b2-9623-4c63-af1b-22197a6c6932,30,1855,2017-11-27 02:04:00.0,574c45c5_6949_4efa_abec_1815a8bd1feb
2a0ebd8a-adb3-48b6-86c0-4ce45bb17c05,98,49,2017-11-27 02:04:00.0,1927bf62_b4d4_4665_9ca5_41c0e99e591c
2a662af8-d634-475d-a7ec-2a9fef6bacdc,78,1358,2017-11-27 02:04:00.0,a43a1858_d524_4cf7_96ae_156118f2fbc0
2c6ad1e2-852f-413e-81db-8fcd17b0ef05,55,1801,2017-11-27 02:04:00.0,4a7f2195_1234_49b5_8956_0b17e4607e1f
2d352c18-3dd4-423c-8601-41247829dcb9,89,2427,2017-11-27 02:04:00.0,8ce26808_b654_4fcd_9763_c7f372eb6490
337cbd09-e583-40f8-8f27-d4ce8525f970,44,2763,2017-11-27 02:04:00.0,08f4c50a_d34d_401b_a20b_b08c062e5732
340c7300-cf73-4ccb-8db7-8d90d37fee9e,35,2507,2017-11-27 02:04:00.0,c558fba2_e406_4129_a7b3_e058712fea40
351fdace-84cf-452b-974f-f10d1ce76d89,11,2235,2017-11-27 02:04:00.0,ab675986_1027_452b_8b0d_2d071b23d23b
354a0c38-27ab-4649-bc4c-58b024e03da4,78,2961,2017-11-27 02:04:00.0,f3fe0939_b41a_444b_adf9_4d6f70038edc
35cc2331-4ffd-4541-a38f-e086ac00738b,85,72,2017-11-27 02:04:00.0,9955aeab_8086_4278_95e9_f45b36dff5b6
360ba073-0972-4a4e-b6d8-410afba43a5f,75,3535,2017-11-27 02:04:00.0,71a6c3ec_57e6_4a1c_bd69_2abab8f4639c
38a879cd-2b95-4379-8700-dfc2c3afca23,60,330,2017-11-27 02:04:00.0,0757366b_f54a_4e32_8af6_3dd1da40746a
3a3c3104-748f-4314-b8d6-fc5c51dc7b09,97,159,2017-11-27 02:04:00.0,fa09bba3_f8b6_4fe8_8f20_2bec2335e707
3a6cecc1-f253-41cb-b9c7-11871ad1909e,77,796,2017-11-27 02:04:00.0,e9b7bc05_bbe4_4f7e_abd5_18f3c4e8b22c
3a9baea8-c8e9-4647-b39e-965da0adc407,23,2904,2017-11-27 02:04:00.0,d0dfa805_b3aa_4128_83b0_391ac394c874
3cecfa40-4cdc-4dd1-8557-cf666810ed4a,66,1636,2017-11-27 02:04:00.0,940ac41e_713c_44ab_a6fa_11f2def26673
3e926b71-159c-42d7-a6ea-d71945adfb1f,39,574,2017-11-27 02:04:00.0,ffeadbf2_da9c_40ec_adb5_707c2d2358b9
3eab4450-857e-4df1-bc71-bf682efa8c84,21,1216,2017-11-27 02:04:00.0,5cae0d0f_156a_40cf_bf0b_42c2d8933146
3f22f201-c20a-4901-9b2f-a632cd9bb907,89,3383,2017-11-27 02:04:00.0,4576b7b6_a883_48cb_972c_dfc218db9e0f
3fccc382-1ff6-443e-b35a-ff1e698396ac,21,1264,2017-11-27 02:04:00.0,8b6dea77_6255_4178_b57f_19415f34fcaa
400c656d-890a-49d5-961b-7a33f49b42b5,74,3266,2017-11-27 02:04:00.0,1b8a3877_ebec_44a5_adf6_5267aab9d553
4224e771-9ecf-496c-a16c-b38521751d41,39,1062,2017-11-27 02:04:00.0,641856f6_053b_4cd6_9778_4453c04ec9cd
488dab38-09f2-475c-97c2-747aabe3d510,26,3331,2017-11-27 02:04:00.0,1d9a633a_5083_4a64_bac3_c401e52f847d
49b8d931-fd01-4a27-b084-479fe6fa3587,19,231,2017-11-27 02:04:00.0,ac32cc28_902d_4a37_ba71_b072c3cadfe7
4a758205-6b09-4ea9-8d0f-02230c4ff3da,45,75,2017-11-27 02:04:00.0,936ecaa2_7a22_4a42_a1a4_0dd7aaf80b86
4ad285e6-21b1-4d0d-b6b0-6739c33735e2,2,2133,2017-11-27 02:04:00.0,508fab77_a82d_4400_bf21_8e1517c162af
4b32a5fa-0c8c-4404-9341-f7e44a668e07,97,2787,2017-11-27 02:04:00.0,ef62ac6f_8fa9_45ae_b71f_098b76daa466
54ad57dc-fd38-4209-8170-da8aaa684511,91,684,2017-11-27 02:04:00.0,d11d45ae_851f_47e2_a662_26781db4f248
54f7e04b-d372-46d4-963d-673a7f7008ba,46,206,2017-11-27 02:04:00.0,d790867f_3fda_422e_a2b2_1ee59e7a7bcb
55484eb8-7179-407f-abdb-e6f887c85279,61,562,2017-11-27 02:04:00.0,d24f7a10_5663_446e_89b2_a7f20c33b837
55540a0a-3510-4a97-90b3-d2ed44087a6c,87,1287,2017-11-27 02:04:00.0,15c557c2_e450_4073_8cee_e66b1a91b3fc
55fc5533-e439-4533-b5eb-238958128697,67,584,2017-11-27 02:04:00.0,dfd8771b_ea90_4afe_b137_e9f22992f9db
560baf54-229d-4e54-a6c1-28aebf37eed2,39,1141,2017-11-27 02:04:00.0,43508c9d_ed3c_41a9_9765_1357a58863b6
56554bc5-4705-444f-99b0-a283718be534,66,2154,2017-11-27 02:04:00.0,859aac43_2fa1_4169_bae1_1bc8b6b45002
59967f8e-1419-45bb-96d8-0bfc54654ce6,62,2358,2017-11-27 02:04:00.0,5de90220_0295_4768_b89f_ab445918a897
5a63a20a-69ae-4871-a2d9-3b128f3ee5b1,57,208,2017-11-27 02:04:00.0,6ead1968_efec_4b98_aa54_287e34263f7f
5f123c0e-41dd-499c-a571-6f351414974c,48,402,2017-11-27 02:04:00.0,ce24c411_ccad_4007_a846_1d3268aaab96
60d1a87f-010d-4168-96b0-de4ce930b48b,23,1093,2017-11-27 02:04:00.0,ef9dc418_cd99_4481_a804_fa9f948cfa5b
6114227e-86c4-4d89-a324-4a6a4ef0c000,23,1525,2017-11-27 02:04:00.0,88dd6e67_7116_4225_a1bc_f8eb5370c848
61a09c5d-956e-4ade-9d16-4b446a5df819,70,3090,2017-11-27 02:04:00.0,f2143e5c_0949_4a8b_92cc_d8972a016825
62f2c32b-56ed-4e25-a9ac-ff6e847f751e,40,1222,2017-11-27 02:04:00.0,5c45f365_3179_43b9_824d_8e61ecb7a1b9
631ff38d-1024-4562-8d97-598ccc2d5f2f,56,2845,2017-11-27 02:04:00.0,8b28e5fb_e47a_4323_8c59_8765c01fdb13
64704482-e54a-4a76-990e-b985301f0570,67,721,2017-11-27 02:04:00.0,6db50fda_54f5_49d0_85ca_50d848b0b54a
671e22bd-a8f5-47f6-a627-83e1e620ec83,68,3528,2017-11-27 02:04:00.0,411db552_aec1_4f52_85ab_4d1b9448f936
69ab587d-8088-493a-9497-2c2a933cdb7e,89,624,2017-11-27 02:04:00.0,cdb75ee2_ae91_43b4_a5f1_f0e8adc96f25
6c377340-c17a-416f-9b01-2b8de1a268cb,77,517,2017-11-27 02:04:00.0,a2ca8a3d_f2b2_49bc_845d_35867476227d
6d674b56-6b85-4cee-91a6-10701dc25245,93,349,2017-11-27 02:04:00.0,776fa69d_6fc3_43d2_a895_8754f8dcf025
6fc2c960-111b-4dbf-881a-a41b3aae9b58,35,741,2017-11-27 02:04:00.0,98a16432_6596_4f31_897f_f234f26710d8
71b192ca-b758-42f4-b2f6-f56df674ae3a,22,2527,2017-11-27 02:04:00.0,9c7b6d00_ca9c_4323_946c_58785c315474
727dc9a9-1fa8-4b03-9dda-97dedae3fda5,61,1162,2017-11-27 02:04:00.0,615f061f_e6eb_4b67_9f3c_c77b72c169e5
72d0c80d-9e05-4539-8013-9c060c8ec619,93,419,2017-11-27 02:04:00.0,8da09f78_6fa1_4c76_9335_e2e20a0e6109
7334cc3a-5e8c-43d5-84d2-959666e74e6e,57,1870,2017-11-27 02:04:00.0,0b4bc6da_797f_4872_92ea_cb99e2eb46c7
7369fc6b-e1db-4e59-b756-2873fbcd196a,86,2532,2017-11-27 02:04:00.0,cc43d995_ba11_4dc4_b927_84a835bcd04b
759bec12-9b55-4121-bf51-b35395b367a1,61,50,2017-11-27 02:04:00.0,a8b2447e_e117_4456_b00e_9b978ca90300
77bb2ffa-b188-4256-898c-24ea899f66f1,75,2774,2017-11-27 02:04:00.0,360484a7_3bba_4693_a49b_f4f502e9f177
7bb396fc-1998-4154-adfb-302cba49f573,51,532,2017-11-27 02:04:00.0,2645fbde_6a1f_4c12_b9ac_50cc00c5d393
7bb8a079-b10d-49e7-88c1-65a552157963,80,976,2017-11-27 02:04:00.0,152d2c18_1986_4d6c_8f52_0b9e53edefe9
7bdcf0b3-573d-4cff-a7e0-17d4e4de1a47,82,1692,2017-11-27 02:04:00.0,238e924e_e176_408a_9466_443bce830b98
7c195a64-4ebb-40bf-84f9-4cb9449b232f,87,1152,2017-11-27 02:04:00.0,46e8d2e6_0ddf_4590_b35f_fbc93115e495
7d62aba2-65d9-4348-9725-2673a9193ce0,9,2920,2017-11-27 02:04:00.0,c2e4b9b1_c31e_4559_b540_fcbe1ce476b9
7e6f148e-e9dd-445f-821f-fd06a912be4b,94,1804,2017-11-27 02:04:00.0,f3ffe76d_89d2_48aa_80bc_c540f89eadf7
7ed790ab-f6ae-48fe-bcd1-4473aae77c15,75,2022,2017-11-27 02:04:00.0,5c24b308_749a_4068_b35e_6c6c2adfd417
8031993f-0399-46ed-88e5-db486ec65bba,59,1348,2017-11-27 02:04:00.0,cb116fab_ec8d_4a5f_814f_aadc182dc424
80761d41-60b0-4011-b056-1dd0818b539b,59,2376,2017-11-27 02:04:00.0,cd647b1b_e5d3_43cc_a2b7_ed9d823d6d0c
81c409d1-22d3-4701-9d54-20bb22dff161,17,1067,2017-11-27 02:04:00.0,0bae5dd2_66b4_4f2b_81b3_56bf032b9fbb
82e4a44f-6bca-49ad-8a4d-dba26a91ce29,72,1523,2017-11-27 02:04:00.0,eeab8969_9a54_4491_a82e_5a8edefa19b9
83bd961d-92f4-4d6f-8404-f55468514e3b,100,2644,2017-11-27 02:04:00.0,cb3fab35_0a9e_468e_aef3_d832311ac2c0
856bf05e-b815-4182-b795-15a0b9317dab,24,889,2017-11-27 02:04:00.0,f5db9939_9e3a_49b9_a188_40ffe8c4d3a5
85b74cd5-1fdf-46eb-b37b-e78a585e243c,54,1142,2017-11-27 02:04:00.0,8cdaa795_6a05_4a9d_90a0_9325fdd3e792
8601698f-d64e-420c-b9cd-ae21a4164a4c,18,1498,2017-11-27 02:04:00.0,8002ba0e_8006_492d_8f00_67f08316cbb2
865d0240-aa40-4e38-99a6-db856b9d671c,64,3365,2017-11-27 02:04:00.0,fb0c5ec1_5e07_48aa_b78f_a6eb1e4804b9
87dcb446-96b1-46c4-8554-f942f08e6448,69,3186,2017-11-27 02:04:00.0,6f9e9a8e_d807_442c_abdc_c2135359f947
8bf9b24d-b516-4f27-82a4-2385af7d049d,14,229,2017-11-27 02:04:00.0,1db7d5f7_6436_4ab9_a484_bb973b067870
8c16412b-b445-4d14-ad51-ffbbc42b449f,84,2462,2017-11-27 02:04:00.0,4e3d6810_65be_40e8_9f5d_874bbc87ff2f
8c213faf-2ef4-456b-af20-0e5f2edcd092,65,3564,2017-11-27 02:04:00.0,f50aa3c6_1e6d_48b8_ae68_5462e6cd84fe
8d555625-35bb-4e9a-ac60-9b47965617d8,31,485,2017-11-27 02:04:00.0,eadae3b3_5b6e_4a74_82d6_42cbf4b4ce69
8e8b9040-e99b-460b-862f-479d8d32c2c8,88,2946,2017-11-27 02:04:00.0,de4ace87_5b92_47cd_aaa9_602cfe9ac122
8f8b2b13-e26f-4601-9d54-ec7626248eb6,62,1926,2017-11-27 02:04:00.0,6d648c14_70c0_4140_9395_d68f2b9843a7
91835089-7b86-460e-b4fd-d8f164ceaaa1,45,3509,2017-11-27 02:04:00.0,c3adf43c_43d6_4f93_bc38_25549a670096
93d8991d-214b-424b-bb22-8f76b4abdacc,19,2532,2017-11-27 02:04:00.0,f97559a5_cffd_4f40_8e75_6d755a548afc
9452036c-238e-4c02-b560-dba69097946c,67,2915,2017-11-27 02:04:00.0,da2b7f71_6bc6_426c_b4dc_e74519d026bf
94e25698-925b-4528-9aad-6ef20822175f,88,196,2017-11-27 02:04:00.0,10935c13_6dca_407c_b028_3604d1bcc0d2
96eed2de-3345-484b-8a53-a07225d73a9d,56,752,2017-11-27 02:04:00.0,e55c9f8c_f094_4a48_b7f1_4a15ce23eac2
98881b3d-03ad-4d08-9df0-7d63db1f0fdd,15,3580,2017-11-27 02:04:00.0,72478f11_bfa4_468a_9a22_8abc960262d5
98c5232d-d0c2-4bac-a161-7e06c6fb4504,76,699,2017-11-27 02:04:00.0,070ae945_c091_49b8_bb18_b2ce57c3f611
9a9d290a-932c-467b-84a8-67dd9f7e51ee,98,602,2017-11-27 02:04:00.0,edc99391_e31d_4900_986a_8c9bca66ea92
9ae65c8c-202e-413f-8353-b109fdab6317,36,3480,2017-11-27 02:04:00.0,68687bb9_ac90_4fef_941f_9b103791ba6c
9b35e207-7eaa-4342-838e-16538a77fe7c,31,1683,2017-11-27 02:04:00.0,2515115b_e747_4b73_adb6_c824b0f9ea4f
a170180c-7961-4e8a-a271-faa76087f69e,50,2121,2017-11-27 02:04:00.0,7843ba48_b79e_4cc3_899d_6fb1026c8d84
a39f47ca-d22a-4f01-b909-305a3cd8b0ed,59,1150,2017-11-27 02:04:00.0,5482b5cd_e941_42f0_8672_29eaaae608df
a451f6ab-495d-499f-934d-20fe15add00d,27,432,2017-11-27 02:04:00.0,e6bf1965_ae5e_4a73_b0fe_3c992ceb1a9b
a4a21106-e852-4d2b-8b0d-73eaac705fa9,54,1347,2017-11-27 02:04:00.0,4f797657_f887_467b_b70b_928484d71bf9
a52e8746-f76c-4129-b7ee-1d5ac8ab36ab,8,3158,2017-11-27 02:04:00.0,a680b55b_a656_4d27_b5f2_baac2c19b33c
a569b6f6-ca63-447e-ac7a-799a857ac25e,76,355,2017-11-27 02:04:00.0,ea0175d1_c0fe_46b4_b5aa_63c5cf4b1593
a587518e-008c-4d1c-9597-11aa94525ec8,18,784,2017-11-27 02:04:00.0,f430fe32_2fc8_427b_8387_a01d2d883b5f
a75f59cf-a5a3-4084-8182-04e3af1b26d9,53,3056,2017-11-27 02:04:00.0,33a3b50b_cd51_48ef_b8ee_68ace05a30c1
ab9839c3-33aa-4098-b52b-e27ec309497c,94,3266,2017-11-27 02:04:00.0,4f78418a_4fd2_4422_853f_2c0318d18843
adb9624f-05ca-46d5-830a-5e790510fcde,45,3487,2017-11-27 02:04:00.0,90494507_39bd_4b71_b956_2e2dcf473608
adc69abd-c491-4eee-943b-430de09fb83f,43,1392,2017-11-27 02:04:00.0,cb12424c_0578_45a0_8d47_9176655351b9
ae485f06-214d-4386-a1b6-f0eb3e68fe71,4,1097,2017-11-27 02:04:00.0,a8022ad0_eff1_470f_b607_85eba93dcfb8
af42ec10-80f0-4b57-9cfb-2f88bfe8fdba,21,2708,2017-11-27 02:04:00.0,03cefe82_3c98_4fc5_a379_eef6e5407ae0
af61f1e7-1095-4e3e-9ab5-b2c04c22bbe2,56,2224,2017-11-27 02:04:00.0,feb6144b_287c_4f88_bc7e_710f330fbd1b
b000cd25-ba65-46cd-9dc3-11afea7317c7,17,1852,2017-11-27 02:04:00.0,765da26a_685e_4336_bcea_5215a32ccb8c
b08ee730-ff12-4d80-b508-51bb43f0bc64,71,1063,2017-11-27 02:04:00.0,001e0414_0d34_4c93_a95b_053b882fb0cf
b1ed5777-8c3b-42d2-97bb-8a03af05616a,62,2057,2017-11-27 02:04:00.0,930d5048_bde8_4e0e_8647_422f79ef76d2
b320c129-8290-4cbb-b421-d0e2c27d3689,22,1479,2017-11-27 02:04:00.0,4aae5536_d242_4f8d_8e8a_822c88e78afb
b4121ffc-9a3c-45e7-a479-fe96776c3927,78,599,2017-11-27 02:04:00.0,14bc01b8_b530_4cf2_8b29_22ea0097e4bd
b43d7354-6483-4fb7-9b78-3355d228e3e2,42,3456,2017-11-27 02:04:00.0,2ec9cce5_8968_48d8_8baa_14c004b44755
b6d91a07-a6c7-4e00-9f6b-d55b484e6f78,25,2754,2017-11-27 02:04:00.0,7996d9a1_7450_4d96_af4b_5e5dab3e5710
b84d8915-1487-4367-acc2-441c1fa37a8d,99,2264,2017-11-27 02:04:00.0,1e7d77d4_7632_432b_adb9_fb928181cfaf
b84e71fc-0102-4d72-8254-67d75ebe1644,23,1281,2017-11-27 02:04:00.0,cc8b6a53_0c29_483a_904a_734e1a9560ec
b9e689d5-d660-45ca-94e2-900eb0db2bb8,11,3352,2017-11-27 02:04:00.0,9c40ae68_1a78_421d_9aae_6f2bd145e4a5
bb5be4cb-9ba6-4b46-8097-a8a6fd4920c9,13,3576,2017-11-27 02:04:00.0,10a4a8f2_8818_46ac_b271_1234c9eb2d5f
bd7ac2b4-e405-43d3-bc33-c25c4ef512b4,60,540,2017-11-27 02:04:00.0,e2e6e841_0a4f_4f51_841f_293d06ef405c
be67706a-7ca3-493a-9de2-989e383f48f6,88,875,2017-11-27 02:04:00.0,f8f51c81_59cd_493f_b9a9_12d9ddaf9b9b
be6d0692-8dba-46b3-8da9-79e91ac869f4,82,590,2017-11-27 02:04:00.0,0017c233_f54c_4808_8586_ffe0de9908d5
c1a2cd9d-d514-439b-b51e-c9e21bc3a72e,49,3389,2017-11-27 02:04:00.0,185baf2b_95ee_4a19_93b8_533756035d4f
c221ed6a-f688-493f-a19c-13b158da1688,38,873,2017-11-27 02:04:00.0,8b98136d_3b57_475f_b8e9_8568fb86ccc4
c270cc58-f1ea-44d9-8be0-048c5aad0481,45,278,2017-11-27 02:04:00.0,bbd5d6f4_da1e_4552_868f_5179be5f54d1
c483788a-3c50-41d7-a3bb-2f01e68eb488,60,969,2017-11-27 02:04:00.0,088d0c88_f77e_4fcc_aaae_9681e456e950
c741a64c-722f-40fa-8e5c-ea869e23f59b,63,1038,2017-11-27 02:04:00.0,0036dc9c_e369_4e9a_8894_79e05390d037
c8c3f3b3-bd8d-4e2e-b572-7b53c8258813,17,3167,2017-11-27 02:04:00.0,a2231237_860b_4496_b85e_7477bc2b62d5
c9f4a9b9-aa21-43c3-b851-f19811e50564,93,679,2017-11-27 02:04:00.0,defb03c4_fde1_4fbf_8049_f64af6eceb4f
cab4e568-6fd2-4ffe-9c13-58a27582a432,63,1652,2017-11-27 02:04:00.0,457a7e06_43fe_4214_80eb_0d0931c93916
cab791da-821a-41c2-85fe-568bf65e8335,54,471,2017-11-27 02:04:00.0,f59de558_fb71_42f6_ab53_7107ee8e9cc6
cabd2046-5307-4e7e-a6f0-94449cc0d20e,46,1599,2017-11-27 02:04:00.0,01aa9c9f_91fd_4757_8429_c1993b29d681
cb43688b-6a1a-45b4-babb-158ebb7eabaa,33,2188,2017-11-27 02:04:00.0,6ec2f028_a719_4c3b_aa8d_c0ace305e1ed
cceb2dc9-a161-4525-8ad5-b0e0ea7c4774,33,941,2017-11-27 02:04:00.0,704c82c9_63bb_4b3d_b758_d9e0018b229c
ccee834a-5f67-437a-87b5-38a1af7467f5,5,2317,2017-11-27 02:04:00.0,81a7f608_d833_4bfb_aa76_9bc69e29d5cf
cdccd6b1-2962-463f-84e4-38a32ab421d9,15,3398,2017-11-27 02:04:00.0,1f4da13f_bd16_446a_afff_ae9710980928
cee3bbe2-d35d-4af3-9b70-82272d8ba9d7,100,3591,2017-11-27 02:04:00.0,a7b90348_1c0c_4861_8984_499f1be364c0
d0472d06-7cbf-4480-9d0e-20d0fef7472c,60,2249,2017-11-27 02:04:00.0,3bfab766_c0de_44cd_ad9e_86dee185fe73
d221dcfd-a621-404d-80f2-e3dad604ed1c,67,1744,2017-11-27 02:04:00.0,14b618e1_4aba_48dd_b4e6_7fa96f0ff0e2
d4e79458-4db6-4d53-83d4-570d55bb7b53,13,789,2017-11-27 02:04:00.0,f250cfef_603e_4961_a928_8ddcbf3dec30
d521f61c-5d93-4334-b3d4-812aad313ea5,26,3522,2017-11-27 02:04:00.0,dcdcfffb_1571_46bc_98b1_1d91db18ce42
d5a3d526-f4db-4812-898a-340df1668488,48,2786,2017-11-27 02:04:00.0,12ef4aee_1185_4ab3_98e2_3242268f42be
dabe1413-3d83-465d-b5ca-71ee8b9e870f,53,368,2017-11-27 02:04:00.0,71783b2d_b93d_4c9f_8eb2_443e71b774ca
dac9e615-b183-4a61-b295-632a05ff04db,31,1940,2017-11-27 02:04:00.0,46bfc708_6d8b_4bd2_8417_de47416290d8
db44db64-5be1-4a80-830c-c2eeec827a75,82,1553,2017-11-27 02:04:00.0,7605e795_9c8f_4f6d_b596_4409315c2f31
db8f3836-020e-4af7-9e09-6bb52e5450ef,89,2289,2017-11-27 02:04:00.0,c4569115_305f_4d2e_a9ce_c82517c95e39
dd7c3ddb-5016-47f1-a45f-6959da1d7a55,12,2214,2017-11-27 02:04:00.0,5e644371_3124_4c68_a255_d7980a8c7b9b
dd8f0a83-e766-4261-b145-a9d75d617fb9,51,1562,2017-11-27 02:04:00.0,a6adf5f7_ff99_48a2_87e4_32fefdc3f8f2
dedf5da6-4256-4671-bd79-ef11e4697880,99,829,2017-11-27 02:04:00.0,838b3ad9_31b2_4d9e_a2a7_23a805b4b2e5
e010a746-688c-451d-bab7-05168dc8edec,13,3375,2017-11-27 02:04:00.0,84e50417_d747_4442_915a_87d5e1e1919a
e06ec3a6-6e1c-4811-acf8-e8c25207341c,24,151,2017-11-27 02:04:00.0,62eec09f_b50c_4d8a_a245_6c2b6d69f7a6
e1b5bedd-e369-41db-97ea-d4d70e85ca9c,75,318,2017-11-27 02:04:00.0,69edd8f6_f4f2_461e_8b2b_3bd4e57fedbb
e33abc64-9c02-4c97-bec6-e7539a953dc8,53,1096,2017-11-27 02:04:00.0,e6f3d961_f6ab_44b6_bd95_d180ca151766
e3816b47-c4d3-4044-961f-583d8225300f,93,2745,2017-11-27 02:04:00.0,81ee031a_6e8d_4a5c_b8fa_f23e9608e3c0
e4204f0e-e0af-406a-ab9f-803ab651aaf8,17,3267,2017-11-27 02:04:00.0,9a2ded9f_832a_4c5b_9e39_72059724539a
e7c59582-c757-421f-b1ef-13fc2f530c21,45,2562,2017-11-27 02:04:00.0,2cd62c68_788a_4735_ad70_965594690ebd
e83d5d0d-0139-4e35-b6ad-ad9e80597029,19,429,2017-11-27 02:04:00.0,0fdb9e3e_100e_48ae_9a73_3a76a0d706d5
ed90d09b-fae9-4f61-8355-75aa9bf6867d,81,1269,2017-11-27 02:04:00.0,9bf0b5a6_7097_4714_b797_270a87fd0b6a
ef89b241-d02f-4a8d-9439-6147bb9d0c04,80,3584,2017-11-27 02:04:00.0,cc9f9f15_c9bd_41b3_b25a_1df19de25396
efbcf635-510a-4df4-8d4f-c678c3d2adb0,21,1804,2017-11-27 02:04:00.0,cc5d36be_a033_42e9_bcac_f06137e01c7d
efd88c31-62be-4527-8eb2-fc775db29e3e,62,2327,2017-11-27 02:04:00.0,01d37413_5d66_42e0_a968_917e3755cab2
f097c0af-f91a-49f5-b22a-86d68e871ede,18,286,2017-11-27 02:04:00.0,06f3ccd3_dbe7_46bd_bd5e_73d6f4b8f0a4
f0c143fa-be88-40ec-a60d-03c068510396,84,439,2017-11-27 02:04:00.0,8c4ce3e1_2e42_41df_b233_3d6a870495d1
f4dcbc10-d931-4f7f-a998-201ca55ac286,61,2314,2017-11-27 02:04:00.0,a1513cce_5d52_47c5_b21f_69806af863d9
f69e4ad9-91f0-4a23-a110-7234d711e2d2,94,3111,2017-11-27 02:04:00.0,6e9cf49a_b880_4ac3_bfe7_3c7342ede310
f6d9b53b-73fb-4cbd-838f-ea0426b3ad4e,14,2865,2017-11-27 02:04:00.0,03f69460_43be_45ba_a856_06c19a340173
f81cf0be-5535-49e1-80a1-c5a8739430b0,98,741,2017-11-27 02:04:00.0,4d38be90_c9c8_43c9_bfbc_723f5602e83a
f84ab458-852b-41af-a509-1a25c69d72fc,23,3483,2017-11-27 02:04:00.0,50c8ce50_d042_4cb8_bc24_c61f70fe46ea
f8bc2d1a-eb1a-4039-956f-c0e94affd8f6,8,2313,2017-11-27 02:04:00.0,b0b1f4a3_4095_4725_ad76_d8cb616992ff
f9203258-070f-465e-ba0c-8a60501d0664,33,633,2017-11-27 02:04:00.0,24945612_d9c0_4de1_92ae_9e0bc153c835
f988e165-9b4b-4b4a-b931-fd9abf228b92,13,269,2017-11-27 02:04:00.0,25584e89_3bf8_4ab8_b4ee_e3491cfac2b3
fd42dd60-b17a-4ef6-ba39-975b6a85039e,46,504,2017-11-27 02:04:00.0,99229d0f_bfbd_4583_a438_2434a76af2cf
ff4fce29-83c4-482b-bc25-cdfb2d6b9408,77,1287,2017-11-27 02:04:00.0,8533f101_83c3_4961_98a5_134a7fb596fe
ff93a125-18dd-4c30-bd88-e9cea2479d99,36,1534,2017-11-27 02:04:00.0,d9a0517a_2fec_4b93_912e_79a4af67ca67
