01182598-f6c9-44b1-9a4e-fa2fbbb1973b,15,2017-11-27 02:24:00.0,bd922ff3_1c39_4119_b42d_c3b73ee08de3
0123251d-dc65-4ade-9560-7d4f8bfa8401,94,2017-11-27 02:24:00.0,9785350f_3068_4311_958d_df3690a44313
01ee9bdc-e24f-4f84-a56b-4ad61be376d1,13,2017-11-27 02:24:00.0,9e2c2de7_ae61_404b_a179_3111de8bf2cb
0345c571-65b2-4fd4-ace2-8ce588b45025,24,2017-11-27 02:24:00.0,ca291145_ab5a_41a3_a649_797d359a2c55
038d5c5c-16c4-4c12-8fa5-0532334b2c97,23,2017-11-27 02:24:00.0,fb4bcc0a_aa49_436b_8041_1d5f337eb449
04c20d1e-a38d-47c1-96e2-85c89ae24407,23,2017-11-27 02:24:00.0,3e566fce_bb9c_4575_a716_75630f8e67d6
05297a3b-7556-4235-a1a5-0284f9ee92d6,43,2017-11-27 02:24:00.0,f30a4c9c_3172_42b4_bb92_55b4b0f16dd8
068b7c66-6284-4877-b826-739280a6d673,6,2017-11-27 02:24:00.0,92cb95b9_427a_492f_8e00_29dd169b110b
07336696-e7fe-4bdf-a617-89b0e5c8b5c3,65,2017-11-27 02:24:00.0,thermometer8
07cb1540-82b8-4e6c-9c67-e9f3c8ceba86,25,2017-11-27 02:24:00.0,baf19fac_9ad8_4724_bbb1_ff579cdf1b1e
089edb9a-17ab-4d47-aabc-814a8459cc31,87,2017-11-27 02:24:00.0,40fc50ac_93f1_4495_aaf2_e730bca02452
0a10f791-dad8-4f26-8b65-bef6c930ffa0,10,2017-11-27 02:24:00.0,87eb763b_9b3d_4b0a_a460_b14bd4bbc55a
0a6ce93a-48dd-4bbb-a589-4232cc3b6c9a,97,2017-11-27 02:24:00.0,fdc7f596_4493_43a2_84dc_3105d6885af1
0ac018bc-a712-4688-8904-5bbc9d2662af,9,2017-11-27 02:24:00.0,48bc18c0_178a_4bef_a6d1_059e6cd8b2a0
0ac908bd-16d8-4fc7-bfb0-160609a83241,36,2017-11-27 02:24:00.0,285c6a7c_5130_45dd_b8b9_a74ee0977b6b
0c2bfedb-76eb-40f9-810c-ecd3a214ce74,97,2017-11-27 02:24:00.0,a13e581c_a625_4e69_8255_f8a0fe0760fc
0c6d2cbe-b002-483e-aa62-75623cd19246,32,2017-11-27 02:24:00.0,06d39773_fd40_4c34_bb0d_a23a05ff48c5
11466a5b-9b77-465c-94be-cf0dc714f420,2,2017-11-27 02:24:00.0,f5c8186b_c3d4_4502_9b01_6583daf183a6
11d7a3a4-4431-4aa9-abd1-db1087db20b0,71,2017-11-27 02:24:00.0,eb5b4658_13aa_434b_a26a_e5fa703525f7
148583eb-f06a-4d17-a69d-3368bbfd2c80,91,2017-11-27 02:24:00.0,906622a1_7d3a_457c_b9a5_095261848185
1669b68a-555e-4987-9ef5-590c3c42b5a2,74,2017-11-27 02:24:00.0,f8d4e0cd_b1f4_4bf1_b8f8_2f8099597a2a
18246000-e0a7-4c85-8813-aad261fb302e,18,2017-11-27 02:24:00.0,5a11362e_7542_414a_898a_e422217f1906
184ac5c4-5d05-403c-bbf7-d97de89d0352,56,2017-11-27 02:24:00.0,cf4e5b62_7ff6_4943_b743_eb0558b6e4f5
19d5c261-504e-41c7-87ed-3ad0601b229e,47,2017-11-27 02:24:00.0,aa396bf5_5991_4ae6_b729_6d1e4ef57f8a
1bf2267c-480b-44ab-8eea-27e5785e8cbc,72,2017-11-27 02:24:00.0,aee190e3_d3fd_4fa3_bdb8_c625c8b32b45
1c4ab023-c043-4677-b0a0-f5344ac5ef1e,64,2017-11-27 02:24:00.0,36af406f_4f62_4569_9eda_a2fa7ca7a8d2
1c6e8a4b-a6c3-4d49-b11c-cb7b29afb068,68,2017-11-27 02:24:00.0,7c450074_07be_4c28_a915_dd3b35a355da
1e1dd993-8213-4999-97bc-992adef5b4f5,50,2017-11-27 02:24:00.0,f612bcf1_aab8_49ff_9c1e_7d04ba91b7a4
1f13d506-ba43-4d5e-9e09-3b489823ff7b,10,2017-11-27 02:24:00.0,d0a57e31_c219_4e95_a7c1_9081baa5d4dd
20460cee-77ce-4977-babd-995438d9cd9e,32,2017-11-27 02:24:00.0,1a3cf7a0_f21f_4b23_842f_bb467fab76b8
20892e67-2197-458a-b853-6d60bc53afff,14,2017-11-27 02:24:00.0,f0080878_26cf_4b5a_91ea_e39bf3729f9a
20ce634c-95f3-423f-ba29-3c3d50ff689a,11,2017-11-27 02:24:00.0,afeaf59f_f3c8_41a5_9790_0f5136101a50
20eacb56-09c5-4298-9f5c-a2fc21f22dd6,29,2017-11-27 02:24:00.0,443b00de_523d_4b3f_bd22_7f8a17e48c71
23cfeb5c-bc49-4173-88ad-b91651c593a3,99,2017-11-27 02:24:00.0,b2979c87_3920_4c0b_bb69_46d7ffbc2c1a
266c20db-dbd3-475d-9b08-52140037e4e8,29,2017-11-27 02:24:00.0,8bdb9c67_4c77_4223_bc54_172ae3c1c5ce
26e034e1-5c5c-477b-ae78-64d2b55633fe,45,2017-11-27 02:24:00.0,4be645b0_ea6f_43b3_8c6d_59d0cea80f89
2729bda2-9c1c-4603-88ce-36baecd87fbe,53,2017-11-27 02:24:00.0,b2a018bb_5e4f_49e5_8dd4_3cbda8eda47b
28b27060-c033-4e8f-bd76-291c52a980f3,69,2017-11-27 02:24:00.0,fb35074f_806d_4c89_8e57_7d0caab2fb6b
2a311423-bc0a-4b50-859f-1742f614eca4,4,2017-11-27 02:24:00.0,7952f063_29eb_40ff_b98f_3c0e180514f2
2d7b98b3-22a9-4999-b5f7-0e8062999354,18,2017-11-27 02:24:00.0,b2b1d03d_c9a8_4df7_ad80_b8c2a5218cc6
2e79a74a-c7c1-4ee3-98fa-ef1afbb9a700,92,2017-11-27 02:24:00.0,50681f4d_9cb2_44d9_a462_eb1a0fbf4da2
2f628943-9bb4-4790-92d4-9a441fecb864,17,2017-11-27 02:24:00.0,8b242a60_8c6e_4548_b351_30e31209f4b5
305722b6-0739-4219-a10a-cbbded2e4b6d,60,2017-11-27 02:24:00.0,5a79e914_0c6d_44e0_8d5a_d5fd9e46b20b
30deb829-ef17-4e11-a720-6dac0a315aec,62,2017-11-27 02:24:00.0,54ee03fb_bcd7_4328_aedf_20d77f0fc454
3102dee8-cebb-4720-b7d4-0ecb5de5570d,90,2017-11-27 02:24:00.0,acf15f56_221e_4afc_beb4_1a1dc120bf0f
344aeff2-cfeb-4ee8-8431-3426a7904b60,64,2017-11-27 02:24:00.0,154ddb65_8059_4d55_83eb_d28d0b79e94b
3742cdbe-cd1d-42c3-bf33-99a99821a900,30,2017-11-27 02:24:00.0,e9407733_34b6_46a9_844e_f8507e5d61fe
377c8ef6-251d-452c-b700-7bd82abf7be8,9,2017-11-27 02:24:00.0,7af318a2_db64_452a_8fd5_36f2aa46dea2
379a8269-7eb7-4346-9d17-e812fb5452c9,75,2017-11-27 02:24:00.0,2de7c1f4_2aac_4dfb_b6cb_6a7729833b69
385333c8-18d5-46c9-9824-777c79e69535,96,2017-11-27 02:24:00.0,42e8a7b8_96a3_4032_a5ae_3e15d1a7a402
392f5842-f2fe-490f-918e-a3a26548c095,64,2017-11-27 02:24:00.0,934f6599_1b0b_4225_ab2f_b8923ccda8ce
396dbeab-e890-4d30-ae43-6af8c9f49b71,7,2017-11-27 02:24:00.0,5c2bf7ca_2933_402d_ab0f_44df8eab9a24
3afd0b98-a07c-4187-8149-a70dfb010afc,28,2017-11-27 02:24:00.0,934c1620_caeb_4cc9_86e3_09ce6f10a0d8
3b42ca8c-b706-4fe3-91c3-1827a0f6c279,42,2017-11-27 02:24:00.0,eee326eb_e493_4a4c_868b_3b1b14032670
3b9eac81-8c55-4323-841b-ed3b42cf9957,63,2017-11-27 02:24:00.0,ce529347_c865_4fd7_ab9c_6339fa6dec88
3cbb1939-67f0-4a95-96c4-e16462086e04,7,2017-11-27 02:24:00.0,0d42dcb9_4560_47ef_8f63_828e3e935bd6
3cd0f12b-2753-4a24-bd4e-eb2a0a56ca8f,75,2017-11-27 02:24:00.0,d5eb1703_ef4f_4d66_87bb_5e2d5eefb39b
3d93b939-e212-4ab3-ba69-0ec8630bc08b,98,2017-11-27 02:24:00.0,67f11f2c_79b7_42b1_9acf_8de39912ac08
3deee968-91b0-466f-994e-f480362ffe1e,18,2017-11-27 02:24:00.0,3c087e69_368e_40d3_8cf7_e1aa1cd2e180
3f87bc4d-374e-4aa5-babf-22643024a9ec,27,2017-11-27 02:24:00.0,2c724fdd_125b_413b_b5cb_c4f66b4bd54e
41cea00d-e154-40b2-9dc5-5a36dcc4906b,47,2017-11-27 02:24:00.0,1ac44852_b414_47e6_a7bd_478807f09c0e
41d12f39-d594-4192-9d5c-726bc9bae9e0,28,2017-11-27 02:24:00.0,e4f84490_f30f_4e9b_a601_a78423f270e0
432a24a0-8ea9-414d-bc05-9f0a39e5850e,43,2017-11-27 02:24:00.0,b3561273_8e33_400a_bed2_b708cdc91779
45870c24-3e75-4e77-b77c-30b275bdf8de,60,2017-11-27 02:24:00.0,dc02374e_8039_4438_b3e7_d3009ee9aeaa
4629c488-d1d5-4555-923e-69b0a9b70447,90,2017-11-27 02:24:00.0,7313793b_369f_4812_9bb9_131434d7ce7c
49ef6fee-fdd7-4a2f-b13b-12bf5df0a42f,60,2017-11-27 02:24:00.0,0920fd5b_164a_4099_87e4_d32c8c79273c
4b8ff105-0d24-4a1f-a0b8-c7bbc2b4efe8,17,2017-11-27 02:24:00.0,60fa871d_46d7_46f5_ab8b_8e8c5afd28c2
4eda2e59-66e4-4b3b-b6d6-3f59e5dd8cb5,34,2017-11-27 02:24:00.0,09b9c3e7_b05d_4a03_946d_b3779df5a3c4
4fb8820f-e0cd-4876-a515-1de6f41b772d,40,2017-11-27 02:24:00.0,aa7f7879_1ac8_4ef3_bd4d_5080b30bf032
4ff5dffb-36cc-4a24-915e-e0cd53d9be48,77,2017-11-27 02:24:00.0,64554833_6783_43a8_95f0_c68888ca2d6f
523ae9f9-43c1-413a-8c74-4f4b4cf17041,30,2017-11-27 02:24:00.0,99e23a5a_56d3_4a10_a6b1_d084768a4726
56db0083-ca88-4e66-b861-ea5bc87305fd,67,2017-11-27 02:24:00.0,774d1ed6_8cf0_454d_bddb_bc81a103cea2
570d619f-4123-43a9-8a44-a446c003d591,63,2017-11-27 02:24:00.0,775012aa_6b58_4d99_807c_7d60a30caf78
5746eb48-e221-4269-9a76-0cabe5a5edb2,65,2017-11-27 02:24:00.0,30f01a49_27c6_463f_8ded_51cee5514b65
57914e22-3c21-4213-906b-abb2b3d8e2ef,88,2017-11-27 02:24:00.0,c3f557cd_0d09_4ad1_9585_3c3623c909e1
59277742-4129-4f43-ba93-1e262ac12050,31,2017-11-27 02:24:00.0,816b542e_435a_40ff_a20f_adba54a71152
594e718a-b215-4fb1-84b1-b25cac411959,87,2017-11-27 02:24:00.0,3d31a4b0_a66c_42ee_8993_b6ef53ac6fb2
5a75a0dd-1b6c-4ac6-85d5-bec9c05c920a,65,2017-11-27 02:24:00.0,8e0548a3_8516_40ef_8e09_b3443e520857
5c1fcf81-df05-4372-bdfc-8d8ff11c9c00,37,2017-11-27 02:24:00.0,be218c1b_7502_40ab_b8c3_5ae66aa27868
5c2c1f80-e51f-4af7-9950-9a8ceff1c68f,6,2017-11-27 02:24:00.0,fc63e3d2_1ae9_4ff5_95d1_d3023e1da1b9
5cc58550-d0d4-45d4-99d8-eee6c27eda33,50,2017-11-27 02:24:00.0,1a7f17ed_17f4_4ff5_97e2_3c9c9343303c
60072854-2342-4a08-9838-40a32c6bfd52,68,2017-11-27 02:24:00.0,6b87e576_bdcd_45ea_a5c0_21c6442609e9
6292ce8c-bfa6-48ae-ad36-043b56835c61,3,2017-11-27 02:24:00.0,034a2a71_ccce_4f22_b39c_c5a86308bfd4
643c89ee-14f8-42b7-a92f-7c846eff7b82,14,2017-11-27 02:24:00.0,afa49397_9b8b_4468_8d26_189e95ae819a
6537e1fd-8f73-4440-af00-7a213b0220d8,98,2017-11-27 02:24:00.0,63700384_10a7_46fd_be87_00c8403baee8
65901322-8ab9-4795-a9db-d7e68ea436c2,14,2017-11-27 02:24:00.0,23ed1f11_b433_4741_b274_29f665e76377
65c4e840-2d68-4857-9352-41daf2a6c1ac,71,2017-11-27 02:24:00.0,7ca397fe_1a15_41cd_80f7_959d505edcd6
662bcb0f-e41c-40c9-929e-03699a8358bb,4,2017-11-27 02:24:00.0,ff76d661_2346_436e_893f_d681101365e5
695098e0-6cfa-4225-afb2-e67939acb27d,44,2017-11-27 02:24:00.0,74d70cb6_6c9d_419f_94ca_0c965daf90c4
69cf5b43-b9c5-41f7-be05-f1ff6a05d477,48,2017-11-27 02:24:00.0,98a3b942_c94f_4174_a803_398e4af5c47d
6aa15c9a-7ac5-40f5-9cae-464f7acc0c46,60,2017-11-27 02:24:00.0,48a88b7f_9496_49b4_9f6f_288425f64c52
6ae0e71e-6e4f-4405-808a-2783546690d7,13,2017-11-27 02:24:00.0,4bf823dd_2e41_4e4e_95a9_f81467d2fd59
6aee6bb6-3f2c-4919-8fe6-7a27ad5ecd25,20,2017-11-27 02:24:00.0,cb23b0ba_1602_416d_b273_4a7b708995d3
6b118360-3f6b-49cd-9415-d964dcfc6ec5,45,2017-11-27 02:24:00.0,b0563fc4_73fe_445e_8d73_6e7d9beb8881
6d82feee-c2cc-468c-895b-f16a30936aaf,91,2017-11-27 02:24:00.0,52e0bb7f_b6df_40f9_b8b1_c1a943b6cb3f
6eb25ad4-88d7-4cf0-9160-8717c41182cf,90,2017-11-27 02:24:00.0,b19bb0ca_f9e4_42d7_a4f5_d74e3e189fe3
6f59cadd-00b6-45fd-9cd7-3c0d0c6b3dab,53,2017-11-27 02:24:00.0,465dfc01_e3e6_4d7c_a562_50781892269b
6f6249f1-df05-4393-9835-9a37aecc5edb,34,2017-11-27 02:24:00.0,56b8eccb_1ed3_4922_b682_428688cf01fe
70b3d4ce-aeb3-414a-8513-34c93fdca551,81,2017-11-27 02:24:00.0,b40027ce_4736_4fd5_9824_4e2126e9a770
72196186-de9c-4334-bc2c-493299fc27ac,89,2017-11-27 02:24:00.0,6ed36721_63d2_48b3_af93_0066ffb20308
74d1f173-5d53-4094-9216-d272576943b3,90,2017-11-27 02:24:00.0,adc75c0d_f1ad_4875_8670_8c35886abc36
79412b79-5ef2-4d22-b6fb-5f66870bbc87,59,2017-11-27 02:24:00.0,f4c31eef_8ca9_4331_8c36_0afd466ae791
79ded4f3-1d22-4df1-98d4-f6115015c57f,36,2017-11-27 02:24:00.0,2c4b2d7a_1496_42c8_ad47_1d80f3190382
7abf2462-9963-49b7-9012-faee86c1934a,1,2017-11-27 02:24:00.0,230387eb_dc2e_40e8_aa2c_c8bbf569f948
7e485636-ed1a-48e4-a4fb-7900d83175a2,86,2017-11-27 02:24:00.0,90d5c409_4eef_4a07_986a_4c99a6c71f52
7fef790e-d36f-4864-9782-743d7a6914f7,73,2017-11-27 02:24:00.0,eac924a2_5259_4033_9c63_bbe3812893b7
82989cfc-91b1-4406-88f4-0150df68ecd2,81,2017-11-27 02:24:00.0,ea0d4d6a_4477_4ae9_968e_4d1f5bbb06c3
84148f62-f80b-49a2-b4ff-29d72a0b118b,98,2017-11-27 02:24:00.0,e2e8450b_2286_4533_a041_54e3809fade0
8774893d-2585-4770-a01b-fd59e3759dfb,41,2017-11-27 02:24:00.0,8249652c_f8a7_4189_b087_968dcea28534
88454b93-80fd-48d1-916a-63686174c135,88,2017-11-27 02:24:00.0,8d8cc3cb_87cd_49b5_9770_1786f8fd8170
8897b072-0f2f-4b3e-9132-1c6f6c54ff6b,3,2017-11-27 02:24:00.0,286c9a90_7a80_4228_93e2_0b4370e430b6
8d1158ae-c34d-4744-940f-9dbfdc4e2820,63,2017-11-27 02:24:00.0,1bf09a81_4f4c_464f_82f6_965ed8702c81
8e103178-9529-411a-ae86-b1151af606e5,83,2017-11-27 02:24:00.0,24811836_b705_45fa_9058_37e0675261b6
8fe41367-189b-4218-abc2-1c59aabd96a4,36,2017-11-27 02:24:00.0,efa1eef5_6541_4e25_8a11_ffb45d91c760
91a11ff8-33d0-4040-90fe-d0077233e328,33,2017-11-27 02:24:00.0,8ef02ba8_2b39_4a2e_8a36_c44a0cb30297
91b6693e-1d28-4642-a06d-285b0919439e,17,2017-11-27 02:24:00.0,17663c77_1cf1_4401_9a33_96478de32b38
9223b6c0-d9d2-41d9-90b7-54d17a3ce572,48,2017-11-27 02:24:00.0,3ec90e87_16f2_4f50_bb02_312764412c0d
92ff0c30-f465-4ffd-9068-0b7ee258e821,100,2017-11-27 02:24:00.0,392954ce_bfaf_4f37_a5e5_ff17303b683a
945e11e6-ad7b-4bcc-853c-d6081e4c1146,97,2017-11-27 02:24:00.0,f17644e4_1c4b_418f_ae76_5851bf71e456
94782c6a-eb8f-4064-bd94-ea40de818baa,13,2017-11-27 02:24:00.0,c3fe9f66_7fdb_4c85_8605_8d1234fe8f5c
94c5fc38-7780-4f7b-b593-554835bcce8d,34,2017-11-27 02:24:00.0,82c74786_f491_4dd8_92cb_284207c434fc
95210045-60b1-41e9-8ef3-bcafbe412cca,14,2017-11-27 02:24:00.0,c8918e25_3f33_48bf_971a_015d67dafb77
9552eb47-3dab-4359-aecd-c0bd9e2f3e83,70,2017-11-27 02:24:00.0,e3d9a7a6_53bd_44bf_b2b6_00a4512c42a0
971c473b-6689-4ef7-a08b-b3dfa695f054,90,2017-11-27 02:24:00.0,9beafc1b_75cc_4b0e_93bf_8adc3548afac
97e855ed-eee5-4402-8a39-8235bb828864,72,2017-11-27 02:24:00.0,253bfbb3_51da_49d8_986e_0df617d8194f
98c28147-efb0-49c0-9764-b571b9e8e83f,18,2017-11-27 02:24:00.0,33a01a51_59b6_45f9_90db_224a9301be2e
991cd7ba-5d82-4075-8a5b-7f44784f7615,76,2017-11-27 02:24:00.0,3ef11fd5_21b7_4021_842e_e2435f74514c
996b55a3-7833-49ce-b2c5-2d8a691d7a87,10,2017-11-27 02:24:00.0,cf8d72b1_518e_483a_8e22_541b6d7f323e
9a3476ad-329d-49fc-89f9-33dfcb8e3cf2,58,2017-11-27 02:24:00.0,b3b2b9b0_2a13_43af_b921_cf0e1f979578
9a5aabcb-9430-477e-90eb-92f8f06adfda,86,2017-11-27 02:24:00.0,1ca1beef_b405_4e0c_a9eb_9d3c5e86c7cd
9cbf2dc5-ae70-4e22-a9a3-9893bade85aa,49,2017-11-27 02:24:00.0,6d35ea2f_bf6e_4bb6_af15_eaf1eeb19b62
9f0a915b-d2c9-4f92-8703-a10950ba35e7,25,2017-11-27 02:24:00.0,4a924d43_c91e_441d_ad98_685bbbc1640f
9fd25bda-ec98-4f43-8efd-e21ec6091c3a,76,2017-11-27 02:24:00.0,71f1ad92_c805_4120_bc0d_09f4037108e2
a0eb7d4c-d122-4b71-84e6-a0148d721523,27,2017-11-27 02:24:00.0,81a18f4e_715f_493b_952d_c9305f60bd66
a10342ba-ad66-42ef-925f-7a6390c2e4e1,34,2017-11-27 02:24:00.0,c4d925da_ff97_4d7b_a785_f1b85cde8cdc
a2555284-7fce-461c-a507-147ff91cea3a,98,2017-11-27 02:24:00.0,6e3498ba_fc05_4b21_8739_51fb34efb63a
a60463df-9ce8-4d24-b90e-32c849154489,51,2017-11-27 02:24:00.0,68196fee_8409_43ab_8791_30749ccfea3c
a72f4125-29a7-4fbd-95b3-264fb9a7d31d,55,2017-11-27 02:24:00.0,75934d45_525f_4508_93b5_33448d198192
a8216963-eb68-44a9-b241-165b1e2e6e66,22,2017-11-27 02:24:00.0,24758ccc_d403_4f3e_a2d7_c35cc107db09
a8aca49f-f92a-43bd-b15e-354ce83cf952,62,2017-11-27 02:24:00.0,8f0b9d2e_8ca1_49da_bd60_04417ff063d2
ae89d43d-4204-41ee-938d-61fa22bf6ca1,32,2017-11-27 02:24:00.0,364f9fb1_6156_4fa4_8d32_a853c07c14d4
ae8c4827-611e-4fe8-bb88-5772a8e5f2a9,92,2017-11-27 02:24:00.0,9c986365_5a8f_4633_bb9c_2804bb334479
b070a915-156d-4051-b5d1-4808c9f7b27a,5,2017-11-27 02:24:00.0,831fc770_c198_4f8f_b679_9a88da901e96
b2261f5e-39b6-4035-ac83-7980413cc7ae,89,2017-11-27 02:24:00.0,ac89c6ad_53b6_485a_b17b_ffec29ea0035
b29a1516-6f76-435f-a71f-24309301aa22,43,2017-11-27 02:24:00.0,59fb7c15_9d1c_4d26_94a0_fe724a5c1007
b2eb65fa-5e32-4c1d-bd96-39a4572dcaf8,92,2017-11-27 02:24:00.0,94bbf2ae_b6a5_479c_ad56_05cf2f425bb2
b42b01a1-7ebb-4f15-acbc-0dfeec06ea57,18,2017-11-27 02:24:00.0,389a0b1b_160f_4a7a_bfaf_cdb92d29ba8a
b502b432-0190-4cc0-bac0-b232434d7551,67,2017-11-27 02:24:00.0,7b7e34e5_bf8e_4576_acba_2586a77c557d
b670fd3f-62a1-488e-87e8-af65047880e8,78,2017-11-27 02:24:00.0,f7ec0757_513d_4ed3_a5d7_89ca854afc43
b69c0ea2-dd2e-4798-8cf1-07bcb4cc2434,86,2017-11-27 02:24:00.0,75799aca_6bb9_4615_bb2f_88a08f284cab
b70067b4-25bb-4705-ac4c-f048918a1619,68,2017-11-27 02:24:00.0,801374c7_2b5a_45a7_8061_6798ae6854c2
b7579695-28b3-4450-bf37-7d574a9aeb8f,89,2017-11-27 02:24:00.0,f985f9d2_b877_4aa3_b710_5b872b375f12
b94d4dd5-b941-4e8b-b3c5-31781ae4c5bc,68,2017-11-27 02:24:00.0,1fc0b987_d2b5_4321_97af_e9b81ea06682
bb067e3b-6bbf-4a88-ad6a-4f5bff2a4f0a,2,2017-11-27 02:24:00.0,12626405_4464_4889_bed9_9b371930598c
bba07855-9b53-4453-8af3-11d74adfc260,61,2017-11-27 02:24:00.0,3ceb04c3_2a6f_4236_a452_10206f121a8b
bcdb9943-463f-445b-b97c-72fdeb186e53,42,2017-11-27 02:24:00.0,8aa47834_46e4_4768_991e_0c18d21c49d1
bd4c6fd2-529f-4683-88f2-b0c4ca2bec34,98,2017-11-27 02:24:00.0,bfd08952_3cde_4bd2_a1ef_dba4e469bd79
bf458166-aa8a-47df-9e23-dd6080b7df81,5,2017-11-27 02:24:00.0,256b0a98_1fe1_4ca8_8619_5cf67fecf3e3
c034f130-5a2b-45f7-be90-1507796d57bf,22,2017-11-27 02:24:00.0,bdafa97b_b950_42e5_8338_3587b90923ee
c088a604-554b-4eba-9147-0ed432e36567,2,2017-11-27 02:24:00.0,a72d5c33_6256_4141_a987_772f602ab3c0
c09ff810-4e20-4ac3-b83e-d11f7594da67,45,2017-11-27 02:24:00.0,17f35ba7_c40c_4fa4_9bb2_ce6830f47425
c0e21093-46ab-45fe-8a18-16a180bd84a7,27,2017-11-27 02:24:00.0,4654edd2_084a_412b_9701_03ada7670693
c3aef0bd-b704-4975-b3aa-23962c0857ab,74,2017-11-27 02:24:00.0,fe3c44d4_d96b_4d73_975a_f4c877125bbb
c63777ca-b3d4-42e0-83b3-29227fcb3ed0,29,2017-11-27 02:24:00.0,eaf00af2_cbdf_413e_b763_0da536c3d884
ca0ccd5b-cc7b-404a-bbd0-aa4d84f33553,40,2017-11-27 02:24:00.0,b8d6cc6d_9ad7_4e45_9245_442764b94998
ccaf7ceb-ad21-4ea6-9c6c-e7f419aa0304,41,2017-11-27 02:24:00.0,1919f55d_48a2_41e7_852b_c287dc0a2755
ce5b25f2-fdf7-4222-98f6-1f6ea4f94c19,69,2017-11-27 02:24:00.0,55f06cba_3451_4da1_9622_69dbcc3160a7
ce82ee66-5755-46f0-a188-6605e10cd892,38,2017-11-27 02:24:00.0,a68251c4_658c_4ebb_85d6_65c12f3dff66
cfc30244-40bd-4d28-bd7a-c1d9c136174b,62,2017-11-27 02:24:00.0,cca0e04b_d827_4b80_a9c4_6b4805206708
d0bd0887-fb1c-4ebd-b08a-3519bcf1a6ab,23,2017-11-27 02:24:00.0,259b5be5_1b41_4c64_8f00_f705cce48e63
d25990ad-3b75-4576-8d42-a8a14ae92053,16,2017-11-27 02:24:00.0,02959fc3_3294_47d1_9d9e_3e6fc04be78a
d26e1202-827a-4e48-9918-32dc9d22582f,94,2017-11-27 02:24:00.0,b685f33f_89db_418d_81f7_da956974c47e
d3de77e8-aa16-4f9d-9123-a5bd08d166cc,46,2017-11-27 02:24:00.0,1eb99a46_c887_4434_a389_8e3bd5298426
d54ac344-c2cb-446b-a83b-3214a8aef526,75,2017-11-27 02:24:00.0,08603620_f30b_42b4_a98e_2d02c6424877
d63e9aaf-b8b9-4cbc-8917-28ff5a83326d,71,2017-11-27 02:24:00.0,a130a95f_72d8_4bdb_980e_bcb3112e16db
d6fbd7c6-1301-439b-b51e-1da0ae59a5a2,72,2017-11-27 02:24:00.0,4a4690f7_95c4_46b3_bdd1_783a4a974af1
df9e1001-2569-418c-afab-541d8f56af63,71,2017-11-27 02:24:00.0,9c828789_bf5f_4b36_8372_7a056baa0bfd
e14a840f-b4df-446c-af99-f87ff7477f3f,53,2017-11-27 02:24:00.0,6928e651_11f1_4075_aa41_417003546e57
e43fb7ae-83ba-4c6b-b957-3ceaa745fe0b,9,2017-11-27 02:24:00.0,6ef895cd_fab5_4c27_8538_50ad37f66648
e5da5067-0a82-4d62-9ac6-63bac33d8e42,57,2017-11-27 02:24:00.0,0a48d959_aef9_43a8_a3bd_df0a2f701b7b
e68a05ab-b96b-4281-946a-64869f69be75,3,2017-11-27 02:24:00.0,90dd3e51_72c9_4e6c_92e5_8be430b7c60d
e8535663-97e2-4033-bb0f-59e64bc82e99,47,2017-11-27 02:24:00.0,56824634_876d_4d2f_abcf_120c930a63e5
ea0cc0b2-bf93-4075-afc2-f6310a3b81c1,14,2017-11-27 02:24:00.0,ddba350b_29db_44e1_914c_728f2f465dd2
ea52faf7-9b61-42f5-9757-92266026fc2c,80,2017-11-27 02:24:00.0,0ae029b5_9584_4fac_8275_93cd162b6a74
eb8a9307-bd70-47e8-a3b1-27479602ac3f,29,2017-11-27 02:24:00.0,449c3fa7_8776_4405_b7a9_9985522d661d
ec3095cb-ac7d-4678-ab34-621f33b95d4a,19,2017-11-27 02:24:00.0,d25306a9_a252_4d16_bcd8_33bfee7d7835
edeb1363-2bd0-41e6-9214-237b798d6e11,43,2017-11-27 02:24:00.0,7c4ec219_103c_4351_bc55_044a03ebe17b
f34546a6-0bc4-4737-be09-5c34aa5a5c41,79,2017-11-27 02:24:00.0,5c42d5e8_78aa_4430_a641_bf2e943c778f
f514433b-0435-45cb-aee8-0e8801ec9ba6,80,2017-11-27 02:24:00.0,c4705913_7443_4a31_b1da_a73a39d05afc
f57c2779-3250-4b9b-8698-be3bda6a2b39,31,2017-11-27 02:24:00.0,16e310e8_cf49_49af_b4a2_dad8646427ec
f69a2619-6185-4e3c-b405-be692ef573dc,34,2017-11-27 02:24:00.0,ddf901cc_f802_4b8e_89be_481203bdd762
f71a0566-93b8-425f-96f6-a948238d4b2e,16,2017-11-27 02:24:00.0,8c84e746_5a85_450e_8a10_6b53207be03b
f90d281b-aa90-4212-895a-bfb9668bbe46,44,2017-11-27 02:24:00.0,bd8349a1_3e19_4ccb_beac_67caca63f6cf
fa5d6e2f-00bb-4c60-a9d4-d206a836f2e7,64,2017-11-27 02:24:00.0,59926a1c_dc59_4c79_bf41_6d3cc5ed70e3
fbb1aad4-4895-4e9b-8203-6e8182fef895,43,2017-11-27 02:24:00.0,87593501_3bde_4ac6_95b7_eb8d67b4e7f1
fc69a497-8822-4800-bb9b-46152cf5c648,82,2017-11-27 02:24:00.0,01dd548e_9314_43d9_b9d5_b58727ef1713
fc94be6e-003f-4573-bf53-b983cc763e41,64,2017-11-27 02:24:00.0,28e29c29_c3d9_41f4_9643_55ff8d7cc5ce
fd324944-c5b8-45e2-a0ec-5e68ec8f2bb4,7,2017-11-27 02:24:00.0,a155e2f5_7069_49f7_a561_7a2bc69f11bf
fe3eec48-2873-4407-9ef8-4a28a4f709ff,41,2017-11-27 02:24:00.0,cf72e427_3989_47e9_9454_e4a9b4a35bfe
fe43c83f-6b9a-4102-8e3c-2e8a33a8bc51,28,2017-11-27 02:24:00.0,f54ff2e4_27e4_483b_ae95_f4af2c53e22f
01c82bf5-70b5-4f83-ae59-ee70e3696836,14,2017-11-27 02:26:00.0,ce67d7b8_5e51_437b_8d4b_6801b9250e3b
03c758a6-ca5f-4a1f-90ff-467d5388a8af,37,2017-11-27 02:26:00.0,3cf623a6_7d34_41ec_a793_84ec7b951045
0624eeb5-709f-4479-b40c-846db7af0f8b,5,2017-11-27 02:26:00.0,c4705913_7443_4a31_b1da_a73a39d05afc
0668f020-dd7f-4fa2-9aa3-302913c9e4a2,4,2017-11-27 02:26:00.0,63797709_e4d0_4080_abe0_41bf783bdd9b
0768fecd-1371-41f3-9e0c-c28bea34aafc,16,2017-11-27 02:26:00.0,0cc6a5c6_c258_4461_85a1_7f16908970ee
0ab9e45d-1080-48b8-b77e-268264724d09,15,2017-11-27 02:26:00.0,80b757f4_ec99_47f9_bafa_88375b148333
0e07ee98-90da-4ff4-8e5f-cdebbacf81cb,84,2017-11-27 02:26:00.0,thermometer3
106717c6-e269-414a-aa6f-6df951f87cab,30,2017-11-27 02:26:00.0,5b21a01e_d246_4a39_89e6_f4fb6b5ecf05
10a88f5e-a2a4-422c-8216-96e29f8321cb,4,2017-11-27 02:26:00.0,448102ca_320b_4f4c_a163_2fa77dfd037c
113e9b92-d6ac-4071-8e94-16af6062bbfd,27,2017-11-27 02:26:00.0,8482ddef_1046_4cc4_bf29_b91102f740f3
11f80995-17b2-4d66-9b6f-13bd348a0d40,25,2017-11-27 02:26:00.0,35ae0ed0_40f1_4f43_af72_af4648eb6565
15da9376-1fc2-4017-831a-dd66016f0c1e,100,2017-11-27 02:26:00.0,695acc44_4c33_4ebc_93c0_e1f52ce29787
1665b312-ba3f-4a88-a15c-0118de81695b,60,2017-11-27 02:26:00.0,d2115a7f_7f9f_4a93_b8b0_2fcec8249450
1803f2a0-545f-41d5-bbf7-92f7c12096e8,19,2017-11-27 02:26:00.0,6da8d9e4_a9b2_44c8_a2fa_f5263784ca6d
19dc24ab-a3c7-4650-9d37-c439791c5f43,64,2017-11-27 02:26:00.0,c427532c_cdef_45b4_8bf4_96107d0c6beb
1ac04307-d74c-4d97-8e89-3def3b3f24c9,62,2017-11-27 02:26:00.0,92e71dd6_9f1a_4a52_aea8_2706f123c171
1b8a4e89-7895-443e-bee0-939d32649838,73,2017-11-27 02:26:00.0,3277451c_cde6_4bed_98af_74bf402f6acc
1bbd49a2-2328-491c-bfe5-7ecb5c87fb66,63,2017-11-27 02:26:00.0,674f4227_2c73_449f_8070_f592da7ee61d
1c1ba122-c2bb-4f23-b97b-6eb612800747,71,2017-11-27 02:26:00.0,79e9a4d6_2a8e_4e53_bd4c_d5585219d484
1d82eb1a-9872-49f1-83a9-734874a39218,89,2017-11-27 02:26:00.0,4d3a54ed_c61d_4b07_90d1_9651a1b2b1a2
1fb4d5ea-cc31-429a-b3dd-742c94d6f678,85,2017-11-27 02:26:00.0,4ba48dd7_77be_4eae_b8ef_3d5537481db6
232e91a4-6f9f-4516-99b8-3ba706b947b9,95,2017-11-27 02:26:00.0,d362e725_6687_42a5_9194_f35645cc3db5
250c92fe-0854-442b-a73e-bb0f53a9db8a,88,2017-11-27 02:26:00.0,259b5be5_1b41_4c64_8f00_f705cce48e63
282fcc62-5be9-40c8-8e71-9f4e168d08a6,53,2017-11-27 02:26:00.0,2ac1c7d2_2e3a_440e_9210_a35953c53b0e
2994d91a-4c1d-40bd-a431-7da5503bf289,100,2017-11-27 02:26:00.0,fca92894_f13c_4e4e_ae94_a4c9b6ce2e82
2ac46d62-a5e4-4352-bbf9-9c904db0aaef,98,2017-11-27 02:26:00.0,c1cbb11b_f7b6_4683_abdf_22e84e780fab
2b6631c6-771f-4083-b6bf-cc920dbe8bce,39,2017-11-27 02:26:00.0,efa1eef5_6541_4e25_8a11_ffb45d91c760
2bfa8f56-af0b-407e-837a-8702287cfdf4,15,2017-11-27 02:26:00.0,adc75c0d_f1ad_4875_8670_8c35886abc36
2c9a4b11-c88d-4418-aed8-d20ea2d4a6fe,22,2017-11-27 02:26:00.0,219540e9_432b_48f3_bee3_8acfb6cb664e
3073f976-b5a0-40b8-9bbd-3414c050cf4d,43,2017-11-27 02:26:00.0,5b70cdc3_2532_4105_b54e_40f0733c68cb
311ff5d6-7d71-47c9-980e-c2483481bc4e,61,2017-11-27 02:26:00.0,c72b3ce2_bc46_4cc5_a766_7cfa182a0a84
334e4615-9e3f-4ff8-8ebc-571b15df9292,44,2017-11-27 02:26:00.0,5a6287dc_fb56_4bd5_8021_e5bee03c6b0d
34b9a8d4-ee4b-49b1-936e-974ae00886a1,10,2017-11-27 02:26:00.0,6f2bb567_aa2e_4c66_bfe9_0199697171b8
35b9fcd0-059d-4d93-bf14-27c4e239537d,23,2017-11-27 02:26:00.0,b3b2b9b0_2a13_43af_b921_cf0e1f979578
369f58d9-499e-4d47-88c0-65f3ea23c110,76,2017-11-27 02:26:00.0,d89dc1af_ff76_43ae_8935_4acee38ddb06
36e6bf2d-e710-485a-bbbf-ba6ac8c35f33,25,2017-11-27 02:26:00.0,7d97cd8c_a27e_4c58_8307_9ef4c0852ee9
372887d7-ffef-4488-926d-4c39ff351ded,87,2017-11-27 02:26:00.0,2b61fd6e_895e_4de8_a244_3169194ff02c
37b513be-5ab9-4dcf-9a05-b5aa6e011a04,5,2017-11-27 02:26:00.0,f5c8186b_c3d4_4502_9b01_6583daf183a6
3868bcdf-2ebb-4047-8419-a785762f5102,85,2017-11-27 02:26:00.0,a57b0847_b141_42cd_bb60_35ba5de5ac2a
3a149b06-4284-4cbd-8d8f-5bf708dd4f3a,22,2017-11-27 02:26:00.0,1a97ec3b_202a_4337_bb08_38ad1f5d83bf
3a643228-17d2-4ef3-a04f-0cc1830623d6,56,2017-11-27 02:26:00.0,4853b648_ebd5_4168_b7dd_0aa480a6c224
3e52a851-adae-4d5c-9330-b40fa0fe9a39,57,2017-11-27 02:26:00.0,d28e0dd6_e447_4528_bb29_1f867d682794
3e80f27f-59a5-4764-8db0-c1974dc3c3ca,22,2017-11-27 02:26:00.0,59617139_9053_452d_b30f_3dffe1348723
41177ad6-4782-4816-9a15-b691b256d08b,16,2017-11-27 02:26:00.0,2424f19b_8acd_422e_a34b_fa4fd78127a2
41a3b61c-01c8-4cb3-8fdc-7c36fbae87a6,79,2017-11-27 02:26:00.0,2dc52273_e513_4a6c_98b2_b394dd67f237
41fa6174-5fb4-44e6-9a1d-4045707fc135,49,2017-11-27 02:26:00.0,7313793b_369f_4812_9bb9_131434d7ce7c
471f6731-fd9d-47eb-a3be-66d8e6aa0cd1,44,2017-11-27 02:26:00.0,4a5405c0_898f_44fd_89e0_e1b300191765
47f88a11-472b-4c8e-8e25-ac14376df9ba,47,2017-11-27 02:26:00.0,aebb945a_8765_4bd6_8573_aaf3513c043e
4bcc7504-84e4-4607-9af9-1b811b663048,29,2017-11-27 02:26:00.0,05bf5976_ab35_4bba_83f4_ac0bcb303df6
4d8da2b5-f047-4d2a-a9b4-c1123b13b7cd,49,2017-11-27 02:26:00.0,4e15e571_e1a4_4891_8c86_cad51fc0de3e
4e2137fa-7ee6-4fd8-8fa0-6ca620c4745e,68,2017-11-27 02:26:00.0,862ed17a_47b6_4bd2_ae97_c244d7db2a9c
51393217-5896-4736-ba19-2c675bbe0c33,79,2017-11-27 02:26:00.0,7fdf1862_6be4_474f_9f01_84ea9112c9fb
534ddbd7-dc59-4de5-b2f9-2102aebedf98,77,2017-11-27 02:26:00.0,21584f5e_078c_4bfb_8180_f302fddc512b
570e42bc-770f-409d-a98e-a5a26618e2f2,41,2017-11-27 02:26:00.0,5c6fd22c_31e5_4735_9c91_8b740fb43e9b
570f222c-1e27-4797-8916-f7504b3f33e4,45,2017-11-27 02:26:00.0,f8df3e20_b7c6_4204_8184_5e4716dd3725
574ee2d8-acb2-4ecf-bc96-064b982a067b,13,2017-11-27 02:26:00.0,a92d3aec_cbda_4256_afee_e5da2fe28c11
5a21de1e-5830-4216-b367-04a3fed141b9,78,2017-11-27 02:26:00.0,fc1abc7b_7914_4aee_8742_5e1b3b08f8ba
5ca3f494-2011-4023-9e7a-cd12b534ad71,100,2017-11-27 02:26:00.0,fbfaea6a_4c30_412b_ae58_3c01c329ad38
5ddebcda-de68-4ce2-bf58-79c0bcdf99b5,70,2017-11-27 02:26:00.0,1f8c5d6d_3972_45af_8ea9_2ec7f5684417
616302b1-9ef3-470e-8183-fb643655966e,7,2017-11-27 02:26:00.0,29b14e8e_c8f5_49c9_befb_5339e10cff54
617233ca-d481-4912-a91b-20cceaf85a70,13,2017-11-27 02:26:00.0,d7c558bb_91dd_467a_af6d_f7152cbf7d8c
618a05bb-1a57-4787-9fd2-237a9135a123,74,2017-11-27 02:26:00.0,cfcf8296_49d6_4e35_ba80_01af5edb7bc2
6316165c-3c9f-4ced-8caa-5330c856f539,77,2017-11-27 02:26:00.0,86f963f2_a66f_4b30_a2ac_6eb0a6219138
634c05be-7bd8-4ff3-8381-6ecd588e89f3,72,2017-11-27 02:26:00.0,2858bba5_45c6_4c78_a3a0_92b2644f53eb
6365310d-65c0-48cb-b269-b9553f535a25,9,2017-11-27 02:26:00.0,99e23a5a_56d3_4a10_a6b1_d084768a4726
63889f3a-b4b4-427f-9ac7-319e1d4c1549,95,2017-11-27 02:26:00.0,0fd064e0_59a1_4d37_9db4_ebd4120bc95b
65b83d99-1bea-4ce2-b7d7-d0996138166a,53,2017-11-27 02:26:00.0,ba5338d6_b0a2_4d99_8536_006ecfd17936
65cd5acf-78b0-4ff4-b0c3-6976842d1b8c,81,2017-11-27 02:26:00.0,0dc6094e_d6ef_4218_a943_acc42033c7a5
6669973c-30b7-41ac-a2c2-2d5069665de9,27,2017-11-27 02:26:00.0,98518a92_0cc7_41bb_86f4_e973244ee220
679dc2e1-1596-4e1f-afce-233c833da7f1,75,2017-11-27 02:26:00.0,b2f709e1_0f76_48e8_b48d_d9e182c7a5ed
67b354eb-1304-4ae9-8f73-670b5a91436c,99,2017-11-27 02:26:00.0,162f83d2_07a6_45e6_a54d_cb5a229556e4
6c0b364a-ea8d-4320-8a02-bebe27f5f06a,18,2017-11-27 02:26:00.0,fee93c06_39cc_4f65_a4ef_75a238a27cb9
6cf5bed1-ff6b-4c39-ac19-0911db912fb5,92,2017-11-27 02:26:00.0,39014de7_b857_494a_84af_eaef79ffa12a
6d8bec31-fc80-4e6e-a23f-35820f37f386,39,2017-11-27 02:26:00.0,1a3cf7a0_f21f_4b23_842f_bb467fab76b8
6ef468ca-9d19-4145-a45b-7930a86542f5,31,2017-11-27 02:26:00.0,e003ef33_b1d6_48f8_9a45_6336d450f21d
6f81fbcc-9f43-46f1-9ef0-7eaeb87f3807,3,2017-11-27 02:26:00.0,78262250_7db9_484d_9abf_824d853608a6
6fba1c2d-698b-4eb9-9e6b-e7a1d3b00911,4,2017-11-27 02:26:00.0,bd310f76_8c22_4ab7_a15d_62c122be9771
70c3bb01-9c17-43cc-8f74-033d449501ad,87,2017-11-27 02:26:00.0,a2726c3e_17c4_4448_a329_ce231e4be42a
71ee48d3-cec9-45a6-bd5b-fb859c159d38,59,2017-11-27 02:26:00.0,a4cb5787_051a_4bc0_9c03_f8f2c226589d
72301e8a-d8d2-4936-a313-2a3f28c727e7,7,2017-11-27 02:26:00.0,ce1f5bb6_8029_44cd_8355_53d686e8af90
72b1d03c-9534-429a-a4d6-961349faeb0d,96,2017-11-27 02:26:00.0,393fba75_d0bc_48e6_b1e6_cff20a4ef3d6
73e5b95a-6d11-45de-8f07-17882e2088a4,49,2017-11-27 02:26:00.0,af03cad9_681c_400f_a5a7_a17207f49ff6
7716e699-11a8-45d2-9f0b-0c63caaf0860,79,2017-11-27 02:26:00.0,194f6244_c450_4c9e_8f67_bb904bf8aa25
777d51ab-84c5-421f-b1fb-f04cddc97d71,90,2017-11-27 02:26:00.0,e4f84490_f30f_4e9b_a601_a78423f270e0
78b43d33-0265-4ba4-bf68-8919a92b080c,3,2017-11-27 02:26:00.0,3efd4b15_dd18_43d5_9320_26ec69cc92ff
7a146c85-10bd-4fb3-8cfa-844e14965372,46,2017-11-27 02:26:00.0,ae2c92e1_2c81_455d_af71_ba3f4caeaad5
7a40aca0-aadb-4241-896f-2cfc42da58d1,70,2017-11-27 02:26:00.0,667d9d2d_fa9e_4cca_a922_920a50061fc6
7c5b28ac-c62f-460d-877e-89fa07727f78,35,2017-11-27 02:26:00.0,8dfe9876_e2e4_4484_818b_74eae9fa9e42
7eed1d68-df9e-45d6-b60c-a8b95836a0e1,11,2017-11-27 02:26:00.0,b7d87099_92ae_4f05_98b9_0dc54bdf9ddd
804dde52-cbf3-4c7d-878f-143c566b15b4,83,2017-11-27 02:26:00.0,addfac7b_fd1c_4866_b612_e4b4159b9934
82e8f3b0-0259-4935-90fc-573ec4682ece,49,2017-11-27 02:26:00.0,ae1dcd86_c0b8_49f8_a772_b9ff19ee3c8e
85b69706-4b81-4d52-b823-f3638f75aefa,77,2017-11-27 02:26:00.0,b43cb9a7_d5ca_419a_aca9_26bac424b655
87a82326-0e4b-43f5-ae6e-c0ee2c6b10a0,63,2017-11-27 02:26:00.0,7ba94f52_a9f7_485c_8b84_e471698cc35a
892f777c-122d-45d5-a257-bbb392661337,43,2017-11-27 02:26:00.0,83dc32ed_35e0_448e_8594_db6f36d4fb4c
8ab3dc4c-7d9c-4696-b86b-611b35b74262,81,2017-11-27 02:26:00.0,32f62f31_a72d_4c73_81bb_12823f8b986d
8cea5ef6-93b4-40a0-9810-3c53af21a5c0,100,2017-11-27 02:26:00.0,5b056f8b_3e8a_4cc6_b1bf_646c7d533abc
8e6146f0-4a92-4f58-8090-550347655793,56,2017-11-27 02:26:00.0,8b2cb401_f140_4954_b3c4_d582dcacf8d2
8f7aaa36-75c8-43f1-a33a-5159d0f7d313,20,2017-11-27 02:26:00.0,89f1f1d1_db86_4d1e_9ca0_0e506fcb2636
8fefec6d-af82-454e-beed-1c4e8a080cfc,79,2017-11-27 02:26:00.0,f98885c5_acc3_4882_a12f_9f74c5c9d268
929dbae5-55bb-4e0a-a901-764ba25b7a50,41,2017-11-27 02:26:00.0,02f7afdd_94a6_4749_b123_8bc8886d3022
93b265fd-d778-4196-872b-4b8027834164,80,2017-11-27 02:26:00.0,a09d0b20_9fb0_4c00_8a9a_f62168aff775
93e1d04d-d480-470f-a7fe-5e4c671253dd,39,2017-11-27 02:26:00.0,8e51488b_c584_4bcf_a8df_e98d02a3bb08
95df8cc4-695d-4bf9-b62b-e2a69f2fe595,12,2017-11-27 02:26:00.0,61d37211_cdb6_489e_8442_59104001fbae
9697d01a-c424-4249-ad2c-bfd748975869,22,2017-11-27 02:26:00.0,0551acc8_30f5_4809_b8d6_6d0b70e9d27e
9702a399-fe5d-483f-bf3a-483a90ee6d65,7,2017-11-27 02:26:00.0,154ddb65_8059_4d55_83eb_d28d0b79e94b
9709ef79-5381-400a-8424-f953d9b4f433,31,2017-11-27 02:26:00.0,fb88292a_2c64_4b91_819c_253d1ed2364d
9719fc62-7520-442f-a8d0-10308c2dbf5b,76,2017-11-27 02:26:00.0,d7f8925c_52fb_4a77_a198_5ad980404869
977de92b-658c-47d4-9502-c6faff9c3fd4,67,2017-11-27 02:26:00.0,00c33a23_2676_4424_8052_a7fd616592d9
978b1bab-6cff-455a-8900-9e9a3bcebc75,18,2017-11-27 02:26:00.0,6592c824_2516_4be0_a2ca_da543a87e00f
99190397-99b8-47b8-a854-8265301a33c9,3,2017-11-27 02:26:00.0,b38a8937_4f8e_41a9_9978_953da7d79c00
9ab019bb-427c-45fe-9908-9ce66d59ea85,54,2017-11-27 02:26:00.0,90d5c409_4eef_4a07_986a_4c99a6c71f52
9cccc3b3-49f4-46bd-99c6-ff66d4ae2f35,60,2017-11-27 02:26:00.0,3c85c547_c255_4ea2_b83d_d763e8fe2a26
9cd2110d-9c34-404e-8eb8-c5a5d1279793,98,2017-11-27 02:26:00.0,4ebe13ed_5eb9_4f42_b26d_cc99b85c2272
9d69b3c8-8518-4a44-ae1f-ed1937302489,90,2017-11-27 02:26:00.0,b40027ce_4736_4fd5_9824_4e2126e9a770
9ddb8b86-b21e-49bf-a33c-0a299c954ad9,28,2017-11-27 02:26:00.0,d84a1e9f_5181_4063_88f6_cde427a50ef2
9e0b097d-1af5-4d8d-ad83-101b4cd1d139,80,2017-11-27 02:26:00.0,f473e743_c314_4c1c_8822_946aa9eacd0e
9e343e6f-ee9f-4da3-822f-ff4c12cc898a,11,2017-11-27 02:26:00.0,95ad844f_b1ae_41be_8f06_848af8aeda89
9f139748-591d-415d-bec5-af2634e9a64a,81,2017-11-27 02:26:00.0,thermometer5
a0894f9a-d7b6-4117-a271-5055e93d0fd6,65,2017-11-27 02:26:00.0,32817423_ab8d_447f_8b1e_3e08ac86df17
a1cc4997-1056-4435-9292-554d70aaba0f,45,2017-11-27 02:26:00.0,9592a785_d3a4_4de2_bc3d_cfa1a127bf40
a3703627-0c5c-4806-a331-a56d57c82d3f,76,2017-11-27 02:26:00.0,0920fd5b_164a_4099_87e4_d32c8c79273c
a37726e9-e56a-4b9c-a3c2-9607c3affee4,51,2017-11-27 02:26:00.0,f9e5d37c_4230_44d5_8dbd_cd312174dfa8
a50c1042-d6f1-48f1-aac6-420b33aa8bea,80,2017-11-27 02:26:00.0,245897f2_eb42_4b83_b2d9_0bee57f33e4b
a72d1eba-11e7-482c-9f19-4e9ccf4199c8,98,2017-11-27 02:26:00.0,b790227d_09d6_436c_8e3f_5fb62ffd8071
a75aeae3-1c5c-4964-98c1-0ae09529f9af,87,2017-11-27 02:26:00.0,d9f0e9a7_441f_4eb1_a66d_a1241c01d10e
a86b3fd0-85ee-4977-b730-b664ec863265,64,2017-11-27 02:26:00.0,1ed6dd86_36bb_428e_8cec_cd1ddba9b309
aa8af6e1-ed1c-42e1-9fb6-e00e0542f3e2,99,2017-11-27 02:26:00.0,48ec9043_4d33_4fc5_b79d_62eca3864f74
aec70c3a-730c-488b-a565-0e6296b3c542,98,2017-11-27 02:26:00.0,b1e3f6f8_54d4_42d9_860c_10c4c0b60798
aeef8f43-008b-4194-9a56-58eaa0d3d20d,59,2017-11-27 02:26:00.0,bcba5141_39a1_4ab6_80c7_c9d52f1b4e44
af4e0890-550f-4f93-8c85-4d4c52a3ebb2,1,2017-11-27 02:26:00.0,5cbb6dbd_e76d_4555_873a_744ba2dd1349
afd94559-caf3-4353-969c-cc98c79a3cb6,79,2017-11-27 02:26:00.0,e0dc483a_0810_4f9c_9f32_f60dcc970af4
b0b2f0fc-5b64-48b8-8446-45d58a3bb76e,75,2017-11-27 02:26:00.0,8495c7e1_3c1d_4d8b_874c_7c141d674865
b424e259-d437-4732-b054-cf093bc89ec1,96,2017-11-27 02:26:00.0,6b70fd4e_edbc_4964_b5dc_3735620cecca
b62da6e5-caba-419f-81d0-71d979876c14,70,2017-11-27 02:26:00.0,8fe559e6_ab25_42d5_b055_73f63ad799b0
b69d4a96-3df7-40c7-ab1e-970bdc2244d5,41,2017-11-27 02:26:00.0,ea9f25b4_2046_4259_8faa_540a700a192a
b84a0f10-a47e-44a1-880b-d17d378588ad,59,2017-11-27 02:26:00.0,4e997ebd_3142_4732_a984_8b3b610bf053
b9a97894-bef2-4290-99b4-0004fa98ce7d,30,2017-11-27 02:26:00.0,a35515a7_c4dc_4300_a061_b5e2005e8348
baaedc6f-41d3-4065-87f8-0d09bee7f087,33,2017-11-27 02:26:00.0,30f9912a_7c43_4af1_a11c_8f4ec5f0f297
bab165eb-3662-416c-aa0f-e52a4f4962cc,64,2017-11-27 02:26:00.0,65ebd036_813c_41a4_a378_401b3ed7e37f
be6bd2ac-da31-47e5-811a-7df9b45d1e65,5,2017-11-27 02:26:00.0,b54c0327_f793_4f32_a2bc_e84efc7f5cfc
bfb56575-138c-49ac-8dcc-6399e1ded6a3,62,2017-11-27 02:26:00.0,9462ef2f_bfdb_4f1a_bf49_4fea78d5d2c8
c0eb1558-aebc-447d-a454-d6eff6a48e1b,74,2017-11-27 02:26:00.0,12db7c47_b4cb_477f_ba33_328a94f0a193
c124ee5f-5200-4821-8fd2-c8c0f1b3ce14,72,2017-11-27 02:26:00.0,33e90618_b8e9_41c0_9a0b_f49087ed413a
c13459e0-286a-4f2d-937d-91342e4cf5e1,30,2017-11-27 02:26:00.0,f64e9d96_845e_4ca9_b90e_3c0e7ac181fe
c2285438-e63a-4831-8808-21a5ef644dbf,40,2017-11-27 02:26:00.0,00b81ce9_a5b6_4539_9683_3a5b648a7cf4
c274962e-f81f-4758-bca6-8dc2f9fff43c,45,2017-11-27 02:26:00.0,56bcc0b2_768b_4732_9db3_da270aecf5d9
c64ca41c-65e8-46a0-ba62-0c8f5c3fae40,85,2017-11-27 02:26:00.0,56824634_876d_4d2f_abcf_120c930a63e5
c65929b0-d9ef-4220-aff3-a1f288caba27,22,2017-11-27 02:26:00.0,e14b9f73_fee3_442b_84d1_112f236040ea
c6dafad8-3211-404d-9395-ca591ab1990b,75,2017-11-27 02:26:00.0,ce22c962_ec3c_43b6_861a_33713c2d6013
c741bc3c-ec33-49c5-9f57-17849b578422,71,2017-11-27 02:26:00.0,9f8adeb8_3d68_49ef_9765_780babea4467
c74a39cc-0276-445b-a380-bb6c4a66db23,65,2017-11-27 02:26:00.0,5112c3e9_cbc5_4411_99f9_96bbd8a56acf
c7eea061-8ade-45a1-8a93-d66236d35e26,25,2017-11-27 02:26:00.0,30cced27_6cd1_4d82_9894_bddbb71a4402
cb95ab8b-f482-4ac3-92b9-077afe48d64a,48,2017-11-27 02:26:00.0,fabbf5a5_05f4_44aa_8837_ba3f7639582b
cbbf091f-5f27-4f95-8c23-9bb496054cc5,63,2017-11-27 02:26:00.0,93e219a7_d135_44e4_a3ba_22be1401193a
cd08a455-010d-4d41-9388-b2bfc0ac1643,76,2017-11-27 02:26:00.0,5c331f3c_9332_4bcb_858e_a3a4ff8d3b89
ce4e6968-9e76-41b9-bf31-b0cff7ea1641,81,2017-11-27 02:26:00.0,ff4aabcd_5a75_4fc3_a5a4_a647642a12bb
cf2cdef1-2132-4989-a123-ec13e03dfc5b,38,2017-11-27 02:26:00.0,b35be094_d8f0_4e53_b322_2d4d2c8798e6
cfbdf34f-b175-4875-b891-dda47b78e639,28,2017-11-27 02:26:00.0,0d7098a2_0ffb_4a61_b257_c3ddb21c63fe
d01fdea1-5b6a-4028-921e-9aba7d68fedb,88,2017-11-27 02:26:00.0,cd8d3b05_03cd_4cc2_9261_8127b9356754
d05a79af-b7bb-47a7-8b1a-f0619c90913a,80,2017-11-27 02:26:00.0,e9bc7e79_c9f2_4b45_b315_0505da7d9a18
d08aabf7-7b94-4ddc-9061-215bb6875652,13,2017-11-27 02:26:00.0,4e4ff867_ecc1_4aab_88bb_2f08bacce8a1
d158deaa-c95f-4748-8cee-b453fbf04cdd,99,2017-11-27 02:26:00.0,394a7656_eaf1_484c_9680_f723c303cdf6
d3496248-6f3c-4ffc-8b34-efb2155cb3b1,72,2017-11-27 02:26:00.0,31371848_a2d6_4038_b07d_35f5db1f6793
d3667db2-a582-4df6-953b-4e4925b0f334,25,2017-11-27 02:26:00.0,4d952162_57f8_42d1_9f0c_79192c86a4d1
d5b3dfd9-8074-4895-a21b-03e1f8711577,12,2017-11-27 02:26:00.0,e0a7026a_a3ee_4794_b7b2_ddd4635c1377
d5cf97ba-5f56-4021-af56-46f4bf53c5b9,93,2017-11-27 02:26:00.0,4fafe34c_4c58_4306_83fd_c1970118dea3
d6a3f0de-19ec-4dec-9290-485ebc9d9313,39,2017-11-27 02:26:00.0,32445506_a007_4eac_9409_0963e29160cf
d7930784-4eef-4004-8b00-c8f1123a7d76,67,2017-11-27 02:26:00.0,7ae12a72_5c12_43ee_911a_ab3f01e8222c
d9a00fee-dc1f-45c8-8db1-21978ef469ae,53,2017-11-27 02:26:00.0,36af406f_4f62_4569_9eda_a2fa7ca7a8d2
d9a34c00-7b76-43f8-8bbc-f9b0d838a202,23,2017-11-27 02:26:00.0,de819542_8fb4_4a0d_b151_763a3a826709
da7eb419-1afd-483c-90b8-c4482b2318ad,3,2017-11-27 02:26:00.0,ea3e7c59_055e_4600_a74a_095962836c3a
db0de250-6fad-4a70-9ef3-4d98a12e34cb,46,2017-11-27 02:26:00.0,74d364f2_c121_44d3_bbeb_8cf5b124e493
dd4b7cc9-107e-4363-ba8c-0fd042bde244,7,2017-11-27 02:26:00.0,bd922ff3_1c39_4119_b42d_c3b73ee08de3
e016f7a9-d92a-4429-9473-8fc21d8b95e6,70,2017-11-27 02:26:00.0,c1bece61_0479_4ed7_8344_710dafe56064
e1ad4e23-6280-40e3-b6c9-f887829ae81b,55,2017-11-27 02:26:00.0,12626405_4464_4889_bed9_9b371930598c
e246870e-d18b-4691-9bcc-95af59b895fd,15,2017-11-27 02:26:00.0,4ec3faed_db19_402a_a756_60c08ff40024
e80fa872-cf54-4350-b2cc-177a7c7a20e5,40,2017-11-27 02:26:00.0,8d135923_a35d_425e_bbd0_4b3cfd83d492
e81c692b-75d2-49b7-8619-a2fb9f77a104,68,2017-11-27 02:26:00.0,c7094d00_cdb9_4202_9d3c_09e35cb92e51
e8c93648-83e0-4cd3-8f34-327416a07e02,49,2017-11-27 02:26:00.0,8ee937d1_54ee_4565_9a46_64f8d7e11778
ebd413db-205c-452e-be3c-8d98a2b4a24f,57,2017-11-27 02:26:00.0,b19bb0ca_f9e4_42d7_a4f5_d74e3e189fe3
edc0ffd3-3669-4729-8377-a024dd0c63f5,1,2017-11-27 02:26:00.0,4cfef343_1116_4210_85cd_8a05a09feb3f
ef32bcea-6f66-4e79-a1fb-5bcf09f76267,74,2017-11-27 02:26:00.0,d9d377f2_68dc_4429_9f13_cf1d42ba60ab
f02b8f5d-7caa-4ed0-a143-89e5a6b18f07,84,2017-11-27 02:26:00.0,abc50770_e7e9_4a38_934a_c6a61f04e0c6
f0e2d7b7-6dde-4b54-bed1-bfefd1165cd9,90,2017-11-27 02:26:00.0,f3067a80_780d_4240_8a2b_2243072518d3
f149b8a5-5cfe-4dc4-986c-0119490affb4,100,2017-11-27 02:26:00.0,e68e862a_3ccc_4cb8_9a6f_d0bfc9727e3b
f170a139-aee2-4a2e-b0f4-5c20c10522f4,49,2017-11-27 02:26:00.0,934b8886_e946_4f39_9636_a9d356b8a151
f2d1c7be-6e0b-4334-b2c4-b39922178d7a,43,2017-11-27 02:26:00.0,6b44d178_e962_48a1_a135_0a50a463ab4d
f30b1056-f981-45e0-b623-3bc1f4d6126e,76,2017-11-27 02:26:00.0,4bac4744_7eab_4449_a947_adad01ee3b89
f4624f44-4dc4-40a0-9571-3f239c8f7744,81,2017-11-27 02:26:00.0,061eddac_167e_4132_9f53_1b56de918bd3
f66ee930-9a01-4c02-b8a0-6b601a6894e0,64,2017-11-27 02:26:00.0,94bbf2ae_b6a5_479c_ad56_05cf2f425bb2
f8b78b9c-0b6a-4b1b-882f-4e3102fe34f6,65,2017-11-27 02:26:00.0,23ed1f11_b433_4741_b274_29f665e76377
fb097c0a-9c88-4f26-94c0-b78074108073,91,2017-11-27 02:26:00.0,b4f5d8b5_d864_4530_bd94_30f66488fe2d
fb302aca-8820-4d2e-853f-54859725c26a,57,2017-11-27 02:26:00.0,fdc7f596_4493_43a2_84dc_3105d6885af1
fd781346-b194-47e0-a225-441a234d7d23,75,2017-11-27 02:26:00.0,e8dfd10d_5398_4a3e_856f_908a6b22f8d3
fdf975d5-49c7-4f74-b42c-5981d76b7576,27,2017-11-27 02:26:00.0,7f245af3_afca_4a3e_bf74_c9b301c01fef
fdfb57d6-96e5-4459-8ef6-b0b214ac3d3c,88,2017-11-27 02:26:00.0,048a2168_43d8_4be5_b633_ad32ff4c541c
fe075577-c147-4cb5-b4c0-8ff12eb775a7,21,2017-11-27 02:26:00.0,7c38aff5_b241_478f_9fd6_7f4e4b846ae0
fe59ae89-45c8-4ebb-b5d4-b4427a4a186d,23,2017-11-27 02:26:00.0,536d92db_246f_4444_9f4d_b53432330431
fe64ad64-5961-4a7f-accf-901a69269e87,38,2017-11-27 02:26:00.0,e39ee704_ecd6_4493_9c5d_3e3dcd042fd9
fecaef91-d18d-4e38-ac39-10c468f59ac4,19,2017-11-27 02:26:00.0,c169773f_53e3_42fb_bbc4_17a4ddd5b986
