004b6186-423b-4650-8f6e-812c5b796ac5,55,2017-11-27 10:48:00.0,39014de7_b857_494a_84af_eaef79ffa12a
00590fd7-7d79-461e-8cc2-0a182ce8a5aa,5,2017-11-27 10:48:00.0,23ed1f11_b433_4741_b274_29f665e76377
018c0399-ff54-40ba-afc5-c2b3fb4cc0d9,62,2017-11-27 10:48:00.0,017956b6_5652_4210_81b1_d4113785e3f6
020c5666-9274-4178-a430-e0b105ba05ba,61,2017-11-27 10:48:00.0,19714ecd_622e_4366_b8c1_11230dd42934
022c2588-7113-447f-8890-8e5766b6e275,34,2017-11-27 10:48:00.0,0ae029b5_9584_4fac_8275_93cd162b6a74
02e7e21f-8303-49c4-9f01-2d001f8edd2a,44,2017-11-27 10:48:00.0,8b3ebb82_7a4c_4455_b9a4_4b564a788ddb
05017981-91f3-46d0-9f9e-817e56daba11,22,2017-11-27 10:48:00.0,0c14f3cf_2c83_41fa_8a36_45abffc11f9f
054f1d3b-eab9-47ab-8751-71099a9f4719,39,2017-11-27 10:48:00.0,fca92894_f13c_4e4e_ae94_a4c9b6ce2e82
06d21430-915d-4d6f-9e9b-9cdc73b84dfd,96,2017-11-27 10:48:00.0,460b7a28_8057_4af6_8c82_23fe3c37b3a6
09c8d567-0600-4893-a35d-6d577e71c348,75,2017-11-27 10:48:00.0,4cfef343_1116_4210_85cd_8a05a09feb3f
0a20c58c-603d-4635-8277-5eaa6f5d9d7c,10,2017-11-27 10:48:00.0,c238e1c5_6935_4600_8082_c88137fa3b5b
0bed5839-5b41-435a-9ec7-54e450bdae38,20,2017-11-27 10:48:00.0,194f6244_c450_4c9e_8f67_bb904bf8aa25
0d712110-f529-48d3-a199-cfbfc8e13d98,28,2017-11-27 10:48:00.0,e6461607_b62b_422b_ad37_9648ceeeedfb
0db3cff7-d978-4e9e-af16-f5d8ab60f534,61,2017-11-27 10:48:00.0,c4705913_7443_4a31_b1da_a73a39d05afc
0dbf442d-7c6b-49b4-bdc5-3c7d5632ebb9,100,2017-11-27 10:48:00.0,37564f15_84c6_45e7_ad13_c6a2f2a02efc
0f638a70-e70f-4f0b-95a2-6dcc7d549cc4,54,2017-11-27 10:48:00.0,cf4e7edc_33fd_4112_b8dd_d1d098712eaf
11a198ae-8df7-4745-aed6-91c5b6b46cbd,18,2017-11-27 10:48:00.0,abe4c13c_b169_4027_984e_ebab4b716d60
11bc4a6b-ffbc-4e2d-a88f-d3dd83230bf9,10,2017-11-27 10:48:00.0,b84f0735_8e29_4ec0_ba57_54d92ed33fc3
11df4f7c-087a-4e9f-b84e-31faf7d9169e,37,2017-11-27 10:48:00.0,bc06585a_ab9f_4d64_9443_daa7c7b2cb35
120f06a6-7a64-4736-8c09-5f5c0addfe60,44,2017-11-27 10:48:00.0,f4a112d6_2b4e_4e64_bfaf_82cd2157cf0a
14edd707-6e19-4b44-9283-1a639431688c,37,2017-11-27 10:48:00.0,6b87e576_bdcd_45ea_a5c0_21c6442609e9
154e73a3-1eaa-4430-bc9a-183fc4833289,74,2017-11-27 10:48:00.0,b9874029_3ca9_4471_b7f4_68edd79a2ce6
155ad14a-24e3-42b5-915c-7035458e60c3,8,2017-11-27 10:48:00.0,7ba94f52_a9f7_485c_8b84_e471698cc35a
195cddc9-ca93-4327-8227-0d8101e5679c,39,2017-11-27 10:48:00.0,f3e26ee2_f33f_4a45_9b1a_d278082f214b
199355af-8dc2-4ede-882c-34e889c02f53,77,2017-11-27 10:48:00.0,dce8a700_d2a9_4077_84f1_3ac578611e1b
1ab2b47c-d65c-49e9-a1aa-fb2f9e181ee2,21,2017-11-27 10:48:00.0,947c5022_8a63_4074_a59f_9090d1f49cb2
1c9eb7a0-88b4-481b-8093-0c8ebaf5e95c,47,2017-11-27 10:48:00.0,b7fc2cfa_e8ea_427d_95aa_49887a826839
1d26bc42-6335-4f49-9b2e-9e436511f6b9,90,2017-11-27 10:48:00.0,2dd7a1fd_de9f_4629_8229_65fc7da4bfee
1d35eae7-d7b8-45f1-9a3c-51d6884adf11,7,2017-11-27 10:48:00.0,db11621a_10a4_4914_bc63_e7af6120833b
1d484aea-0cd7-4973-81cf-31ce088d4772,38,2017-11-27 10:48:00.0,a25d288a_9565_48c7_af64_b110713f7c62
1d5d1f37-124c-4075-b7d7-359c3cd57a56,68,2017-11-27 10:48:00.0,c1cf846b_352d_4dac_bd43_a70691a85512
1db5781c-2d46-4069-94fd-97059d97913e,90,2017-11-27 10:48:00.0,c3fe9f66_7fdb_4c85_8605_8d1234fe8f5c
1ef965ad-0b3e-4e31-be7f-7519ddc46a86,20,2017-11-27 10:48:00.0,6b2bf793_ca71_403e_a23a_a1536c87982f
1fab93c3-158b-43e8-a325-41df1483ad9f,53,2017-11-27 10:48:00.0,87014986_65b8_4872_aa21_0764ff9fe310
207a651f-8ef2-4a59-bffb-6c6e9dbaf45c,49,2017-11-27 10:48:00.0,c877a68b_4927_426e_b9cf_3ecc02c9a120
21b4adba-7640-4f53-8be0-c25de7890614,16,2017-11-27 10:48:00.0,cdbca035_2818_49eb_8441_b8c234a77b59
22adc0b5-61b6-4748-887a-497d985b582a,18,2017-11-27 10:48:00.0,20639334_3803_4d8c_87b8_701ebfaebaf2
2354e3b1-7f00-4038-a145-d40e02ebf8fc,96,2017-11-27 10:48:00.0,8db5a9eb_9374_4add_a3ae_76ecd782902b
250d82f8-891a-4925-bc89-a804d3985420,97,2017-11-27 10:48:00.0,566cbbc8_7750_472c_ac71_e5ab1d08169e
25205a50-6e7b-4aa4-bf6f-4d6f9c4819e4,4,2017-11-27 10:48:00.0,055636cb_ecab_4751_8367_6063b63b8f00
25daed26-82b9-4421-a9bc-ceb7fccb811e,10,2017-11-27 10:48:00.0,609d8e39_9306_4f47_9b4a_3c3f71e33f8f
26db4e27-c8ab-423c-9ad0-5b0667d0eadf,62,2017-11-27 10:48:00.0,44c3ec22_728d_4a40_847e_e5bef45baa5f
27113a45-3787-4d61-8675-05e62fc9bea6,39,2017-11-27 10:48:00.0,6d5567b2_0964_4739_be7a_1a65686665d7
282ae390-55d1-47e1-b2e4-c84f782981eb,100,2017-11-27 10:48:00.0,83dc32ed_35e0_448e_8594_db6f36d4fb4c
28a587cf-054d-4db1-9c36-661ebf8608e4,92,2017-11-27 10:48:00.0,59ad3d11_b85c_44c3_a2d0_6aecf65869ae
28de7fb8-d21c-40f0-a7c9-9da304e8f59f,13,2017-11-27 10:48:00.0,85ec43a8_1fe9_4dc8_a1ba_3a35851229cf
29285af6-dc2f-4cf8-b535-eec2ab40f217,9,2017-11-27 10:48:00.0,352bfe1c_207f_42b9_9662_e1949622f72b
2983cd96-dbdd-41a2-81b8-e5389d322e7e,79,2017-11-27 10:48:00.0,d89d04b0_44db_44f6_b3fb_7dcafea43290
2aa8d86e-6bf2-4e30-a743-1fbe14bb8bde,72,2017-11-27 10:48:00.0,34d7c451_4c15_48ca_b2bd_a940ff6ac952
2c0d5612-d680-4162-ac65-4951d0dc66f5,32,2017-11-27 10:48:00.0,4a4690f7_95c4_46b3_bdd1_783a4a974af1
2da222fe-37dc-4f7a-8dea-c846630ee405,19,2017-11-27 10:48:00.0,a333e763_8281_4bc5_9a2c_539633e4713a
2e26b3bb-ed60-4bd4-9db6-8f9f51aa03ab,36,2017-11-27 10:48:00.0,7cf71650_d67f_4b10_bb3d_dc254bde586d
2f097808-94fe-424d-8e71-12fdd7761590,79,2017-11-27 10:48:00.0,66bdbcf9_b5c5_4aae_8237_17c247cdeac3
2f3211e4-1c0f-4b76-8419-3358552c34ff,57,2017-11-27 10:48:00.0,42c752ef_4684_462e_96ce_757b24ca7563
2f97cf77-d7bd-4dd7-b36c-f3c6a2dd96e8,66,2017-11-27 10:48:00.0,00f2486f_6c9f_4a82_8c8e_e14cb970f75b
33336a56-e9d3-4531-82a5-cd0bad65491c,41,2017-11-27 10:48:00.0,9c8b1407_416e_45c9_b4a6_70c95e9a2a69
333dc160-16cd-44a8-bf77-217cd4453bd2,92,2017-11-27 10:48:00.0,3e566fce_bb9c_4575_a716_75630f8e67d6
365025ef-0ddf-4c30-94f3-19ec8fa3add4,14,2017-11-27 10:48:00.0,00efda85_d175_4389_9c8f_2dbd8ab4de22
38981510-7a59-4ea1-b056-e68ab7c796b8,78,2017-11-27 10:48:00.0,404bf850_2551_4dd9_824c_aca026a6be16
38a9b29a-1a6b-4de1-80f5-2b04c8ded575,64,2017-11-27 10:48:00.0,05a729d0_a913_45c2_adfe_7206c6e661a2
39586b5f-a48d-4bed-8c83-25473e5f9030,86,2017-11-27 10:48:00.0,fee93c06_39cc_4f65_a4ef_75a238a27cb9
3cbaf290-c8c4-4420-854e-53d555fd3c9e,21,2017-11-27 10:48:00.0,47e37fc7_3748_4ce2_972a_0adc7728118f
3e9cf87e-67c2-40c6-9e47-142a8a9aeef3,9,2017-11-27 10:48:00.0,a1d07b60_2570_4f7f_91fc_afe7d54a03fd
3fbd2b0b-5da4-459a-9e59-9afe280e8563,10,2017-11-27 10:48:00.0,5bdafef3_fa17_4992_9110_9e1ed557a342
40c81b9f-1dde-485b-96fe-4a093367bc88,90,2017-11-27 10:48:00.0,59f33d7d_e681_4d55_b50c_cfb3b34dc581
453b493d-f7c0-4888-954c-b0a4c9e7e490,31,2017-11-27 10:48:00.0,5d7cfd09_6859_43d9_851e_a107822198bf
4a3ae411-5dd8-41e0-ac5b-65f23fb8acfd,61,2017-11-27 10:48:00.0,7527f032_ff57_41fe_8492_303779b2bcfe
4a8fabd9-5cc1-4aae-bf75-9864e8235434,87,2017-11-27 10:48:00.0,2c5cf239_aa91_4c27_bee6_e2937ea88109
4b19f899-cc53-4a14-8033-ec484d581693,58,2017-11-27 10:48:00.0,022a7acb_3728_4912_9904_1d2a13e74a90
4c87fa5d-a222-48f0-9bc8-9c3e0f68e8ee,22,2017-11-27 10:48:00.0,c4e789bf_faa8_4033_a843_89c64bff4e21
4fb87f01-916e-4a6b-a3e2-d8762f8bd428,98,2017-11-27 10:48:00.0,687e64a8_90c2_4e62_b1a4_a8c67c73d0ad
4febb684-c218-4b8d-9d41-94d1c64d540e,4,2017-11-27 10:48:00.0,4ba48dd7_77be_4eae_b8ef_3d5537481db6
50cb2ab2-4826-4da9-9707-74998c8165b4,7,2017-11-27 10:48:00.0,8309bf52_24a7_407e_b29c_d6db271457ab
50f0ef03-03c9-4402-94a4-843b4db012ae,63,2017-11-27 10:48:00.0,445c187f_3ca4_49d8_be14_1efad447d082
51f1a61b-b31b-4ca8-a57d-ff73b2263bf9,95,2017-11-27 10:48:00.0,e14b9f73_fee3_442b_84d1_112f236040ea
526cbd7f-0bd6-4dcf-ac54-f6d0da8431c8,25,2017-11-27 10:48:00.0,bd025468_18c6_4345_823b_347165a0ca94
5319c3e5-bb9c-4673-82ba-27f7c36e1e3e,93,2017-11-27 10:48:00.0,d5e30256_4066_4523_8b78_e5288b38ebdb
543617bb-7b75-4425-a95a-1c77f4fb2f67,22,2017-11-27 10:48:00.0,46fecac4_bcdb_403a_abbf_204ee662d0fd
562dc6e1-b684-435e-9246-b64deb43f4c4,74,2017-11-27 10:48:00.0,a8c4f6ee_024e_4458_b524_443b3de999e7
56a49890-f9fe-49e6-a727-9594b1fe1e79,49,2017-11-27 10:48:00.0,43117e7d_2f81_4eb0_8bf5_3fae2faa0e21
589d420f-85bc-4374-ba5e-7b5383acef1e,59,2017-11-27 10:48:00.0,61b0647e_c113_462a_a1e5_fa46cf70ffdd
58aa1547-19ff-4715-beba-7938a4721bd2,86,2017-11-27 10:48:00.0,7d20a28f_f600_449f_b2da_54c2434b89be
58d1d92a-1c7e-4cfc-bbad-d3a51869b430,11,2017-11-27 10:48:00.0,ec75c730_a6f5_4ca7_90a7_3f5ecef7d521
5912a2fd-205a-4f6e-9d28-9b8ac167bcb5,82,2017-11-27 10:48:00.0,a92d3aec_cbda_4256_afee_e5da2fe28c11
5a1da0fd-22de-4042-9448-ed8366f8c8a6,56,2017-11-27 10:48:00.0,18f52c05_c634_4f3c_8217_260aeb89423e
5a20f05c-af39-4583-abad-5923821445ec,3,2017-11-27 10:48:00.0,9c7d6520_2b29_4974_98da_fcbb767febfb
5c66b3e5-1a7d-4851-8d1f-4ed14b457361,28,2017-11-27 10:48:00.0,207a1881_5169_4f9c_abc5_09457e9dbe0b
5f228c73-6aff-4a6b-9767-2472492bde98,66,2017-11-27 10:48:00.0,81a18f4e_715f_493b_952d_c9305f60bd66
605ffab4-e5bf-4dd3-9d54-914e9869d605,93,2017-11-27 10:48:00.0,60674de8_5303_48f7_b0ac_05876a3615ff
60ea5720-0ea1-4e10-bd04-a3a4db3464b1,73,2017-11-27 10:48:00.0,712c36f4_6e58_4bea_bc20_3fec6d51322e
62269ecc-fe42-4235-91a6-bcaf8d14e656,4,2017-11-27 10:48:00.0,82bdf283_fd43_45a3_b54b_1fa73912fb21
68fa02a3-f3c9-4a72-ba34-15c777e2f423,79,2017-11-27 10:48:00.0,3062d986_16f0_4473_9fe0_d1c61bfbe8a5
6a27133b-44ed-46e0-bab3-8ab91a6d5b72,44,2017-11-27 10:48:00.0,53632cbf_4e0d_4fab_b772_77267c6270f1
6b3fdc68-efe7-4866-9210-366225a7f7a0,55,2017-11-27 10:48:00.0,2862d8b9_ef5b_4561_9ca6_e6918206dfa9
6b50cf38-d8db-4a19-861f-c310b811151a,32,2017-11-27 10:48:00.0,de819542_8fb4_4a0d_b151_763a3a826709
6b9844d4-a94e-44b3-adb3-733ed065ceb1,92,2017-11-27 10:48:00.0,efb8d06f_a46c_46b8_b8a8_29dd33b1da8b
6ddc1372-4af6-442c-9090-65e77d8d7d71,98,2017-11-27 10:48:00.0,5ba0167e_a57f_445f_b734_6f6c72231bcc
6de8c545-b4e4-45cc-a2df-e93f1bf41fda,59,2017-11-27 10:48:00.0,6735c200_d5a9_499a_87cb_eddffca54568
6ecc8b14-27f4-4e9b-aebd-2ab032e41665,53,2017-11-27 10:48:00.0,7c171e2c_8547_43d6_9eb9_d1a53474dff8
73ee0960-45ad-4bc9-b5a1-e55b760c14f9,43,2017-11-27 10:48:00.0,86ca0f7b_1c3d_4497_a315_2d3dbd9d435c
755bc7c4-502c-493b-b754-33a5e36a9bc9,39,2017-11-27 10:48:00.0,bc2ee943_42f7_41ea_8276_3cff63e5399a
762b6bb4-3797-4043-aff7-83bb1d7432a1,52,2017-11-27 10:48:00.0,1784f94b_679c_4af8_a11f_ed95f2f28117
76fd0311-e9bf-4837-bb15-c75698062999,49,2017-11-27 10:48:00.0,024dc92b_b53b_49c1_8d97_9a28ae3bf490
7770c4d8-f00c-4400-9fde-7e422115c454,10,2017-11-27 10:48:00.0,4c23c8d1_0560_49a3_bd3a_31d08307355b
78514d8d-39b0-45da-9834-e03eb485d1b3,92,2017-11-27 10:48:00.0,a4b65299_7295_4478_b831_e4223a4f07bb
790dba6b-9517-4f70-9597-3f650fe9287f,90,2017-11-27 10:48:00.0,56b69f40_30b7_43e8_a6ca_f32fe948ff76
7ab769af-cda3-437d-9f60-0140d4217964,78,2017-11-27 10:48:00.0,e2dd3c1b_b623_40c8_9176_fb00110626b6
7b5d2aea-9e3e-4aff-873a-efafd0d7407f,63,2017-11-27 10:48:00.0,c7094d00_cdb9_4202_9d3c_09e35cb92e51
801af14a-ca5e-4252-91f3-9831b66af339,36,2017-11-27 10:48:00.0,288a81e1_28a5_4055_a6bc_6c5c3c61ffaa
807a2a6d-0c1a-492b-8178-8e07c7b375c2,12,2017-11-27 10:48:00.0,87d43ff0_8d2b_4a67_98b1_cc8d6c02fba3
8255b0ba-f16a-4a6c-8d1a-2fd098ebb705,48,2017-11-27 10:48:00.0,95d94c7f_81b1_4048_938a_3fe57fbcb85d
82e0c5e0-6bba-4e10-a452-81a46ed42344,36,2017-11-27 10:48:00.0,d7c558bb_91dd_467a_af6d_f7152cbf7d8c
831ffb41-14c0-4a5c-8e94-3d6a449b0fd3,89,2017-11-27 10:48:00.0,2d31d330_8ab9_4179_ac25_3caf82960eaa
85f60a27-64e7-4dbf-9118-b713084ad290,100,2017-11-27 10:48:00.0,a415e2da_9eb5_4aa0_9c7c_9691b8fd25b4
87223a44-060a-48c9-8071-c52d8ee1c886,29,2017-11-27 10:48:00.0,ed768504_5d85_46de_b32c_91223fb8995b
8937492b-07c9-4b5a-ace7-c32962083636,43,2017-11-27 10:48:00.0,c40def21_35f8_481c_a5e7_dec9a483d8b8
8abc967b-d532-40d5-b7c8-326afe96abaf,54,2017-11-27 10:48:00.0,0d39c859_842a_43fc_ba12_6e77d9f235d2
8ad4b084-f2c8-4844-aafd-60571269194a,68,2017-11-27 10:48:00.0,41fdafa8_b912_45ed_8812_4a3cb53f1631
8ae4aa26-f9e0-4e5e-9856-ea79b4be4cef,98,2017-11-27 10:48:00.0,3745f6f2_030f_4f96_90b6_7828a837c194
8cd8002e-cbae-4124-bb27-828b73b69064,27,2017-11-27 10:48:00.0,8006fc96_a4e8_491f_be14_7ac10db1d545
8f21a159-ef9f-4cba-b1f4-d0a8d0c5867c,86,2017-11-27 10:48:00.0,020f362c_49ce_4545_9d30_0cbe3c738046
903e9196-49f9-4cd7-a218-82abb17805d6,18,2017-11-27 10:48:00.0,f213ffa5_61a7_4b94_974f_cd15f5026f19
925218c3-a9bb-4678-8c88-bd5a2a8da874,26,2017-11-27 10:48:00.0,70b2007a_b57b_4750_8bca_834ff9383acb
932a8ae1-e3ee-411c-9722-0e071d5d95e1,83,2017-11-27 10:48:00.0,977de421_49d3_4523_b357_40a74b0a9bf0
940c0863-d585-45d1-adbb-2990617a27e1,54,2017-11-27 10:48:00.0,1474fe7f_4a75_4458_9f0d_694dc4f47b96
94750420-7859-4736-ac4c-41e720d43f0a,37,2017-11-27 10:48:00.0,d17cdaa7_d788_4747_925d_27d91b9aad4d
948af57b-f5a2-4a90-a9c8-e0e718ba782b,35,2017-11-27 10:48:00.0,d22baa5f_aff4_40cd_b73a_129d302f8de2
9591109a-829b-4c39-8fab-fb24472c84a2,88,2017-11-27 10:48:00.0,dc84db8e_d170_4435_bbf8_3bb9f3998859
97fba45c-c805-4ca5-8772-e93249f890f0,84,2017-11-27 10:48:00.0,b19bb0ca_f9e4_42d7_a4f5_d74e3e189fe3
98cac393-0e59-4848-9e9e-26948b08569b,64,2017-11-27 10:48:00.0,3307bd0d_6906_4cd1_8618_e41797258582
9d454901-1bd5-432d-8ad5-85eec6d14fbb,49,2017-11-27 10:48:00.0,78945f14_0488_495d_b96b_f8954cdecf71
9d5a85d5-110c-4d3c-893b-63c4c8e944c3,56,2017-11-27 10:48:00.0,d4c1f7ad_89cd_4774_8f7e_23c6ac9cb8f4
9f108c2a-1a6c-49c5-8614-a37e83042a5a,20,2017-11-27 10:48:00.0,f179cc87_c65f_4277_90c3_a2589b503f1f
9f8d8cd3-0f2a-4050-8e08-d208478752e2,1,2017-11-27 10:48:00.0,5ebf8782_caac_4acc_b0a8_be93a9b09745
a24d0566-c663-4752-a612-def59ae096b0,98,2017-11-27 10:48:00.0,ba5338d6_b0a2_4d99_8536_006ecfd17936
a55f0297-3263-4a75-9010-2f054d494a97,49,2017-11-27 10:48:00.0,2424f19b_8acd_422e_a34b_fa4fd78127a2
a5ad2c82-940a-4728-8c3c-e28121ee6435,47,2017-11-27 10:48:00.0,139c4fc6_51fe_4887_82bb_075f3fc5dc14
a77493c7-2d02-4a59-a0fb-a797e15280fc,37,2017-11-27 10:48:00.0,584ad761_0097_417e_b8bb_0a624338d673
a7cdf4bc-7901-444a-bf3b-d83882f8815b,78,2017-11-27 10:48:00.0,8a7bc063_c6c0_4fb4_883a_96ca00b7f495
a965843a-f90a-488d-bef2-aa5eb47a7fa7,72,2017-11-27 10:48:00.0,456bf42c_0f81_4547_b22c_584e2013f6e9
abdbdc3a-fed2-46f6-9536-051c15be5eab,92,2017-11-27 10:48:00.0,63afe293_638d_4f63_90b4_a9e9930ff513
ac487a74-39e0-4cba-afce-ee7211b2ca0a,50,2017-11-27 10:48:00.0,cb7bf64e_d6aa_46cc_82a0_f7f1a7f6eb4b
ada733d6-0980-4724-8865-15977f9a5deb,6,2017-11-27 10:48:00.0,6435a5e3_ceda_435f_a13d_316a5248716d
ae188365-ada7-42ff-a9b6-fcea1fc1788d,51,2017-11-27 10:48:00.0,1a3cf7a0_f21f_4b23_842f_bb467fab76b8
ae788c4d-f728-43ee-a9f3-d051bbb4f403,45,2017-11-27 10:48:00.0,4827568d_1db3_4329_9931_9ca20104b8bf
b0341944-4350-47de-9945-2df883a49df4,30,2017-11-27 10:48:00.0,deda2f4f_8d0c_465b_9366_857425b726d7
b09d8eff-91cc-49ae-a7cd-d84680444544,84,2017-11-27 10:48:00.0,350ea594_c2d6_4f9b_84bd_1fc4bb9c51b7
b1152c65-f308-4441-ae6f-6ed128f8ddb3,97,2017-11-27 10:48:00.0,9beafc1b_75cc_4b0e_93bf_8adc3548afac
b1c01d5a-d56c-43ef-988f-0290a4c7334f,100,2017-11-27 10:48:00.0,3823a645_ce6e_47b6_be0a_49c34f4d6540
b20f63d3-1010-4646-951b-f6445cf5754a,2,2017-11-27 10:48:00.0,2ac1c7d2_2e3a_440e_9210_a35953c53b0e
b31535d6-3950-4888-aca7-c242c6fa6e22,69,2017-11-27 10:48:00.0,7aab9bd3_9f47_4843_8463_c6bc44da1e7a
b79db663-f914-4aee-9c20-202d541b9cf6,9,2017-11-27 10:48:00.0,21584f5e_078c_4bfb_8180_f302fddc512b
b8b2cbd0-6861-490e-8ef1-75b3eadc0e83,30,2017-11-27 10:48:00.0,334721ab_917c_48bc_81ff_4e3a34974cbe
ba649ebc-384c-4d02-9d22-fddc9155f099,80,2017-11-27 10:48:00.0,f9e77a56_aa3f_4c96_bcbf_a437667533ce
be7e5c66-d861-45a8-97c4-124d06c09da8,37,2017-11-27 10:48:00.0,377b20bc_0114_4ca3_b44c_fe4bfe49928d
be9e0ede-e6c1-4e3d-9061-0bc84fa8c41c,1,2017-11-27 10:48:00.0,7ca686a4_7a33_4301_9e73_5bab45e5efb8
beae4115-7f1b-4eed-8833-ee0fdda236a5,1,2017-11-27 10:48:00.0,72271b1c_b357_4714_9055_094a54cbc129
c09ee0de-9afc-4584-aa98-61256845bbb6,54,2017-11-27 10:48:00.0,b29467f5_8b80_4859_b84f_f6d15aa61387
c264a7d3-d815-4652-bd1b-feacc9174399,34,2017-11-27 10:48:00.0,12242f82_8a7f_46c8_b620_24b8c2748231
c3027244-f232-454b-afef-5d0b17a5785c,19,2017-11-27 10:48:00.0,fb4bcc0a_aa49_436b_8041_1d5f337eb449
c591d0c5-2d9a-4d04-9f6b-71ec3e96b216,4,2017-11-27 10:48:00.0,0e7431be_db65_48ae_ac4c_7fe1f4072951
c8dc6c7f-c9e3-4eb3-9c21-cbfb198f712b,94,2017-11-27 10:48:00.0,8b2cb401_f140_4954_b3c4_d582dcacf8d2
cb9316e3-7a7b-4180-a076-04a771e0353f,42,2017-11-27 10:48:00.0,4b00fa2a_da97_43af_ab58_ff5fe5d9669f
cd3914b9-6db9-4a87-95de-e447ea5eb2ac,33,2017-11-27 10:48:00.0,dc8fcb86_3a5a_42e5_886d_7b51bab2c980
cefc32c4-1fa0-46f1-bc51-5ff51310b5f1,65,2017-11-27 10:48:00.0,af358513_eb04_4ecd_84b8_351ff26ac728
d1913b74-017b-4a85-8510-fdeb4708a08a,96,2017-11-27 10:48:00.0,d6e55a41_6130_4890_a586_f459bd82f662
d38ac556-d15c-42d5-aa22-c27c7b200e32,4,2017-11-27 10:48:00.0,bd933705_1383_4e69_bb8d_4ab6a913244b
d54883e3-7f0f-41e4-97eb-363c39b7bd5e,93,2017-11-27 10:48:00.0,8249652c_f8a7_4189_b087_968dcea28534
d5c20845-c8e2-45a5-adbb-d8964964eb15,87,2017-11-27 10:48:00.0,31371848_a2d6_4038_b07d_35f5db1f6793
d742b39e-802d-4c82-8e30-db809f647d1a,6,2017-11-27 10:48:00.0,e5307b29_20c2_4583_855f_4bfe6da30475
d7787e25-38d7-4ede-bb42-c6474e129eb2,73,2017-11-27 10:48:00.0,c9006752_ebc6_4ef0_b328_3d53747ebd3d
d83000e2-4c3f-4600-bada-84f17d0308d2,44,2017-11-27 10:48:00.0,a537cdc4_0e5e_4a76_8eac_45b7ef1e5b58
da1bbc26-baeb-492c-8731-cebf120f1e90,93,2017-11-27 10:48:00.0,9f1952db_b3d0_4537_8498_500d94cca64e
dd0cc909-568d-4d2a-a207-a3747afebc26,57,2017-11-27 10:48:00.0,448102ca_320b_4f4c_a163_2fa77dfd037c
dd242750-fdd8-4f94-846a-f77ac149d404,13,2017-11-27 10:48:00.0,1a97ec3b_202a_4337_bb08_38ad1f5d83bf
de2fd6a8-49ed-42b1-a161-5eb5ee305eab,77,2017-11-27 10:48:00.0,e79a3c83_8677_42dc_b67b_df32f774b6d2
df8d6507-c4f7-48fc-b210-3ea3a3212467,76,2017-11-27 10:48:00.0,ea9ee95f_5f99_4944_a35d_03ffb333f26e
e0e615a0-d72c-4567-bcca-b846ce7ffbfd,94,2017-11-27 10:48:00.0,e0eb5a00_d5a3_439d_9794_7022a19429d7
e37e6d8c-7515-4cf1-af93-0580d299956b,24,2017-11-27 10:48:00.0,e557c71e_6610_469b_91fe_dd00d0703aec
e4742bdc-91be-4f11-a4ce-62a131b922c3,79,2017-11-27 10:48:00.0,ea9f25b4_2046_4259_8faa_540a700a192a
e4ae0c85-6d1e-49c2-ab09-9cda36869975,50,2017-11-27 10:48:00.0,59fb7c15_9d1c_4d26_94a0_fe724a5c1007
e4c4be00-5ecc-44d7-a0fb-4e0ce6d813d2,15,2017-11-27 10:48:00.0,245897f2_eb42_4b83_b2d9_0bee57f33e4b
e4e23f20-ad12-49a4-94d4-6e21f8cd6a03,49,2017-11-27 10:48:00.0,8aa47834_46e4_4768_991e_0c18d21c49d1
e5e12920-d5c5-4aff-9ea5-58e6b6b6049e,43,2017-11-27 10:48:00.0,6b44d178_e962_48a1_a135_0a50a463ab4d
e892fbf6-9dda-46d0-8e49-731cb4dc027f,95,2017-11-27 10:48:00.0,4f7f8853_e605_43d0_9e6b_eadeb7530e30
ed264933-5a12-473d-9d66-440d3a7158e7,86,2017-11-27 10:48:00.0,d5eb1703_ef4f_4d66_87bb_5e2d5eefb39b
edd193a0-8048-43fe-8efa-2e69c6b29894,97,2017-11-27 10:48:00.0,188a079a_b86a_4ddc_bf53_434ca7646db0
efb8c906-18f6-44ee-966b-88be86bf0fed,19,2017-11-27 10:48:00.0,429ff096_4739_4089_b27a_7ac6a85ddfdf
f269ebc5-ed5d-4bce-a4ea-5b0a5ea59343,65,2017-11-27 10:48:00.0,eff65918_faf2_44ad_9536_5be5b878925c
f35efbe9-b34d-4db0-9a2e-a41c6be112f8,16,2017-11-27 10:48:00.0,a4cb5787_051a_4bc0_9c03_f8f2c226589d
f4d4a359-0db5-4f94-99c3-d4190d3afd82,73,2017-11-27 10:48:00.0,30f9912a_7c43_4af1_a11c_8f4ec5f0f297
f581e9a7-5870-4b0b-a89e-022b41ef9b53,55,2017-11-27 10:48:00.0,f6165efb_7e8b_430d_b70e_135aa48d6f85
f5835ffe-102c-47d1-a6cd-e97eb0c45048,98,2017-11-27 10:48:00.0,c5a59f66_884b_4827_a2bf_4f7ee97ae6a8
f5b01b5c-e9a2-48d8-b6c7-88a9aba572ff,92,2017-11-27 10:48:00.0,13bb2617_f025_431b_b1c7_c1c7d50d5972
f5ff5bd3-db0a-42e6-aa33-0681b687eada,92,2017-11-27 10:48:00.0,147ccab4_218d_46d6_9853_32c3ce7cf87c
f8eaf594-3f69-4179-a1a9-fe63a2979180,91,2017-11-27 10:48:00.0,2c4b2d7a_1496_42c8_ad47_1d80f3190382
fc92ec4f-8c11-4ee0-8f73-39193dc61d2b,52,2017-11-27 10:48:00.0,6d35ea2f_bf6e_4bb6_af15_eaf1eeb19b62
fcd46848-f3f8-4192-a96d-410d3613c380,86,2017-11-27 10:48:00.0,cf1ab35d_d2c3_4531_b093_706e0d1cce50
fce8bba2-d118-4ce5-a019-7a97a387c5d7,26,2017-11-27 10:48:00.0,a4c15e95_8e26_4075_8ab1_b515815b9e97
ff3d10c0-4572-4464-b41a-6a72ac68fd82,76,2017-11-27 10:48:00.0,3fb1db17_5cbd_431a_8c3b_c4a18eba6456
007b6179-29a3-4ac4-b888-4bf3a060284b,15,2017-11-27 10:50:00.0,055636cb_ecab_4751_8367_6063b63b8f00
010e4265-45ef-4a40-ba66-a8bebe0249de,10,2017-11-27 10:50:00.0,70bf954f_ea95_42f2_9f9c_052055441515
046bcc10-1090-490b-a0ae-2a8c1d958cf3,23,2017-11-27 10:50:00.0,2f8b92b1_0da8_4852_ad21_24da886d293f
0715820e-b97e-4ea8-94d1-b92d47c86490,57,2017-11-27 10:50:00.0,9c8b1407_416e_45c9_b4a6_70c95e9a2a69
07b1b657-4b67-4ace-93c3-9237f9d90433,79,2017-11-27 10:50:00.0,6264f2b0_2f66_4a41_b2c9_e036e8c227e8
07fad3eb-f465-4c84-b68e-382231fa6cea,10,2017-11-27 10:50:00.0,51931ede_ec45_45d6_af98_fd414c4a0d37
08657b46-7c99-4d53-816b-09d661c429e9,13,2017-11-27 10:50:00.0,7ca98bce_bc10_46e5_984a_5afad93d25d9
0a315acb-196f-47cc-a9bd-47d48a76f2a5,63,2017-11-27 10:50:00.0,51398e7d_c3e3_4da8_8c2a_8069d9710d80
0a4808e1-9f43-42b6-945e-4fadcb1fcd3b,15,2017-11-27 10:50:00.0,fc1abc7b_7914_4aee_8742_5e1b3b08f8ba
0a614f6a-4212-4cbd-b7c1-f26f478a5539,31,2017-11-27 10:50:00.0,8bdb9c67_4c77_4223_bc54_172ae3c1c5ce
0b49eb88-3707-4c33-bb3c-49f5ecda41b8,50,2017-11-27 10:50:00.0,b35be094_d8f0_4e53_b322_2d4d2c8798e6
0e39fdfe-875b-4f8a-b1d3-e55aa69e2a8f,19,2017-11-27 10:50:00.0,ae1dcd86_c0b8_49f8_a772_b9ff19ee3c8e
0e861de1-4b66-48c6-b4eb-366bd917ee34,30,2017-11-27 10:50:00.0,f0f47cae_2395_481a_9e14_3d4859d61313
102a46b1-6132-491f-8964-432fc62a8119,79,2017-11-27 10:50:00.0,01aac98c_5deb_4322_baa3_44ce73b60b10
10af1de0-fe88-4384-bac3-8a3f2ef38a31,19,2017-11-27 10:50:00.0,da282005_38da_4298_9215_1e7afdf5a70f
1105cfd0-16f5-4d2b-9192-359ed79e35a3,40,2017-11-27 10:50:00.0,5c489dc5_ddc0_4f0b_aae2_6e82fca073a0
12a5b7b2-066b-43b7-96c7-8a27436aac8d,15,2017-11-27 10:50:00.0,bc2ee943_42f7_41ea_8276_3cff63e5399a
13528b15-7bca-4f0b-b114-0c7657dc5e66,25,2017-11-27 10:50:00.0,61506a37_bb1f_4a57_9c63_b79f75046087
14e3fc59-7661-4698-bb70-d9c20deaf4c2,21,2017-11-27 10:50:00.0,bdeb0aff_7730_45ee_bd43_c5d9836167a0
15371521-5978-48e3-8bd1-0949802eb640,45,2017-11-27 10:50:00.0,af558e23_bc4b_4dac_a41b_c61ee41e604e
153e457b-8436-4c22-b8e8-2c48d77ad30d,50,2017-11-27 10:50:00.0,c04c6eae_e20f_4fd8_aa96_20a12c40e0b9
15b87668-35cb-4d64-bd9b-3f813da75739,2,2017-11-27 10:50:00.0,4d406aed_66b2_4431_a61e_145dd5c00c0b
167b411a-e733-4835-986b-50b3f0a16199,5,2017-11-27 10:50:00.0,c8918e25_3f33_48bf_971a_015d67dafb77
17d360d4-4a60-4db7-b470-0461642dfd5e,69,2017-11-27 10:50:00.0,3a619d47_8bbb_42d8_a3a8_29bea8e63377
1841fc3d-729b-4f27-9d3d-cca2df9e2f50,63,2017-11-27 10:50:00.0,d51956fd_0a74_4306_9d84_76b842996c60
19504735-c7b0-4e54-9d99-e57c173ea29f,39,2017-11-27 10:50:00.0,8e51488b_c584_4bcf_a8df_e98d02a3bb08
1954327c-b62e-4426-90c2-f20d8b328c65,47,2017-11-27 10:50:00.0,a21f5f1e_bba5_489d_9e62_471021358e84
1cb68d80-7e3d-4129-bd2f-a954ab847791,22,2017-11-27 10:50:00.0,13ee5c98_7151_415c_a10c_4fd27fcc0b53
1e09c898-3d31-49ac-a144-287636335bf8,83,2017-11-27 10:50:00.0,9c7d6520_2b29_4974_98da_fcbb767febfb
1eda11a5-5ccd-4c93-9307-49286ddf6703,81,2017-11-27 10:50:00.0,5564fb5c_b82e_4915_839b_c1b8cb73135d
2249e312-fe76-455f-b090-9038faf49253,61,2017-11-27 10:50:00.0,aebb945a_8765_4bd6_8573_aaf3513c043e
229db7d7-097a-4fd1-9b6b-014a880f106b,33,2017-11-27 10:50:00.0,7e9f8d39_8011_4808_9428_b6e23f99263d
23a91389-1a8f-4527-a44a-f290fddcf3ea,95,2017-11-27 10:50:00.0,584ad761_0097_417e_b8bb_0a624338d673
2572918e-b845-4509-bbe5-a6a0520fcc43,24,2017-11-27 10:50:00.0,b069287b_f7f5_4a9c_937d_5a36f34c60bd
27050b29-8b8f-4a3e-91b8-36e73b87166e,36,2017-11-27 10:50:00.0,a0591d80_b6ee_4db4_a7e5_913cf0f2003e
27bae135-529b-4816-956c-e7df1af73c5a,85,2017-11-27 10:50:00.0,a7d76061_cea7_45ad_9cc2_f700e29928ac
28769d83-f2e1-4056-a260-f889bd2a71d0,86,2017-11-27 10:50:00.0,ec939854_a435_4024_9c7a_5e084fa49ce1
291280a1-8de3-4f90-a4cc-f434e67cb1da,15,2017-11-27 10:50:00.0,6b012846_9adc_4f30_8d7f_2da48c237736
29bc6067-913f-419a-b810-b910dee7398f,76,2017-11-27 10:50:00.0,6d111af6_4387_4694_8474_7e741464283e
2a52c258-4350-4b3c-baf5-f49a8bec7011,94,2017-11-27 10:50:00.0,4c4a43a5_0b21_465a_b3c5_3efe13a5a213
2b6ccf37-eb82-49c7-aed7-bd161d21fb4a,88,2017-11-27 10:50:00.0,07915b36_8e50_4fb8_85ec_4402eafa21e2
2c2c010a-5ca8-48af-87fd-190f0dea6587,31,2017-11-27 10:50:00.0,00b81ce9_a5b6_4539_9683_3a5b648a7cf4
2dd41e21-958f-4c4e-8908-89c6d166c5c1,78,2017-11-27 10:50:00.0,48997f5e_01cd_4508_9f35_9a30eeb9e6b0
2ed01c99-7d75-48c3-b321-3c04153fe0c9,37,2017-11-27 10:50:00.0,thermometer5
2f6e207b-7c6b-48fe-a285-c43d355e89d5,35,2017-11-27 10:50:00.0,ca291145_ab5a_41a3_a649_797d359a2c55
2f7cc5aa-b593-4f3e-a69d-531740fe2498,85,2017-11-27 10:50:00.0,7182630d_39ba_4f4c_9034_f2c61f53f20b
30450426-575c-433c-a08e-5caed3f98799,91,2017-11-27 10:50:00.0,139c4fc6_51fe_4887_82bb_075f3fc5dc14
3175f814-d10c-4dff-9ba6-5051e8542109,63,2017-11-27 10:50:00.0,bc98e572_1605_402e_96cb_caeb34810c00
322c1e17-33fe-4b42-83d7-bc1788600f94,82,2017-11-27 10:50:00.0,2618ae4a_65d9_4fe9_8f86_049cf1dd4386
3500cc93-c71b-436a-8646-ecebc1c30cd3,91,2017-11-27 10:50:00.0,947c5022_8a63_4074_a59f_9090d1f49cb2
35ae5bfc-becd-4b6d-8ae0-6b5c0b2c8859,79,2017-11-27 10:50:00.0,b29467f5_8b80_4859_b84f_f6d15aa61387
37ae21f0-9f77-4eb4-84d0-26594bc5c06e,41,2017-11-27 10:50:00.0,fde6581a_8b1f_403b_8b26_b155ca892342
39db0abe-f3bc-4b97-b5ba-1e4e5ef8b418,29,2017-11-27 10:50:00.0,1b80ee8f_f7de_4861_93b7_b1c3db570c56
3c0e22a2-5221-46c1-a426-73bf6721433f,12,2017-11-27 10:50:00.0,207a1881_5169_4f9c_abc5_09457e9dbe0b
3dc1bb4d-ade4-4ca1-b3ca-f6027f2c9d0b,70,2017-11-27 10:50:00.0,6be868dd_f3aa_49a8_8233_37fc415de0ad
3e547d05-3048-4dcf-be96-8ec741e427e7,81,2017-11-27 10:50:00.0,f9e5d37c_4230_44d5_8dbd_cd312174dfa8
3ebcfc66-d8ce-4b98-be03-0a4142f315d1,100,2017-11-27 10:50:00.0,d4c1f7ad_89cd_4774_8f7e_23c6ac9cb8f4
3ebd59ec-32bf-46cb-acc8-92446ebabedd,7,2017-11-27 10:50:00.0,7679ca18_d71a_4725_aa2f_06c48cb522c1
3ef385b9-3b00-4275-8b9b-8f61f5d6b5ad,61,2017-11-27 10:50:00.0,2dd7a1fd_de9f_4629_8229_65fc7da4bfee
3f1a1029-e722-431a-a4e2-391c7d60e609,82,2017-11-27 10:50:00.0,ddba350b_29db_44e1_914c_728f2f465dd2
3fc6b0b5-7f13-4140-9b60-71226b5e4a95,81,2017-11-27 10:50:00.0,c8ae503b_ac26_4175_b912_8588bfb7e777
41649c2e-b3fb-4972-b017-c4d898ed44e3,52,2017-11-27 10:50:00.0,82c74786_f491_4dd8_92cb_284207c434fc
41fe4976-3b51-4977-86de-fd0ed103df58,71,2017-11-27 10:50:00.0,c218916d_cdfe_4910_87e0_72d4d93d6425
429cc111-b5eb-46bc-92c8-e396d77f9c96,90,2017-11-27 10:50:00.0,79dcf607_65aa_4c61_a641_362f13fb1976
4303ca26-0af5-4b6e-bd6a-670f9722b19a,79,2017-11-27 10:50:00.0,4bac4744_7eab_4449_a947_adad01ee3b89
45d360be-f65a-4efa-a423-5f3e88652e33,20,2017-11-27 10:50:00.0,c4c6f351_95f5_42cd_9ca8_3a4c59d81693
47ff3cad-c5c3-4389-a3e0-7b77b52c8632,91,2017-11-27 10:50:00.0,e346613f_8f8a_4859_9afa_ead4b50fafa3
4878057f-c29e-477c-9202-0ece8cd5c161,34,2017-11-27 10:50:00.0,71450cee_ed70_4a6a_a9fa_60594e291e59
495395d7-8762-4582-93e4-4f8162b60b45,78,2017-11-27 10:50:00.0,5bba7f68_90f7_4b6d_8ced_6286f6580daa
4c72e7a8-da89-4589-a2d3-9bac4cdd1d01,65,2017-11-27 10:50:00.0,a57b0847_b141_42cd_bb60_35ba5de5ac2a
4d51bf36-fbe2-4046-afe3-929af306a3a9,15,2017-11-27 10:50:00.0,beb08f04_f164_493a_af8e_4a975e753427
4dd2b670-e9f3-4694-8793-7158040087b8,17,2017-11-27 10:50:00.0,a4cb5787_051a_4bc0_9c03_f8f2c226589d
50549e51-00ff-4728-b93a-1596b0082ff5,100,2017-11-27 10:50:00.0,13e24864_5d63_4d5b_8157_fdaebc40b4c8
506671b1-5d4b-4a59-b254-265f28c85c3b,62,2017-11-27 10:50:00.0,95616aa0_e4d3_4698_baf9_c437ceee8afc
53d2bb9d-a427-4307-97b4-d19d2c4a031e,27,2017-11-27 10:50:00.0,b088139d_c0a7_4277_bad3_ccd7cdd0ace3
541fb816-d410-4613-80f5-80c2b5de1102,62,2017-11-27 10:50:00.0,e8dfd10d_5398_4a3e_856f_908a6b22f8d3
55030ee7-4cb3-48c1-ab7b-28a3aa913429,44,2017-11-27 10:50:00.0,86f963f2_a66f_4b30_a2ac_6eb0a6219138
563a974c-a318-4fdd-a366-6cc45fd0ed98,85,2017-11-27 10:50:00.0,fdb74469_3aa4_47e7_a2e0_5458788a3db8
569772c4-c3f5-4e59-b456-44c58b1f6206,12,2017-11-27 10:50:00.0,21cb0977_175a_40f4_ba22_69be4ef2e791
57294065-d08d-4ffc-b372-5611e2a77ba1,72,2017-11-27 10:50:00.0,7c4ec219_103c_4351_bc55_044a03ebe17b
5788a79d-0d8e-4ba6-b0d9-89a421278e90,66,2017-11-27 10:50:00.0,ff39d9b7_184a_41ed_adb1_bff99875da92
5f62a514-8905-4509-bcba-27ed41f4c4ec,13,2017-11-27 10:50:00.0,70190958_c2f7_4922_8f0b_f25a499488ba
60a1c9e3-8efd-4f06-8f87-d86e129a019d,99,2017-11-27 10:50:00.0,fe50ccc4_9ea6_4d93_8c07_158e3e014439
62ed9c6d-a608-4219-b454-6a8d80673dde,83,2017-11-27 10:50:00.0,c238e1c5_6935_4600_8082_c88137fa3b5b
6558727a-2f31-43de-b42c-34593a13261d,73,2017-11-27 10:50:00.0,d043f953_5029_4743_a17c_e896d3a0d890
67909d20-dba0-417c-b161-81e40f87590c,59,2017-11-27 10:50:00.0,603ca5ef_2ab6_42f3_aaf3_55fd798f448d
6b1a619b-47df-4f50-b1c9-58ee18b5c8bb,42,2017-11-27 10:50:00.0,31b49b15_69ad_4d2a_b83c_1972d0d0787b
6c3e9a2c-d95b-4b3a-b203-ec4c2bd2ee9d,62,2017-11-27 10:50:00.0,95d36f71_a270_4f56_b86a_16115a68ad9b
6dbc1737-09de-4405-8175-7dc52653b71e,41,2017-11-27 10:50:00.0,536d92db_246f_4444_9f4d_b53432330431
6df600f8-575c-4060-8b6a-a13a33949868,6,2017-11-27 10:50:00.0,5081cf56_89eb_4d7c_bab6_1e7ca4719ea0
6e3ca6a0-2145-44a3-b3a3-b1175c3bb8bb,7,2017-11-27 10:50:00.0,0a8441f2_cb89_460b_a313_7e4f3e9cd2fe
6e638f7a-f472-4651-ac99-953a44033a1c,89,2017-11-27 10:50:00.0,aab00100_e641_46d6_a9a7_4823cd2561cd
6fce4750-1e1e-401e-ba6c-5030d14a707b,1,2017-11-27 10:50:00.0,bfccdb0b_65a2_4082_8316_f5b8f1fa6bfb
704b602f-62da-47f3-b3de-43852e2c3aff,84,2017-11-27 10:50:00.0,a0c5af7e_f400_46eb_ab24_23c372675ac8
70874695-2310-4d79-851c-f38224ae7766,6,2017-11-27 10:50:00.0,e19f953d_070f_43bd_a873_7129f7d06694
72c8d90c-3d54-477a-bfe2-760efc9f54b7,3,2017-11-27 10:50:00.0,77788be2_3b87_4502_9119_7ca96a4217e4
76fdc688-eadc-44b4-9bd7-4b766b834299,15,2017-11-27 10:50:00.0,c5f1e50e_eca3_4757_b3ae_ac44cd4f1065
7704a377-bb76-4ffd-b57b-dc70d76c3e08,30,2017-11-27 10:50:00.0,edb65e9d_2066_4ff5_8530_9d6e449f5cd3
77208af1-ce3e-43be-b790-e206c4b6f7f9,58,2017-11-27 10:50:00.0,953d120f_2e61_4480_a763_5c8fa0571c67
776cb80d-2738-4c04-b0bc-41fb9373fdac,90,2017-11-27 10:50:00.0,09b9c3e7_b05d_4a03_946d_b3779df5a3c4
77c9e989-c1aa-4dd9-b133-6376bbbf6e5a,40,2017-11-27 10:50:00.0,022a7acb_3728_4912_9904_1d2a13e74a90
789bd941-8902-4377-bae7-3646b29ec96d,80,2017-11-27 10:50:00.0,12da8489_d677_468c_b536_e79ffee2c59b
79ce8bdf-80d8-4009-a2de-49934613276f,22,2017-11-27 10:50:00.0,5008e24a_69a7_4b26_9c75_c6793c216e2c
7aaf29ea-25bf-4665-b4db-204f0ffb3b6f,45,2017-11-27 10:50:00.0,906622a1_7d3a_457c_b9a5_095261848185
7c91632f-1681-454c-937d-ab58e35ca445,93,2017-11-27 10:50:00.0,e642681f_92a2_4fc5_b77f_140f3bcde28d
7ca0dd5f-df07-4e3f-af5e-44fca6a9ed89,81,2017-11-27 10:50:00.0,c7d28fa5_f958_4b0a_9ff2_cabb3b5b91a2
7d532231-bca2-4cd9-aadd-9a45bfbaa0b6,63,2017-11-27 10:50:00.0,22edcb0a_2cb0_4218_ad92_bc268219a349
7ffac1f0-b729-4bec-8c35-b5ea932875dc,8,2017-11-27 10:50:00.0,369b7482_8da6_470c_9974_2bf51391b0ea
8263fcb8-fe87-4f3c-87c0-69b4e0382dd3,57,2017-11-27 10:50:00.0,bcba5141_39a1_4ab6_80c7_c9d52f1b4e44
831a0c8e-799c-425a-86b2-3c94ac821744,67,2017-11-27 10:50:00.0,29db4259_76fd_49a0_802c_96b9c2904982
83257d16-07e8-498c-91dc-d6c3804b2059,67,2017-11-27 10:50:00.0,05a38346_bda3_4c3d_bfe5_a9acc7cdff6a
86fbffa5-77cb-4ec1-b0ae-b8b15e579c84,85,2017-11-27 10:50:00.0,43082a1b_d14d_40f2_8dbc_61284a517287
890dc710-e277-4c95-8c38-93d00f9d375e,70,2017-11-27 10:50:00.0,85ec43a8_1fe9_4dc8_a1ba_3a35851229cf
8a5cc633-92b7-43f3-b026-ef1479df3cce,64,2017-11-27 10:50:00.0,3507ba35_512f_41f2_b9e7_4ccfcda55ed8
8d0fda03-c78c-4d74-91a2-eecb0462fb7c,80,2017-11-27 10:50:00.0,9eaf9968_1cd5_4e12_a911_d7411d473b51
8f82997a-1511-4f4c-bf09-a0d44b20ff3f,45,2017-11-27 10:50:00.0,200d7264_1f5d_46e8_9800_e9d02bdfbb6a
903bc3aa-fd78-487b-ba8b-ca70c7ead973,6,2017-11-27 10:50:00.0,8ecf8932_e0c5_4bb1_968f_a5a22c5293ba
9059ada5-dcf2-4dcb-b13a-eeedc9832410,19,2017-11-27 10:50:00.0,8fe50ec1_907c_4d4f_a735_f97b0ada8749
910feec9-e353-4a42-a15b-8005d25a3df9,36,2017-11-27 10:50:00.0,bb547f2a_f10d_4f0a_8eb8_0911445ce06e
93ed1b76-5c6d-4f01-a9b1-436bc0b54ade,53,2017-11-27 10:50:00.0,1221af48_14f2_4c35_b607_eb5c68dcc74b
944430df-b996-4453-8a3e-1ecd214e10ae,52,2017-11-27 10:50:00.0,92fd38d7_b906_473c_87b8_685baca239c4
9587c6a9-eed5-4301-9b36-aaf4128f3463,38,2017-11-27 10:50:00.0,1aa62150_d040_459d_80c1_9ff6d1ddf58e
97e68740-989c-40ca-8f92-f21590b656a0,35,2017-11-27 10:50:00.0,e0a821c6_6311_40ad_b1b0_50c7a76db492
9bbf1fe3-c28a-48cd-b4d7-d49e8b8a3bf9,71,2017-11-27 10:50:00.0,285c6a7c_5130_45dd_b8b9_a74ee0977b6b
9fa5ba8c-9282-4fb1-a919-dee08f523e24,16,2017-11-27 10:50:00.0,4c932aba_a35d_4316_835c_14444fce1c1a
a2a7f21b-bc95-476e-bd7a-6c7d2034e063,72,2017-11-27 10:50:00.0,b6f87086_afb3_4a73_9ed5_271ba872489e
a320f734-aab8-4f91-8250-fc8b58a3afda,95,2017-11-27 10:50:00.0,eee326eb_e493_4a4c_868b_3b1b14032670
a6b20094-c6c2-4135-a2b4-a09bb2bddf00,99,2017-11-27 10:50:00.0,2317d025_9728_4afe_99ef_da7e2eb9cc65
a6dfa63d-9b46-432d-969a-619770b87798,61,2017-11-27 10:50:00.0,cca0e04b_d827_4b80_a9c4_6b4805206708
a8b49c38-4054-4036-bf26-6936f5150a08,35,2017-11-27 10:50:00.0,897d7d78_0de3_483c_82b5_6e4258d853d0
a9636bdd-87a4-497f-811c-60defcb3a77d,41,2017-11-27 10:50:00.0,d60376ed_c676_4b93_9907_9b1fffd81253
ab8e2c50-59fd-4be0-8f21-e28ac7d09bf0,72,2017-11-27 10:50:00.0,d762ed2e_ba0e_4761_9c46_d797bcc5024b
b04d0ac8-c1e1-41c4-965a-221413316de8,29,2017-11-27 10:50:00.0,0150b076_995e_4211_bf17_15fa49cdec9e
b2677fda-d6dc-40b9-9586-6c8ba92804b7,64,2017-11-27 10:50:00.0,ec2584ec_a554_4e2d_a774_a2e6f80a789a
b38c55ca-5aa7-44ea-938e-06ffde1efb58,78,2017-11-27 10:50:00.0,27398e4f_ff9e_49e9_a623_914cba16a4f3
b3d1a951-beff-4720-b655-43784314b324,69,2017-11-27 10:50:00.0,4e15e571_e1a4_4891_8c86_cad51fc0de3e
b3de3fbe-cfa8-4cc6-a1df-6f06107b1031,15,2017-11-27 10:50:00.0,ebb83af1_9d9e_4d4d_ac1b_4303e646af4c
b43d4cdd-169a-4564-928d-b23593a77b2b,34,2017-11-27 10:50:00.0,6ed36721_63d2_48b3_af93_0066ffb20308
b4a9eb2f-d113-4bed-b58a-f150c52a2ca7,41,2017-11-27 10:50:00.0,fca92894_f13c_4e4e_ae94_a4c9b6ce2e82
b6d93194-1327-4076-a2fb-d3416589f257,4,2017-11-27 10:50:00.0,95c26295_8966_4c6f_b180_4b08c1363152
b76e836c-9011-4f7a-b2b7-0d9e2bd8d5d0,1,2017-11-27 10:50:00.0,d561a0a6_f990_4f84_8226_3e96f3fa6f1e
b8082d6f-f14b-4bc7-a9ea-3ba67cf9e574,4,2017-11-27 10:50:00.0,0a48d959_aef9_43a8_a3bd_df0a2f701b7b
bd19be02-30b7-4f06-8929-db9bfdcf516d,24,2017-11-27 10:50:00.0,d84a1e9f_5181_4063_88f6_cde427a50ef2
be0c2b7e-32df-465e-a910-86c44b206423,18,2017-11-27 10:50:00.0,50584c85_6117_433a_b2be_a6564f8fd1dc
c0802cef-3dbf-429d-bedb-54f7aec2c387,36,2017-11-27 10:50:00.0,63d471d9_f47b_49a2_962b_9c4fa207e56b
c2004306-56a4-4af2-a644-79441ebf9e0e,48,2017-11-27 10:50:00.0,d12c40e6_e33b_4f1b_bd24_8fd8befba3d4
c3745d15-8a49-4bc4-a931-03b470be963d,23,2017-11-27 10:50:00.0,eb08e88d_5511_48e2_a01f_69f01bba0c08
c4fc2e89-24d8-4b19-95cd-66faeebe3bd0,69,2017-11-27 10:50:00.0,bff5b423_94c9_4839_b33a_7b692cf7474e
c53c1632-425c-4914-95a4-c06b733a6a12,41,2017-11-27 10:50:00.0,8b508d6a_f12c_4b93_91c6_8754271c2f16
c574db6a-90f2-46ba-b512-a7b2e0c4d4a2,33,2017-11-27 10:50:00.0,a2686321_59a9_443e_bd0d_5827164cab9c
c5b31b86-6561-4f60-afa2-0b0a9dcd0d08,50,2017-11-27 10:50:00.0,9592a785_d3a4_4de2_bc3d_cfa1a127bf40
cb425509-0b00-424b-8760-3e0d9c439a63,1,2017-11-27 10:50:00.0,5e08cf27_1df4_45aa_94bc_da81ffd5f008
cb73eaf2-28b7-444f-a8cb-5bda1983a5c8,53,2017-11-27 10:50:00.0,71f1ad92_c805_4120_bc0d_09f4037108e2
cc5c7377-85f5-48e1-8137-29f736f29304,62,2017-11-27 10:50:00.0,b790227d_09d6_436c_8e3f_5fb62ffd8071
cc94624e-6bcf-4a54-897b-5878b46d0704,93,2017-11-27 10:50:00.0,86ca0f7b_1c3d_4497_a315_2d3dbd9d435c
cfc2eddc-e1a1-4d35-afe0-a90a860121b9,52,2017-11-27 10:50:00.0,82869972_dd30_4754_95ee_f83d41b5a663
d15c6edd-83dc-4315-bbd5-b059e9471505,60,2017-11-27 10:50:00.0,9769a021_796c_4c31_8cfd_f95daf96d50d
d3984811-2879-4104-8051-eff4336c840e,37,2017-11-27 10:50:00.0,b9874029_3ca9_4471_b7f4_68edd79a2ce6
d53d4757-e249-44f0-87f7-f4cf0a3e2445,20,2017-11-27 10:50:00.0,d28e0dd6_e447_4528_bb29_1f867d682794
d57c05d6-ef0b-47b2-b6e4-b0d5090fb36b,29,2017-11-27 10:50:00.0,3adf69cc_1ff1_411e_b863_021bea37e224
d5c244a8-64e1-466b-98b2-63871726b912,58,2017-11-27 10:50:00.0,05bf5976_ab35_4bba_83f4_ac0bcb303df6
d60c08df-d9f2-43b6-be34-8607f563064c,99,2017-11-27 10:50:00.0,1eb99a46_c887_4434_a389_8e3bd5298426
d8167032-670e-42e1-be69-f63040df6ca1,92,2017-11-27 10:50:00.0,b9c1c69e_265d_4dad_91d4_1fad073ed215
d83f4083-4472-4a12-ac3c-3657ee53311b,57,2017-11-27 10:50:00.0,7de06daf_c679_4ebc_bf5e_1311ee2432ee
d91500a0-5aff-478f-bdf2-ad42a0c93d67,65,2017-11-27 10:50:00.0,c1a62ead_26a6_4c5a_b468_b433cc48f3ed
d9d717dd-9b7d-4968-a95f-f93fc51f581b,19,2017-11-27 10:50:00.0,3307bd0d_6906_4cd1_8618_e41797258582
da2c7626-cafc-4e3f-8a8a-9d9cdf46cc24,87,2017-11-27 10:50:00.0,1ed6dd86_36bb_428e_8cec_cd1ddba9b309
dca754cd-10c8-499f-bdf8-fffa84d3ef1e,73,2017-11-27 10:50:00.0,32445506_a007_4eac_9409_0963e29160cf
dd12f304-d099-4ce4-bf5c-c0cc3a8987ad,53,2017-11-27 10:50:00.0,86c6e2d3_e7a9_4281_b375_560c7129b4c1
dd18a8e9-3008-43d7-af6f-d9e33e80d385,92,2017-11-27 10:50:00.0,fb88292a_2c64_4b91_819c_253d1ed2364d
dd333423-4ed4-46b8-9e3f-81d07b7ada8c,59,2017-11-27 10:50:00.0,f6165efb_7e8b_430d_b70e_135aa48d6f85
ddcfb638-c7da-4d07-9486-538d773a28fb,98,2017-11-27 10:50:00.0,ea9f25b4_2046_4259_8faa_540a700a192a
dfb5c195-4de8-4bf7-8c21-2110aaf798ce,40,2017-11-27 10:50:00.0,b1e9f29a_869f_4d2c_857e_cabfebe86b75
e289ed76-b5a0-4bc1-a902-4cf9b51378fc,65,2017-11-27 10:50:00.0,ea9ca1c4_c5a8_41ad_957f_8a5bb8f7db47
e2f192c3-cfe7-4ba4-9b26-949cf6cbb8c5,31,2017-11-27 10:50:00.0,1885e7c4_2bca_4fa8_968a_81e274bd6478
e56bd7b5-5576-4dbc-8a7d-aaac9405d90a,84,2017-11-27 10:50:00.0,bd025468_18c6_4345_823b_347165a0ca94
e59dc586-69b7-49dd-8d7a-17a6df7b03e1,58,2017-11-27 10:50:00.0,48a88b7f_9496_49b4_9f6f_288425f64c52
e679d7bd-0546-4dee-96cf-4af139c6a849,64,2017-11-27 10:50:00.0,cb1ae845_5c2b_4e44_9252_42a38eeb5a0f
e6eda25d-482e-4a10-aed9-3dce3cbd2048,44,2017-11-27 10:50:00.0,36af406f_4f62_4569_9eda_a2fa7ca7a8d2
e7870207-83d6-41cb-bd64-a6aa69a939cf,34,2017-11-27 10:50:00.0,bfd08952_3cde_4bd2_a1ef_dba4e469bd79
e7b69321-1906-40fe-a879-0a2a19bb1c1e,3,2017-11-27 10:50:00.0,5c331f3c_9332_4bcb_858e_a3a4ff8d3b89
ea0fefc1-3db9-4a8f-b4f8-f061b3587418,70,2017-11-27 10:50:00.0,9d2c2c1f_db1f_4e9b_9621_6e9565a4276b
ea432051-a390-402c-8003-28b6f2e0519e,2,2017-11-27 10:50:00.0,cb23b0ba_1602_416d_b273_4a7b708995d3
ead01787-9e2d-457e-8820-406fe3656741,21,2017-11-27 10:50:00.0,7879ff3f_3b10_4f1e_9cf4_c59f62b8ed10
ed1be400-b692-48c7-9ff4-1d40fd4c8485,4,2017-11-27 10:50:00.0,68196fee_8409_43ab_8791_30749ccfea3c
ee258bbd-b0bd-4519-b61e-3315e7da2a2c,32,2017-11-27 10:50:00.0,7b5cf1bd_bdd4_4899_abcc_878083a34a8f
ef9756a9-4a2c-4bd8-bf2b-a286ce590ca5,59,2017-11-27 10:50:00.0,6b43005c_a2fc_41e0_acf0_34ce9cf130f0
efff15a4-74b2-47cc-ac69-b813929ff17d,94,2017-11-27 10:50:00.0,57488203_5359_4447_8ec0_7b5a805438b1
f09b0277-b655-4be9-a752-9568c1822b7a,56,2017-11-27 10:50:00.0,e1db9af1_8ece_41a0_9cb1_884455a517e2
f116b501-54d3-4251-a9fb-9b11a42f1376,8,2017-11-27 10:50:00.0,b1e3f6f8_54d4_42d9_860c_10c4c0b60798
f229e985-a652-483f-be41-8ee2261963a0,67,2017-11-27 10:50:00.0,95d94c7f_81b1_4048_938a_3fe57fbcb85d
f4a1c4c3-b7b0-42c2-9a22-fc8695c25d35,95,2017-11-27 10:50:00.0,341aff34_b144_4159_a2a1_f317ac81b3b9
f7af4e46-3b40-4d11-a9a4-7575ffd04338,34,2017-11-27 10:50:00.0,f8cb5b6a_ab80_40fd_8f94_962249e82f41
f83b412a-696b-4a3d-97ec-ac259c24e6b8,39,2017-11-27 10:50:00.0,dd49818d_170e_4057_9550_31a9b028f9aa
f88916ba-5050-44be-a15a-fdd12fa5497a,99,2017-11-27 10:50:00.0,30880a23_68cb_4919_a7de_26afbc35f261
fb8f7e96-fa3e-4311-a7e2-e7815d18553d,43,2017-11-27 10:50:00.0,108553d5_3006_4aa8_889c_994f3f05e081
fbece539-852f-4f75-89c9-707e1db49db4,79,2017-11-27 10:50:00.0,f9ce6449_534e_4c14_9e8f_7945db84794a
fd23b5cf-44e7-4740-bd41-09dad6f76247,26,2017-11-27 10:50:00.0,353dfb80_290b_4fc8_938e_4fcbc105f898
fdb62d33-68d9-4a98-a61c-1523b378d2c0,20,2017-11-27 10:50:00.0,8beddd04_4e6c_4bfb_8984_f19f363118dc
fdfd3ae9-ccdc-4760-b64c-e14e6595e09f,86,2017-11-27 10:50:00.0,259b5be5_1b41_4c64_8f00_f705cce48e63
