0160752c-f1d6-4eeb-ab32-3b2517826a20,d9c36993_89a4_4009_9968_eba5f560051b,6013,2017-11-27 14:06:00.0,vSensor1
02a2e050-a1f0-4df5-98fb-16fda997ad8c,9b8ce7b2_f78a_40b9_8be3_bb0e59f123d0,5228,2017-11-27 14:06:00.0,vSensor1
03a5fbbe-828f-478b-8c85-8ea535fba078,1db6a836_d07c_408b_b9a7_02f9e71cfb43,4084,2017-11-27 14:06:00.0,vSensor1
04c08c81-8aa9-41c8-b1f9-99cee23d2aa1,c5c412e6_3aab_461b_811b_1d784849297a,2064,2017-11-27 14:06:00.0,vSensor1
051b3024-bf5f-41a7-ae2f-8f1c5efbdf14,d98ac240_6880_486f_9212_bc3fb9844314,5216,2017-11-27 14:06:00.0,vSensor1
05f3ce8b-1337-4261-9181-7ac923170d7f,e8a68f35_63f3_4710_a5a8_10d7ae97857a,2042,2017-11-27 14:06:00.0,vSensor1
085621f0-da99-4760-a6ae-9b2e48c8f217,c90e3272_e18e_4772_b0a0_815efc11ec29,3002,2017-11-27 14:06:00.0,vSensor1
08ddc827-a51e-462c-9f1d-504eeefa817c,866d8424_3bc4_4cab_9771_be956e7e95c7,5002,2017-11-27 14:06:00.0,vSensor1
093512d0-1e26-44cc-ab23-76e566690a1f,9dffa5ee_7e33_477e_83fd_509f8f1dadb1,6066,2017-11-27 14:06:00.0,vSensor1
0bcb5471-faa7-4dfd-aede-7b4582cd7e1e,b560ea49_a2cb_4bc6_817b_d27b9c31f614,3099,2017-11-27 14:06:00.0,vSensor1
0d7a2533-be88-410d-b83b-392b2fa281f8,86bad354_8d6e_4456_a736_908d4d7cc24a,2084,2017-11-27 14:06:00.0,vSensor1
0f6e15cb-acaa-450a-ad1a-1455a23715b9,79ae7890_c179_446d_ba3b_1c29082e6c3e,4092,2017-11-27 14:06:00.0,vSensor1
12030aaa-5284-4fb5-a4f0-377aa85b3626,8b47e9d4_0f4c_47a7_a685_901d67724cd7,5100_7,2017-11-27 14:06:00.0,vSensor1
13228ebb-4707-4c24-8f1c-7ff6789604f9,c4581224_7e32_4c3a_8de8_69bd8d81c178,6084,2017-11-27 14:06:00.0,vSensor1
148002ec-0afd-4cfa-b284-54ca66fa6b5f,9b995a60_1108_4775_82ac_14ea524590e3,1428,2017-11-27 14:06:00.0,vSensor1
1661ccb0-fbc2-47f5-8ff4-fbbaf83c18bb,9652ad75_33c0_4d02_95f2_11fc67ba6d15,5100_1,2017-11-27 14:06:00.0,vSensor1
1856cf91-a15b-4a91-8d04-381e2caadbd9,67a2ba08_12b6_49e7_ab38_c179e17ec850,4241,2017-11-27 14:06:00.0,vSensor1
19514f84-2391-437c-a63a-d7a363911617,1b642a87_ddf1_4e04_ab02_c455fb258e40,3044,2017-11-27 14:06:00.0,vSensor1
19a64da9-05b0-475a-a468-30c55c167873,09d0860b_9d67_46d0_97ef_dfda1813b0ca,2029,2017-11-27 14:06:00.0,vSensor1
1a533901-bc53-4c1e-b32b-e6248667ad07,6685a44b_ffd5_4ab2_be8b_528851fc6304,3065,2017-11-27 14:06:00.0,vSensor1
1af17df0-cfd9-494e-b2c8-333362505e78,cf973222_18c7_44ce_ac73_6fda58030651,4028,2017-11-27 14:06:00.0,vSensor1
1b3a633d-3df8-486f-99f2-237ccd213d57,f10a386a_bbc6_422d_9083_dcbae109e1c2,1600,2017-11-27 14:06:00.0,vSensor1
1b8b93e9-2d83-42dd-b09c-8ec7540f43e1,13fb027c_c8b1_4512_842b_1dc80faf2893,3100_2,2017-11-27 14:06:00.0,vSensor1
1cd90012-33ad-426f-a7ab-619abf81fb5e,bb44dce0_893d_4b6a_93ca_df08bfbebfb3,5231,2017-11-27 14:06:00.0,vSensor1
1df32eb7-1dfe-40f3-b99d-f1e9f213594d,33f184c2_8b6e_4f52_b416_febf4bdce5e1,2004,2017-11-27 14:06:00.0,vSensor1
1ea74cb2-6503-48ba-a1a2-a824e2a3a064,c3fc7dd4_b00f_40af_a5cc_82719cd06002,4069,2017-11-27 14:06:00.0,vSensor1
1f0b1160-b4fb-420e-8e72-501ce1555ba3,9f658531_c69b_4e76_b568_c20b0e0a7bf0,4065,2017-11-27 14:06:00.0,vSensor1
1f86661f-a4b1-4e69-bd9e-8824fa120f9b,dc51205d_693d_4de3_80ff_30a997c8cc33,5026,2017-11-27 14:06:00.0,vSensor1
200a56db-3b58-4ab8-a8f0-def1f031a7a8,876b723b_8a76_4cd5_813c_ccfbdcd5192b,5032,2017-11-27 14:06:00.0,vSensor1
20684d7d-c5c1-4925-9eb7-37737456fbe6,f6fad9c8_1ddb_48b7_abd7_7844a87f77ec,4100_1,2017-11-27 14:06:00.0,vSensor1
208da28b-1550-4370-8c9e-8bd7a2bacec2,f827b6d4_79a0_4699_8d9e_0b0409fbdc70,6084,2017-11-27 14:06:00.0,vSensor1
21135b33-f67c-4594-9274-b5abffbf5b38,01c79b6a_3407_4cbc_b990_daad75470034,4052,2017-11-27 14:06:00.0,vSensor1
22737d44-661a-4cc4-ae34-242e4b8d17d9,79c78d7b_622b_4942_86cc_4a5a588f4294,4243,2017-11-27 14:06:00.0,vSensor1
22808fed-5da1-49f1-a5ce-82c470116cae,12bf9145_2dbd_4e9a_ae72_99b3c501e4aa,2051,2017-11-27 14:06:00.0,vSensor1
22bbc0df-0015-4909-9b16-614ecf4995be,3132f860_8c24_41ea_a3f4_4c7901b4a29a,5232,2017-11-27 14:06:00.0,vSensor1
234e22bc-0cde-4034-b298-fe41cd856721,252ca0da_3f81_4952_bd73_a98ff716fb1f,1413,2017-11-27 14:06:00.0,vSensor1
23c01da9-3738-4df0-b79b-b50b9ee5bfa6,1f4c1ca3_fcd5_4806_84f8_591b17557ee2,6215,2017-11-27 14:06:00.0,vSensor1
26437efb-cdba-462c-bdd8-2ebad7810fea,66480c39_64f7_401c_b952_153b5dcc93cf,3208,2017-11-27 14:06:00.0,vSensor1
266f76ca-8adc-46ee-a707-b1afaf37691e,9ccfe562_2d8c_4254_9430_2a3d3a445f96,5011,2017-11-27 14:06:00.0,vSensor1
27a9985a-8452-4290-93cf-19956e2bf921,e4e47456_7316_47c9_86a6_0ebcff5ea929,1200,2017-11-27 14:06:00.0,vSensor1
281037ea-6cb4-4c7a-b682-bae3252b4246,732c3659_383c_4c2d_813e_df7764c5eaa6,2042,2017-11-27 14:06:00.0,vSensor1
2a502a16-fdf8-49c6-897b-527e57f656f5,7092293f_72ef_48b2_891b_1b6967642263,4066,2017-11-27 14:06:00.0,vSensor1
2a894df3-1088-4f6a-a87e-6e53ad4bef3f,17d62262_25c0_492d_8a01_e0283e81a4e1,5039,2017-11-27 14:06:00.0,vSensor1
2d00d882-391f-4ed2-9342-4c394b45cb38,f32af52b_8b83_4590_9fc1_d55254ff051c,5221,2017-11-27 14:06:00.0,vSensor1
2dcc951d-cd63-483b-9536-5a6f5008b41f,9910ee1c_1452_4944_a2eb_f2d9a68232e9,4222,2017-11-27 14:06:00.0,vSensor1
3391d41c-4ff7-44dc-8bdc-fa45165c2f33,110e53b5_f354_40d2_ac2f_53f9c85e6071,4052,2017-11-27 14:06:00.0,vSensor1
33b3cdc4-69ae-40c2-8270-2f20d733646c,719f0aa8_7a40_4718_8a28_4fa127dc5e63,2062,2017-11-27 14:06:00.0,vSensor1
36114c32-eb89-4856-8221-84bee0eab47e,44df50f4_9443_4fa7_848f_6de88d90781c,2209,2017-11-27 14:06:00.0,vSensor1
372ed48d-364e-4335-bf83-8143d01dd4e2,d1b4633e_bd78_47c2_b19c_440a281c3ad3,1412,2017-11-27 14:06:00.0,vSensor1
3747d08a-9cc7-45c9-a198-b366ef4d76f3,913323e2_5a80_44e8_8286_4eaef50b5629,1433,2017-11-27 14:06:00.0,vSensor1
3929eaa1-1a52-4cb2-8223-97308fe3f767,9ff07572_9353_4df5_a7e3_e492a20788fb,6066,2017-11-27 14:06:00.0,vSensor1
3abfcd83-2dec-471d-9ef2-c649658a3c85,99fd3a96_561b_4c0f_899e_e30f8dd62851,3243,2017-11-27 14:06:00.0,vSensor1
3d7d0a0a-b813-49bf-9853-bee8fb3fa3fe,132a2ebb_2a73_497e_867b_3f9d51158093,5052,2017-11-27 14:06:00.0,vSensor1
4007bcf3-e0b4-4e93-a77c-4f908f06811e,3d636fdf_5d5d_4204_822d_9c122d558f09,5064,2017-11-27 14:06:00.0,vSensor1
40e0f728-698d-4194-acd2-1fcf53a8ba18,9f4ff9b0_bc73_4e42_95f6_d035a3cc9b42,4074,2017-11-27 14:06:00.0,vSensor1
417aa60e-5144-4aaf-894d-635b23418b77,a5a2e75b_8474_4ec7_9104_f23113699b7b,4052,2017-11-27 14:06:00.0,vSensor1
42911152-60f6-4f5a-9b7f-b413bec7f511,0722929a_6b47_4acc_9b9b_5ee28e918df8,6024,2017-11-27 14:06:00.0,vSensor1
4309f012-285e-4048-8c02-71617c0d0a74,81ff69d6_649b_4bdb_badc_a04b391d3756,4100_7,2017-11-27 14:06:00.0,vSensor1
4398fda7-34c6-4ad9-9e70-5b213e266991,671eb15c_bf91_49b1_a7bc_7d7224b85822,2100_8,2017-11-27 14:06:00.0,vSensor1
465e7de3-5828-4dfb-b232-7249db1a52fe,b5bd0713_c3c1_4009_8459_4f50d4288f09,2100_5,2017-11-27 14:06:00.0,vSensor1
4870fc78-1f88-4462-8784-e1db96406f8c,7700ba23_95b4_409d_a9b3_535ccc09cb1a,4052,2017-11-27 14:06:00.0,vSensor1
48bfeb96-c925-4aa8-ac0c-0f073cb5c827,ebec924e_7ead_42a9_8800_c1d8e6fbc9b8,1406,2017-11-27 14:06:00.0,vSensor1
49ac3c37-76c6-49c5-a81f-7158a2e54983,08ff2e31_9af0_4494_86cf_24f643c26a9d,4061,2017-11-27 14:06:00.0,vSensor1
4aa105e8-4fae-4839-a090-ae2acf976351,4eefcbbf_7f84_488b_937a_eea8c8b5af3c,4232,2017-11-27 14:06:00.0,vSensor1
4cfc9b70-2e43-4af3-bba5-564901713311,95e80587_bdcf_4fd1_9489_98af666bcba0,4092,2017-11-27 14:06:00.0,vSensor1
4d2c664b-e99d-4080-8c3c-f4f5a7eba958,6bf8ed87_53bd_4191_8c70_17542312a5de,3065,2017-11-27 14:06:00.0,vSensor1
4fbd022d-61bd-4d20-a830-f601e5b179c0,53a919d3_09bd_4649_98a2_fed9f41de814,5100_5,2017-11-27 14:06:00.0,vSensor1
507df6e4-2e6c-47e6-8b76-8c2d16071525,be2d42e1_2a48_402e_863c_80ea65252f08,3100_6,2017-11-27 14:06:00.0,vSensor1
50a88ecb-50bd-4799-afc4-bba18393e0d3,9ab22ffd_7c52_45b6_8d59_c04b09526b98,3086,2017-11-27 14:06:00.0,vSensor1
5275346d-0b95-456b-b0fe-7710d60487a2,dc0ee937_a090_40af_8dec_3e9311d1302f,5221,2017-11-27 14:06:00.0,vSensor1
52c2550d-6caf-4d6e-86e3-197833cba929,28dfe299_038e_4ea8_ac7d_316127b44934,2059,2017-11-27 14:06:00.0,vSensor1
53042614-5c82-4b08-8ac9-9fcb771ddeff,5ae1cf9d_75a5_4424_99d0_f89d35d47132,3209,2017-11-27 14:06:00.0,vSensor1
53bfdc4f-fbb7-47ef-ad29-768a5bd4c45f,79f007c9_450b_425d_8bbc_85e1d5385b98,2002,2017-11-27 14:06:00.0,vSensor1
57a5d339-5868-47f9-996d-68e0019f23dd,5a390ec6_0c8a_44cd_88a1_daee34d77520,4100_7,2017-11-27 14:06:00.0,vSensor1
57b87634-85a5-4ba0-8687-16dfeaa4224d,d9247754_c14d_47fd_882a_ddc95f921eee,5072,2017-11-27 14:06:00.0,vSensor1
57fdcb31-fbde-43e1-af09-0183a7fec1a7,3813055c_5b4a_43dd_8541_20b3bece8882,4204,2017-11-27 14:06:00.0,vSensor1
58376e73-1f42-47ea-b577-fda845d4129e,3467023a_4922_402e_81ad_98c0a0215f1e,3058,2017-11-27 14:06:00.0,vSensor1
5933e595-bc02-4c14-87a3-294c18a0c178,f7b9745e_471a_42ef_9963_71554bb7da0b,5211,2017-11-27 14:06:00.0,vSensor1
5dcf4c3c-1ef5-4b4f-bb71-1f3e93da3061,3a68c833_87d0_41f7_b16c_5c2f6148abb9,6051,2017-11-27 14:06:00.0,vSensor1
5ed51aee-3b25-4179-bff8-5b85903106ca,4c91c057_3938_47ff_9633_971d74cf7e15,6062,2017-11-27 14:06:00.0,vSensor1
5f190dd0-f701-4c31-a2d9-07a4b281b9dd,0f2638e8_9d05_4ee7_b10a_ab27d80bde1e,2032,2017-11-27 14:06:00.0,vSensor1
607d4261-3edf-420e-b0b1-bbcafae7ad02,f5a01e63_6449_4342_a1ed_68689774a0d6,5013,2017-11-27 14:06:00.0,vSensor1
614edc8b-facb-4367-a90a-1f7ee4a2c6d3,a4c39042_7a40_4255_b850_f1ef83cbbb6b,3231,2017-11-27 14:06:00.0,vSensor1
61e0b7b6-72ca-4c69-b600-d64b61747093,e262fbc0_0edd_4708_a8e5_05db12a5c3a0,6213,2017-11-27 14:06:00.0,vSensor1
6368991e-8ccf-4bfe-8566-414ec9fd5eee,825c0e00_7980_455a_8ac7_a95a016fe5f9,2008,2017-11-27 14:06:00.0,vSensor1
64e7d1ca-ae79-42a5-b108-c61af477c37b,67256698_1c34_419e_bfd9_78ad22701555,3008,2017-11-27 14:06:00.0,vSensor1
650d3c53-9cc3-433c-a256-271b6c870b50,51c0d46a_c3d2_48c9_826c_095b95b11c25,6056,2017-11-27 14:06:00.0,vSensor1
6677d0fa-aab5-42b9-93b7-3de22c46431d,ac5c293c_3b75_4d45_a53e_a9827adc8f02,5013,2017-11-27 14:06:00.0,vSensor1
68564e0b-55ef-4e1b-b3ab-5e6a4dd337d1,a00dbed2_8b8c_460e_a980_5e0eaef37d32,5222,2017-11-27 14:06:00.0,vSensor1
6b119722-7d42-4e66-8d4b-987729a9082e,d43dc332_87a4_4802_adba_c8eb62ca3379,4072,2017-11-27 14:06:00.0,vSensor1
6b1d5f76-9d43-4d50-9ee5-0424c774e426,5ca20259_41ad_4608_8a1e_df135d2e4393,6219,2017-11-27 14:06:00.0,vSensor1
6ba1f2d4-10fe-4989-ab98-c54b7e0d4d2e,9b0be91e_8aaa_489a_bd15_9e7716b91948,3051,2017-11-27 14:06:00.0,vSensor1
6c594102-a1d2-43cc-baff-b32766869009,333fc4c2_a058_4919_b270_74d152889eee,1407,2017-11-27 14:06:00.0,vSensor1
6df99945-5e15-4b3e-a633-c21e5ff104ea,e0a8ec00_0996_4304_bc39_f9f0f89afb7e,3039,2017-11-27 14:06:00.0,vSensor1
6fc82cca-69ca-43b2-90b5-7976a9b43610,62c327fe_3e1b_4146_afff_08722959c81b,4222,2017-11-27 14:06:00.0,vSensor1
70236d04-f7b9-4662-a1a8-54bb9ed5874d,8df10cf0_6b38_4b22_83da_e859bb8f0ef4,4076,2017-11-27 14:06:00.0,vSensor1
705e34dc-a3f9-4c96-abaf-642461d93283,242ba48f_fd6e_41bf_8e29_d3441c090ddb,3226,2017-11-27 14:06:00.0,vSensor1
706d5d6e-43a5-4d0b-a9e8-97eac99bee44,b84c1057_5b0d_4ec4_9f1b_1e91acbfeaf2,4100_3,2017-11-27 14:06:00.0,vSensor1
71942aee-72a0-4604-9a1b-b3f53303727b,aa994aee_286b_462a_9736_21ac3e0b88f2,3228,2017-11-27 14:06:00.0,vSensor1
74e5b4c0-5e44-43ae-9e5b-7ccd3e6c00f1,3bb774c3_46ca_4346_a4d1_812d72a2dff0,3039,2017-11-27 14:06:00.0,vSensor1
76ba8e07-3bab-43d6-aa57-dd7e8a6b67b6,2017e88b_2f3e_447c_8cf9_e715c7a32037,5065,2017-11-27 14:06:00.0,vSensor1
77671df5-fc47-4fd1-96c6-95484e906384,9304bdc5_e006_41c2_8f80_97d8c0422e19,5226,2017-11-27 14:06:00.0,vSensor1
77fc9d56-78ef-481a-8d9b-aff1c500541f,6a6d75a4_663e_447c_a334_a63342017bde,5051,2017-11-27 14:06:00.0,vSensor1
7802d4f9-0991-4346-98a2-f17ebc31529c,user13,2008,2017-11-27 14:06:00.0,vSensor1
78183057-7268-47b3-baca-68ae0bc9e731,7d086174_ae63_47a5_80c9_d7554177ccf3,2029,2017-11-27 14:06:00.0,vSensor1
7a095cca-708a-4cae-a908-0e927db844f7,dc2c5e13_4ee0_4b51_8b93_ecc88888aaa4,3100_4,2017-11-27 14:06:00.0,vSensor1
7a7a1142-b5bd-403d-b3ab-e08c3e7757ef,b15dc5c9_1b6e_4f19_8de1_8906dcf61334,3212,2017-11-27 14:06:00.0,vSensor1
7cd785dc-6c25-4b62-9b3a-8edd55cfc4d9,aad69d23_153b_4ae2_b47c_24933c341c65,5100_4,2017-11-27 14:06:00.0,vSensor1
7e460aad-cde8-48e7-ad6f-567857da936c,cadbb151_f04a_49c5_b8ce_7bb65efff34d,5219,2017-11-27 14:06:00.0,vSensor1
7f62f035-4ad7-4412-b1ee-18d46e43f4b3,bb66454c_74fa_419c_89f5_338c87f84c3d,5032,2017-11-27 14:06:00.0,vSensor1
82b0c5ad-458a-4c0f-b232-5273b22b1504,6a4099d9_89ef_4827_a0eb_70e2f661621c,2082,2017-11-27 14:06:00.0,vSensor1
85699380-1480-4389-a0d1-a21f76b0d020,8205d6dc_80ab_4588_b4a2_62f048f6dd64,5062,2017-11-27 14:06:00.0,vSensor1
87084ba7-c6db-4d7e-847d-0a1cbc6d8357,bbbc3da6_b326_4c27_9df4_78c3639b84d7,2038,2017-11-27 14:06:00.0,vSensor1
882e2007-f94a-4dc9-b67a-d430966b3546,98b9d445_4569_410f_b9a4_558b97aac7e3,3231,2017-11-27 14:06:00.0,vSensor1
88b0f498-2aa5-4ed1-8665-13a2e647c52f,c655dd93_6603_4bda_a5ae_6bc5bf65c494,2065,2017-11-27 14:06:00.0,vSensor1
8996cdee-046b-4ec8-b067-212ac4a03cea,71018cae_67ba_402a_bb3c_443c6f6e0ea0,1423,2017-11-27 14:06:00.0,vSensor1
8a554919-aabf-4eda-b6be-c492efa278a8,4be9a34d_6991_4e74_9be9_292722457247,4100_3,2017-11-27 14:06:00.0,vSensor1
8ae34c4a-2a69-40f0-84fe-fc285b09c34f,9b6b5e4e_f859_4f4b_ab79_bdc489540502,5234,2017-11-27 14:06:00.0,vSensor1
8fa59050-201d-4804-a2f2-e2e3289e82d1,5100ddff_5918_4538_a784_621fff615f2f,2100_10,2017-11-27 14:06:00.0,vSensor1
8faa2dc8-301a-42b7-8888-db705bab7a43,f98241c1_e872_4a4c_9a2c_d3ba65b8002b,2074,2017-11-27 14:06:00.0,vSensor1
9056152e-ae58-4031-ac9a-b002f54be6c6,0876c84a_3bfa_4385_bd59_ea7e9547f9bd,2204,2017-11-27 14:06:00.0,vSensor1
91254243-5156-4b46-8728-cd9ca27989fc,9eb3cfa4_6fd9_4283_bb0a_9cb8dc6ce693,2100_4,2017-11-27 14:06:00.0,vSensor1
91acc83f-bb5b-43de-a0c4-26afb2bf62b0,53c712fd_02b3_4b78_b66d_73a410819dd8,5038,2017-11-27 14:06:00.0,vSensor1
98723811-2c20-4465-9488-a332eb4e9547,a4d32399_ba9e_4022_af5f_ff0089813c69,4054,2017-11-27 14:06:00.0,vSensor1
98c966ac-2a02-4b27-9614-4655b601ad8b,2a74db03_7bb2_4397_8225_0a81e5303fc7,6028,2017-11-27 14:06:00.0,vSensor1
9cb96fda-0698-4cd1-84c1-1f223912a787,344f05b6_6143_4fc4_8407_362dc48e3583,6132,2017-11-27 14:06:00.0,vSensor1
9d4e9581-cca9-42b3-92a3-1fd6b7d71fb9,4109d32a_6ae9_48e6_a098_e4ea2ce794bc,3099,2017-11-27 14:06:00.0,vSensor1
9e1b3988-a20d-40ae-b3b0-ba19ac8f9f6e,1ec40842_4065_45ba_a9aa_4c798bbb4bf3,4216,2017-11-27 14:06:00.0,vSensor1
9f4bb5f0-dc6d-4153-ae9f-4d463d82584c,0383fb98_8f97_420d_b808_f52d17dfb4d9,1200,2017-11-27 14:06:00.0,vSensor1
a0a47932-e163-4e4d-ab71-70d94b17ed54,07132ba0_a62a_482e_aa54_d68d0cac76aa,3013,2017-11-27 14:06:00.0,vSensor1
a0e16312-9fb3-4bd6-9535-b5099faa1366,9637a35f_44e5_479e_b14a_d581f5fbbf06,3069,2017-11-27 14:06:00.0,vSensor1
a0e1760f-966e-40b4-965b-3023d6634e41,d3ee2334_db04_4651_beb4_d45ffd73291b,2100_8,2017-11-27 14:06:00.0,vSensor1
a29192d2-155d-4080-b845-7b3f53dfd9d1,967e63cf_4878_4b74_b78e_1e2dda610c58,6064,2017-11-27 14:06:00.0,vSensor1
a5a90e7d-01f1-4521-afb4-5db2aaf74adb,acd13e9b_e786_4bba_81ae_648e341a3387,5100_4,2017-11-27 14:06:00.0,vSensor1
a63179f8-f4db-4bb0-9ef7-e5988635e287,835c010b_310d_4340_bd1b_93faeed20a86,5089,2017-11-27 14:06:00.0,vSensor1
aa75dc27-8df5-4af8-9966-209b8c865131,a8795780_acaa_4884_ba07_eb1fd9d43ab5,6042,2017-11-27 14:06:00.0,vSensor1
b0b255bb-ebaa-4b0b-bfbe-22c027713a57,20baac93_005e_4cc2_8481_cc4e6c4da000,2076,2017-11-27 14:06:00.0,vSensor1
b2d8f1bf-edd6-493a-94a4-a58a4180a307,46f90731_4640_47f5_aef3_65ca891e26b2,2019,2017-11-27 14:06:00.0,vSensor1
b3039bf9-c4e1-44d9-b06f-357643fa9ebb,22747d6a_fcdd_406b_8d9c_40d57fe353a4,3058,2017-11-27 14:06:00.0,vSensor1
b31f0aee-d270-4ce3-a403-6cb062bd6a3a,4ccd6e14_a3c1_438a_a525_f718ea065962,4224,2017-11-27 14:06:00.0,vSensor1
b35d3bbc-7663-4de9-941f-194744f1839e,08e95cde_3623_411b_a280_71f1ddf3a63e,1600,2017-11-27 14:06:00.0,vSensor1
b3820186-292d-43ac-a5d7-8120478e4721,7500b56c_be23_44ac_b984_a1644b9a41fd,5086,2017-11-27 14:06:00.0,vSensor1
b4005bc8-5628-4d45-ac68-db8474437e0e,863a128d_a67c_4d82_8fab_754e02dac210,5100_3,2017-11-27 14:06:00.0,vSensor1
b42bae92-f340-49b1-a23a-a97963f149f3,aca5456d_6865_4a39_a1de_dd3e994610d7,3065,2017-11-27 14:06:00.0,vSensor1
b5c9e11e-d26d-40b2-84b8-401caabfe4d0,018dd98d_b5da_4e74_995f_ee1cc7640e16,2100_7,2017-11-27 14:06:00.0,vSensor1
b63f19bb-7599-4f9c-b128-b6560d70ab83,036ef222_1bc3_47f0_b74d_599ee6000015,3068,2017-11-27 14:06:00.0,vSensor1
b895ddf9-9653-404c-b3cc-a175acc0039c,60cd22c4_3878_426c_8c98_9aeeedaed2cd,4048,2017-11-27 14:06:00.0,vSensor1
b8d17aae-f03f-4079-9d1e-df48edbfdc29,c4cb7fde_e657_43bd_b06b_def68f26040b,4026,2017-11-27 14:06:00.0,vSensor1
bb2238cf-e0d9-4b24-8947-430dd1981a58,3d9bdd91_9c12_41d9_a3b9_5ade03e1c875,2054,2017-11-27 14:06:00.0,vSensor1
bc701b00-91ea-4733-8625-97c9561b3d7f,e72fa7ee_dcee_4947_940f_df0bfe52bcf0,2088,2017-11-27 14:06:00.0,vSensor1
bdbc378a-ece4-4664-a4df-e3873bd244c7,dec6b454_75fe_451e_bb66_e459a232e619,3002,2017-11-27 14:06:00.0,vSensor1
be190e5e-a30c-40d3-a637-12d983f65609,d54eed8e_0e77_4662_9d3e_6931c0e96450,2058,2017-11-27 14:06:00.0,vSensor1
c2f21728-cead-48ef-a21a-16171569c05d,42847246_5f8b_4fdc_b9d0_7bfd9e8fa0ad,5221,2017-11-27 14:06:00.0,vSensor1
c4c3c1e1-7ddd-448e-8b48-dd6d47245389,2d765299_00b0_4bfb_8574_3b99673d3ff2,3100_2,2017-11-27 14:06:00.0,vSensor1
c604d1ac-55ca-4ae5-92aa-fd5111f0ef3e,bab361cb_9a22_4745_8739_add809d25919,2029,2017-11-27 14:06:00.0,vSensor1
c78fc05d-81d3-4488-bc29-3fe3084e1519,10b655af_7cac_400f_8332_0b045b255865,5212,2017-11-27 14:06:00.0,vSensor1
c82de043-53a2-4731-9f7e-da8d48b923ec,8c6521eb_b310_4c10_9135_be6b3517ae68,3088,2017-11-27 14:06:00.0,vSensor1
c861d3c4-22e0-4e7f-a337-0478a23aa127,726fe54c_1015_431a_b5b8_19832fb13623,3243,2017-11-27 14:06:00.0,vSensor1
c91ac544-929d-4056-b447-c8b868959164,d86615b6_d48a_43ad_89e3_a7bcf3f038b5,6213,2017-11-27 14:06:00.0,vSensor1
ca6fb05e-565d-4b3c-9cb5-ec45df6a3f5c,fc4ebbd4_d712_4ccd_88e4_e2945ca2eb3c,2004,2017-11-27 14:06:00.0,vSensor1
cbb00a55-f403-4b89-aa95-a2ebe28f9774,d2c5ff65_cc7c_451f_a4ca_818bb2a7bf8c,2054,2017-11-27 14:06:00.0,vSensor1
cd7d49f3-4575-4366-8412-2cb7450c3665,5f733418_79d3_49e3_ab02_1adeb015dbd3,6088,2017-11-27 14:06:00.0,vSensor1
d082dda6-6b94-49f8-bb5f-5776bf5c1155,aea1a21c_ad54_4714_9686_bcb586949632,3100_5,2017-11-27 14:06:00.0,vSensor1
d1b4e19f-b222-4b97-b141-e635e9a0b16a,a413acbf_18a6_4e71_8424_984f1bbfc266,2064,2017-11-27 14:06:00.0,vSensor1
d22a63b1-c305-41b4-8688-a94dc02781b6,d62b7e24_3d31_42ef_bc6b_e0f7580d4e8e,5204,2017-11-27 14:06:00.0,vSensor1
d23d40e3-d3ee-4b66-adcb-bc2dcce0aafb,f8cb6ccf_4267_4934_8cd3_d486f1016601,3074,2017-11-27 14:06:00.0,vSensor1
d35c397a-4a4d-4e37-9470-eb6d8d80c328,e54747d9_9c57_41ff_a799_c93af8ff2926,3209,2017-11-27 14:06:00.0,vSensor1
d6c11741-e491-44da-aef9-e0545a8126d3,878cafa5_a34b_48ef_90bf_162f3b373035,5100_1,2017-11-27 14:06:00.0,vSensor1
d7a50ef4-bfc7-431a-8df8-fd0574a7fcf6,ce484370_8bd4_4126_a745_fd71d1f4e761,3081,2017-11-27 14:06:00.0,vSensor1
d84d17ca-0098-4184-8b2f-96a64a7705ca,e9e93f9e_127d_42b8_8291_aaf333faae28,4074,2017-11-27 14:06:00.0,vSensor1
dad71ed5-0888-4abe-8282-164b5b28d776,62e0cd87_e80d_4c8a_acbb_625280cdb9cb,4065,2017-11-27 14:06:00.0,vSensor1
dbd62dcc-b9fa-4763-96a7-519a9b6dccdb,1b2c69de_1d9e_4d0d_bd4c_41a677511b76,3100_10,2017-11-27 14:06:00.0,vSensor1
dddc0ddf-cdaa-46b2-b452-9ef7ea73a536,26efffcd_e798_41be_ad67_d5dace70b71b,4008,2017-11-27 14:06:00.0,vSensor1
dfedc586-7a93-4b62-95d9-6cd9d6a8a05f,3536055a_d8d5_423d_808c_1ff88bc75e23,2004,2017-11-27 14:06:00.0,vSensor1
e0aaeff3-94b0-48f3-a67c-7a1840024470,7e202ca5_0c3d_4656_8d70_2565c0183863,5100_7,2017-11-27 14:06:00.0,vSensor1
e171a836-6b12-495a-ac9d-caec13115355,fefae54b_8408_40a9_af9d_c7c506528969,4212,2017-11-27 14:06:00.0,vSensor1
e3fe66d4-32c8-48d9-abfa-937172a082ae,d29004fa_a8dc_4d48_b472_884616384883,5052,2017-11-27 14:06:00.0,vSensor1
e49e6392-7eb5-409c-8c6d-a5d90af502c0,2ef921bc_c8b5_4273_abce_0b4ae6e2d7ca,2204,2017-11-27 14:06:00.0,vSensor1
e5008b20-2e01-40a5-acae-cfad4826ba4b,676568b8_ace9_41c6_a833_50f73ed8fed1,2008,2017-11-27 14:06:00.0,vSensor1
e64408d0-979f-4a4f-817f-20137ab9ff13,baa28792_aa8b_4b35_b408_d1b64b7aa8f3,2084,2017-11-27 14:06:00.0,vSensor1
eb868d20-6023-457f-9680-d70dd0d78e84,470dc9fb_21a1_485f_80a5_31da5452de97,2100_7,2017-11-27 14:06:00.0,vSensor1
eba98a68-81c5-4698-9af4-e9ac9614f2b5,2db4cc18_04e4_46e0_abf5_19a7aa3ac7f4,3219,2017-11-27 14:06:00.0,vSensor1
ebd31af9-c716-4592-acf8-a3fd7d19527c,231a1c19_df2f_464c_baa9_717a594d1057,5082,2017-11-27 14:06:00.0,vSensor1
ed112039-2a07-42cc-ac2e-fc006ebd18b8,bfc6ff7a_80e0_4c90_86a9_1a5681dbe9cf,1434,2017-11-27 14:06:00.0,vSensor1
ed55b475-13a8-4043-bb78-25fe43b425de,bf9ac1e2_94bf_4b4a_be62_e825a7b2a6fe,5099,2017-11-27 14:06:00.0,vSensor1
ee554c21-9c82-472e-95bf-96c83664fcef,9504e4b4_c863_42d8_a93c_8a98649ce459,5100_2,2017-11-27 14:06:00.0,vSensor1
eed9119f-1940-492b-94d8-8200bf8b61ee,c052790e_8606_4343_855d_5266d3a7afca,2061,2017-11-27 14:06:00.0,vSensor1
f20d5bc7-c49e-4199-afe7-7630943df67b,e61a6b09_ca93_46e4_8447_e9e08de27041,2089,2017-11-27 14:06:00.0,vSensor1
f3a1bbf1-3d8f-4527-97ca-6737234382c3,9c60b46d_f13a_45f2_8ba3_b067c665d1f1,6210,2017-11-27 14:06:00.0,vSensor1
f3b3c335-ddbd-4b08-9701-56a1ae408dd1,d1de8c30_1460_4a92_a4a9_40103d4e37e8,2062,2017-11-27 14:06:00.0,vSensor1
f55a4aae-0390-404b-9c6e-b3ec0ec05aed,63878ce7_3d25_4cbd_be5c_28a324e0390c,5209,2017-11-27 14:06:00.0,vSensor1
f7815a5b-9108-4688-8397-799c24e7c4b1,79dbf10f_1e43_4c27_9323_37555643c3fb,4091,2017-11-27 14:06:00.0,vSensor1
f8505877-2375-4bae-83c5-386b6a63d414,b6ce4b7c_c973_4b5b_97ec_2d64d68780f5,2061,2017-11-27 14:06:00.0,vSensor1
f887743c-2ea9-44da-8105-5cf465f90967,070075fd_41bf_4fbe_b8da_c9a1785e9ca5,3013,2017-11-27 14:06:00.0,vSensor1
f9c28ba6-c300-44b9-8a66-24835bfc0fc0,014cdfec_3aa7_45d0_a277_b5e291ee1e14,2032,2017-11-27 14:06:00.0,vSensor1
fbdda4c9-2d4d-4d23-9ceb-d2cfaa5a2ea7,73b1e4b2_e22d_4981_89b3_29b5f5a71be6,5216,2017-11-27 14:06:00.0,vSensor1
fc4743f3-d5d2-4245-ad86-206631ad068a,97ae58ab_4e86_433c_9feb_ecc8341a946f,6044,2017-11-27 14:06:00.0,vSensor1
fca2d097-3ab3-4916-9e07-4dd39e0a76bf,4edee91e_f86e_4aef_81c1_8cef32bd681c,3206,2017-11-27 14:06:00.0,vSensor1
fe091fe6-d6fa-467f-8498-de1d47a6743b,a766b157_d673_4760_a9ec_04236bffadc9,3204,2017-11-27 14:06:00.0,vSensor1
feeb2ad8-9fcb-4740-a35c-220c0d4ce1e7,871ae009_e802_4e15_9e16_74b58738e12c,4231,2017-11-27 14:06:00.0,vSensor1
006b44fd-f64c-4237-ba74-4727e38c67aa,ec3a708c_e6e4_4d56_bf60_a6d5d915b8ee,6062,2017-11-27 14:08:00.0,vSensor1
00854a03-4ca0-458d-9c18-fa890f4ddd98,c7d76836_ca8b_4ecd_9de5_cd4e5d362ac9,1600,2017-11-27 14:08:00.0,vSensor1
009c10f2-fe20-4ba3-9eaf-570a979f9c2a,2baf0a1f_6d3a_47bd_9137_05ea3692bda9,6076,2017-11-27 14:08:00.0,vSensor1
00a8198d-52bb-45ca-b72d-d7cbe0da76c1,f5d97a0c_ceeb_4800_bd70_3f0a6da43bdb,1406,2017-11-27 14:08:00.0,vSensor1
02232bdd-2950-4d40-b61a-bdfe02c3aac3,ca86d636_aed8_4ac8_9f6b_5bcd52e5c880,2052,2017-11-27 14:08:00.0,vSensor1
02661d2a-7958-42f3-a353-32560bc7c7e3,4004e66f_a56b_4b72_bc9e_ecdc3d08b810,6072,2017-11-27 14:08:00.0,vSensor1
02f776b7-5bce-4930-80b2-a028dc531429,ea9425ea_c663_46f9_8054_c1f4a6c9ce49,4059,2017-11-27 14:08:00.0,vSensor1
03570ccf-a057-4dbb-8739-89eeb406b29b,2a93b2c0_822a_4455_9322_fba8facca0a6,2208,2017-11-27 14:08:00.0,vSensor1
0366c3f0-0a9d-4da2-95b9-a07357701923,97ae58ab_4e86_433c_9feb_ecc8341a946f,2029,2017-11-27 14:08:00.0,vSensor1
045a0277-3313-4a68-9d57-d77bd92eed0f,8ba6c68f_b15c_4b85_b208_42b5171f363e,5100_6,2017-11-27 14:08:00.0,vSensor1
059d4226-617d-4b0d-a8bf-ca88b0139c02,b8717505_3310_47d2_a1e9_ad86584809f6,5019,2017-11-27 14:08:00.0,vSensor1
0756eee6-b2a1-492e-b927-006077bae6cf,9d83b21b_fab1_4f9b_b9a4_8f70a5113512,4219,2017-11-27 14:08:00.0,vSensor1
08872870-7799-4620-a0fe-54a4aabd319b,1732e0c7_386a_4e7b_b06e_14de0de087b9,3086,2017-11-27 14:08:00.0,vSensor1
09ba3c63-604a-43d9-9329-d7d2525c16fb,6d96dc6f_c96b_4d9a_ac41_bdb5e20bfd95,4058,2017-11-27 14:08:00.0,vSensor1
0c491d04-6e5c-4d09-8bbe-d4d1d8bbda2b,76f2105a_e256_4894_a1c9_170793211f3d,6062,2017-11-27 14:08:00.0,vSensor1
0f52ec98-3eb3-4391-bf5c-ee313b5f20cb,70092007_501f_45ee_b764_cbaf451038e5,3092,2017-11-27 14:08:00.0,vSensor1
128f986b-c4e2-4fa6-9735-b825ae94d6ca,b20aadf9_3027_42c1_827f_0e4eb260492f,4056,2017-11-27 14:08:00.0,vSensor1
1332431a-2918-45f8-b2e1-586848753820,dc0ee937_a090_40af_8dec_3e9311d1302f,3019,2017-11-27 14:08:00.0,vSensor1
14b1c964-2c25-4450-b24e-24b794a5da93,7500b56c_be23_44ac_b984_a1644b9a41fd,3214,2017-11-27 14:08:00.0,vSensor1
14e66ca3-d925-4ed8-a869-182650ab091d,1b855545_b993_40d0_b9cc_0ae8cec50f31,2209,2017-11-27 14:08:00.0,vSensor1
161a6cdb-1934-482d-9923-df687772208c,87ccbeac_a4a9_436c_b75f_87f7379a435b,2054,2017-11-27 14:08:00.0,vSensor1
1683e221-90cb-492e-8842-26b9b8035876,3d989978_d7b4_44ab_9d37_98c0f79c3306,2100_6,2017-11-27 14:08:00.0,vSensor1
16dc06b1-fde0-4422-b75b-ae443d80fbb8,55764c18_3594_4151_a162_19f1abd10cbc,2004,2017-11-27 14:08:00.0,vSensor1
176cb977-e2b9-44e0-aec3-7ce43a3ea8c8,fbbe9a18_bad0_41ae_9097_297601d28cbf,6066,2017-11-27 14:08:00.0,vSensor1
1c58e84b-19b4-482f-85e5-451ac8911a88,79cf499f_4d1e_4464_a937_baea6d3a9baf,3082,2017-11-27 14:08:00.0,vSensor1
1d373253-e786-4278-acec-7fd60ac53f5d,fbd799db_0940_4d78_a50d_bbec9bcc8105,3204,2017-11-27 14:08:00.0,vSensor1
1e35ee02-1730-45d8-987d-7a94d19295a2,5ad4bb6a_7b26_46b4_8d1a_432e6c4bfa20,1407,2017-11-27 14:08:00.0,vSensor1
1e619ebf-b97a-497c-9032-fac8a9d47f39,f1268a44_54bc_47de_9273_28eebeeda57d,4082,2017-11-27 14:08:00.0,vSensor1
1ee9f263-a9a4-459b-9d5f-7b2d4294825a,c4ff4c68_0191_4da2_9083_2b5077aaf497,2052,2017-11-27 14:08:00.0,vSensor1
2140567e-7cd5-48d4-a1d4-bdd8c3ff1614,48faacb5_41d4_499d_b3a1_1c7eda8e4919,2028,2017-11-27 14:08:00.0,vSensor1
2163e70c-db9f-492c-9b0c-19036f768877,8cf65e28_3699_41dd_8772_8d1b3483df58,4224,2017-11-27 14:08:00.0,vSensor1
22e75c77-74b5-4a96-9e46-15b24a196e93,97b6275b_96fa_48ac_a1e7_13513de487e1,2100_2,2017-11-27 14:08:00.0,vSensor1
26b45220-123c-4cf2-b1c7-e004f53635b5,083b593f_0d76_4151_ada5_ae4f85effcbe,6026,2017-11-27 14:08:00.0,vSensor1
26ca39ae-d10a-4289-b6d9-4dacb23803e7,1aaec66a_652a_4e1c_9967_17957f89ded4,1423,2017-11-27 14:08:00.0,vSensor1
280e47d2-e48e-43e1-85ce-5d0fa8ef2091,367f241e_7b18_4068_8af9_0107cdbb7f34,2089,2017-11-27 14:08:00.0,vSensor1
28806c17-b908-473e-b90f-e2ae2e710345,dffb9761_0599_4ba1_a277_72f4fae6f927,4219,2017-11-27 14:08:00.0,vSensor1
288e7346-d4eb-4709-ac61-ccfacf359688,c758aa8c_b68b_4dd7_9a69_2cab4340c491,6211,2017-11-27 14:08:00.0,vSensor1
2a735234-e500-4cc1-a9d1-81aa0b56ccb5,a766b157_d673_4760_a9ec_04236bffadc9,6072,2017-11-27 14:08:00.0,vSensor1
2c52d5f8-a8aa-4bf5-bd38-b243a69fccdf,d11fef55_804b_4473_9609_1c6de666d5f8,4032,2017-11-27 14:08:00.0,vSensor1
309235d6-5829-418f-b777-1bf9e5b1e34f,6c335dc2_f95e_4aef_b338_c653d75d948b,5081,2017-11-27 14:08:00.0,vSensor1
314e5835-65d9-461f-b1ab-a1b31d8c8a14,a1cd89de_ffdb_42f7_8650_d8616a230c72,6210,2017-11-27 14:08:00.0,vSensor1
3955f04c-122d-48b3-9f38-3c52bfc23636,63497b74_371f_47be_b9a0_f8d22d9b0754,2208,2017-11-27 14:08:00.0,vSensor1
39b4b2e8-cf3e-4331-a0e3-3b7b0a92b8c0,0ba7e508_58bf_467c_89ad_67a6f668274f,5214,2017-11-27 14:08:00.0,vSensor1
3cf06ef0-6a06-446f-9ec6-e9bd63006c8f,6b3fd3f6_ff12_48e6_b25c_3a56ab010c1c,4013,2017-11-27 14:08:00.0,vSensor1
3def86e9-24a7-4ee8-83c4-b5eccdc0c8ef,186f06bf_345e_42e8_9944_ac3386b17b28,3100_7,2017-11-27 14:08:00.0,vSensor1
3eef8fb8-b140-47cc-8e5e-bfe6ac66b9a0,fbd17a62_9ebb_4bbe_b5ce_f2ac1b4702dd,4004,2017-11-27 14:08:00.0,vSensor1
4220d1b4-049e-4c21-8d34-f207f328f5a4,eb7148ba_aa92_475d_b2c9_d760044a2b09,5072,2017-11-27 14:08:00.0,vSensor1
42f243e9-36c6-47f6-baa3-23aa2f279e57,365b761f_b10f_4493_868a_de2f91553548,6088,2017-11-27 14:08:00.0,vSensor1
433978ce-336e-4473-bdef-6ac7eddc0ffa,64ad3ee1_c1da_4331_9046_e0c417fc1a29,5088,2017-11-27 14:08:00.0,vSensor1
45a4d67b-b27a-407a-8855-ccfc83944239,c4b0c3c7_ff69_45bd_b984_ea79ea825f99,3064,2017-11-27 14:08:00.0,vSensor1
45f3e9ee-f777-462a-81d1-213689ea3180,ff519de8_0a5f_4f8d_b02a_3e5903f85679,4231,2017-11-27 14:08:00.0,vSensor1
46fd9eae-2968-4e2b-b0f1-ddc25c89132f,9eb3cfa4_6fd9_4283_bb0a_9cb8dc6ce693,3221,2017-11-27 14:08:00.0,vSensor1
496d58e4-ad86-44a5-9e39-e09c558cc2a2,8c079ab1_f301_455d_b7f6_e117d40e2405,6032,2017-11-27 14:08:00.0,vSensor1
49fc4fe3-c6df-42e6-85f3-5996447af5f1,aa18833d_4c29_4e5b_b6c6_66ac3eb2f443,6064,2017-11-27 14:08:00.0,vSensor1
4bda6910-8bae-4648-8ba7-7cd550031c4f,d8f6d7ec_8e02_4cfb_a086_f7dab85cc727,4086,2017-11-27 14:08:00.0,vSensor1
4f12dc13-36ae-45d7-871f-8ce9a03b8b88,e34e5d25_ca68_4236_beb6_6aa135726a4b,6028,2017-11-27 14:08:00.0,vSensor1
4f446849-61db-447e-91d1-fd1b2031f135,0673259f_3da4_486a_93d2_2fd99a30ff5a,2211,2017-11-27 14:08:00.0,vSensor1
50050f67-2bfb-444d-8e10-f6137de06d2c,ecb675e1_700e_4d5e_8f7f_c9abf4366b8b,5232,2017-11-27 14:08:00.0,vSensor1
51658025-21ec-4e2b-a763-ae27bfa1d98b,1f49e46a_2bb1_4751_9247_ecb01082fbf0,3221,2017-11-27 14:08:00.0,vSensor1
520853e6-f85d-4c4a-aa78-6f4e166fa294,60fef1be_5ece_4f57_be0e_ccd060edcbd2,3243,2017-11-27 14:08:00.0,vSensor1
5250a7d9-a950-4a04-8c88-524e574736fc,825c0e00_7980_455a_8ac7_a95a016fe5f9,4209,2017-11-27 14:08:00.0,vSensor1
54fe20a1-106e-445f-a734-968288576d43,b060b7d6_8d10_41ac_90c4_c2c83b6e6487,3059,2017-11-27 14:08:00.0,vSensor1
5690de90-547c-4e7c-8a3e-047319689cbd,319590f2_6c1f_4cf9_a9ce_65aca3dca9e1,4038,2017-11-27 14:08:00.0,vSensor1
5741e19c-ea2d-40a7-bb53-b22269d463ba,49ea1b58_b031_42d3_ab2a_c8a8d55b1b3e,5216,2017-11-27 14:08:00.0,vSensor1
57b714c4-0066-4925-b349-cdc3ffd6affe,ad2ad4b0_cafc_4452_b4da_2a7c68b1ec8b,2084,2017-11-27 14:08:00.0,vSensor1
57e65f82-3dc7-4f45-8dd2-2c28c5da67a3,037c3e31_bba7_4dde_9c26_1d422f1bd5f1,2086,2017-11-27 14:08:00.0,vSensor1
58a0525c-6604-49b3-ae7a-86d997831913,e52392da_108c_4472_97aa_011a59069d8c,5082,2017-11-27 14:08:00.0,vSensor1
59869889-a3cb-48ac-bd53-e626cbec201c,1b642a87_ddf1_4e04_ab02_c455fb258e40,4222,2017-11-27 14:08:00.0,vSensor1
5ea361a0-bf7a-434d-858a-2a64d78f84cd,a2b2775f_1dab_41b9_896e_81a175b7f272,1433,2017-11-27 14:08:00.0,vSensor1
5eee81ca-f132-4aa3-8b94-360f66ab43e7,2562315b_fa4e_4fa9_89a8_4333a11cc91e,3032,2017-11-27 14:08:00.0,vSensor1
5f455384-e478-4d22-9d75-ce4402899754,5d4af03c_d3a1_4498_8c9c_969005a78dc9,2026,2017-11-27 14:08:00.0,vSensor1
605982ef-62f8-4786-aa99-61ed71dc6f1c,b3f6ebcf_7b98_4bbb_bdb9_2d0c9947b284,2232,2017-11-27 14:08:00.0,vSensor1
607d0c1b-f6de-4d97-86b9-a928764d4236,4f2037ef_5e65_405d_9401_3060abd73d87,4061,2017-11-27 14:08:00.0,vSensor1
61117ce4-7b11-4ee8-aa2f-5809392a3a55,9236ca65_1d25_4724_9df8_661beb255856,6211,2017-11-27 14:08:00.0,vSensor1
62386b5f-979a-48b5-94c1-58fe04fceeab,756a78f4_e823_4ea1_be8c_2441b65c391d,3019,2017-11-27 14:08:00.0,vSensor1
62a64548-92a7-4b86-96da-b258e5e54c05,e4dbc580_b910_40cf_b746_15ace5b376bc,2219,2017-11-27 14:08:00.0,vSensor1
62bd24b4-5e8a-4e19-b722-61a3a18e78d5,318b9012_7f37_4123_b7a4_463c08d71bab,4100_10,2017-11-27 14:08:00.0,vSensor1
6302e6da-8866-4a15-aca5-88989bc855cc,060dc113_8659_46ee_88ea_cc2dfc033e31,1407,2017-11-27 14:08:00.0,vSensor1
640f6e02-f325-42a3-b01f-6e7decf51885,2f75a909_d617_4eef_b14c_ac71036a1008,5202,2017-11-27 14:08:00.0,vSensor1
644555ab-a926-4156-b3fc-4f244086d524,38a9c5ec_8714_4d25_96fd_4d194d9ed7b8,3232,2017-11-27 14:08:00.0,vSensor1
65b82c43-91f8-485d-b0c4-1e83f877c655,913323e2_5a80_44e8_8286_4eaef50b5629,4029,2017-11-27 14:08:00.0,vSensor1
67b76891-68d9-4e72-bbd4-2b959496f86a,94ecc82b_0f44_4114_9c91_349d1ae715e1,6082,2017-11-27 14:08:00.0,vSensor1
67ce7dca-172f-4d9c-bacb-6147999e9012,10723d5e_b72b_44cb_9d05_e22eaa59a079,4226,2017-11-27 14:08:00.0,vSensor1
67d40fcc-a896-4f90-85ee-20fdc576d96f,394b5d19_259a_460a_9712_62f75461e38c,5058,2017-11-27 14:08:00.0,vSensor1
6836024e-562e-44a8-a395-d6606cc3d7ec,268e75ca_0744_4559_bd00_f3aea7ad1b16,4224,2017-11-27 14:08:00.0,vSensor1
6875eb4e-be10-4fc4-aa89-87af0ee34369,d2a47c54_0b32_4658_8afe_edda5b88507b,4072,2017-11-27 14:08:00.0,vSensor1
688461a1-6a44-4e0b-9f1c-506e9a7208c2,4d9fb55a_eae9_4815_ab1e_6a1352d645cf,2084,2017-11-27 14:08:00.0,vSensor1
68d54412-ed42-4ec5-a3dd-3fb4bfa8fb35,19cb29ef_fce5_40e1_8c7f_99932a124cbc,3100_10,2017-11-27 14:08:00.0,vSensor1
6b1d9c5e-bd46-4f35-8ef2-124492dc9764,fceff7d0_1280_466b_84e3_253dad5d1925,3062,2017-11-27 14:08:00.0,vSensor1
6beb7c11-ea1d-472b-9a16-491efeb75a27,6a248b1f_107b_4d25_8821_98da85fbfdee,5048,2017-11-27 14:08:00.0,vSensor1
6c5de603-4459-4271-b6db-b32d590ed385,dc039a42_7de3_4331_8dfd_b4f22116d4d0,3054,2017-11-27 14:08:00.0,vSensor1
6da6685f-76f3-4030-9dca-b7f92ce1ffde,17269ab0_0831_4f87_a3f6_e9d5c03744a7,4234,2017-11-27 14:08:00.0,vSensor1
6e748fe9-05a5-4ef2-9ebc-cddf0f45cc9b,a6b4f598_18eb_46a5_95ff_e15ba776bafe,5206,2017-11-27 14:08:00.0,vSensor1
72963872-d000-439e-962a-73660efcd6c8,d96f3e2a_3c6e_4029_b9e4_01517ba43afe,1500,2017-11-27 14:08:00.0,vSensor1
73a02d22-11d6-4c02-bce9-ddf4ca19327a,2376f1f5_cb6a_406b_9e74_11cf211c84e8,3204,2017-11-27 14:08:00.0,vSensor1
76bf87da-faa7-40e4-ad19-29c582f3c882,69476ed2_c780_4083_b3b9_b3b0a7f7d080,2013,2017-11-27 14:08:00.0,vSensor1
7873d80a-b28a-4812-a321-5fd05bb9f074,a6cbcb4a_c7f1_4acc_ba31_4d3f597c99a2,6136,2017-11-27 14:08:00.0,vSensor1
7876c5d8-2e56-4e85-84a6-04ede0f500e1,bb44dce0_893d_4b6a_93ca_df08bfbebfb3,4044,2017-11-27 14:08:00.0,vSensor1
78fb95b7-2a8c-4fba-8aec-536ee7ae7e11,0b083091_1740_42df_9d5a_254d729a969c,2074,2017-11-27 14:08:00.0,vSensor1
7b239db5-25f7-40f2-a779-cff612d44f69,2ae3e537_033e_43a4_bce3_9687c1bc775c,3086,2017-11-27 14:08:00.0,vSensor1
7e11f8c2-4dd2-4581-bc91-49b4597ff55e,82ba124b_d49a_4064_a5bc_ec794e738f5c,4100_5,2017-11-27 14:08:00.0,vSensor1
7e731976-6b54-4d64-8676-d8fe175e6943,53f402ea_b714_44fa_b8db_358116c57b5d,2081,2017-11-27 14:08:00.0,vSensor1
7f21f5b6-a843-4a56-8b18-3a746189b0bd,b86cccdf_88b5_45bc_ba90_e559c03186ac,2002,2017-11-27 14:08:00.0,vSensor1
7f44dbf9-4344-48f4-a5dd-499d3dba5413,0f2fb25f_b2c9_472f_9846_984b6d6767cf,5048,2017-11-27 14:08:00.0,vSensor1
806dceb1-a72c-4217-8ca9-a7f8d46c4a75,06e24357_a5c2_4196_abb6_19cc614ebdb3,2004,2017-11-27 14:08:00.0,vSensor1
81d3f9c1-2fb9-47e5-ac98-12cfb5653359,29e9325d_a658_4b20_95dc_1a1637e856f0,5064,2017-11-27 14:08:00.0,vSensor1
82823699-6de4-4966-a3a2-4e992be0db62,13fb027c_c8b1_4512_842b_1dc80faf2893,4100_3,2017-11-27 14:08:00.0,vSensor1
83447ec3-1a38-4c2d-b100-56bef79eab79,f0a9161b_c952_4e1b_a2e5_4f778e3b6820,5026,2017-11-27 14:08:00.0,vSensor1
8439ebcc-61c0-4816-8d8f-8c613795dcff,65aac303_0e93_4bb0_a01f_b9cca950c3c1,2089,2017-11-27 14:08:00.0,vSensor1
84aa4e56-6da8-43da-afd5-40887708e343,f7b9745e_471a_42ef_9963_71554bb7da0b,1431,2017-11-27 14:08:00.0,vSensor1
857e061f-e3a9-4066-af5c-a869b20de5b6,f20b42f5_3507_448a_9d15_4f5b5df9cace,5011,2017-11-27 14:08:00.0,vSensor1
8cfb2265-a2bd-424f-b7ec-40663ce6bc72,51fae5b9_a6c4_4b2b_9559_e756e08e4f86,3204,2017-11-27 14:08:00.0,vSensor1
8e127df6-76bb-4acb-9739-d0f7cb4ed1b6,aa1a182e_b197_44a8_974f_90f2ddd26497,6029,2017-11-27 14:08:00.0,vSensor1
8e2dc23a-d46d-4244-a435-64c221606561,53864191_cc51_4355_921a_9e89a6c72a2f,4202,2017-11-27 14:08:00.0,vSensor1
8e302fe7-fba9-413a-8ee1-fe318d89e448,2ef921bc_c8b5_4273_abce_0b4ae6e2d7ca,2088,2017-11-27 14:08:00.0,vSensor1
9072d3a3-46cd-485d-ae00-2596681b4b88,bd3fc990_beff_45de_964e_c4e9400b36af,3209,2017-11-27 14:08:00.0,vSensor1
909a3ee1-244d-43ca-bf7d-40015e2e69d7,f0af80ad_5fdd_4fe9_bd91_a93d2518705c,3081,2017-11-27 14:08:00.0,vSensor1
945f391c-4b71-4ac1-b9f2-8971a589e58c,e8a68f35_63f3_4710_a5a8_10d7ae97857a,5081,2017-11-27 14:08:00.0,vSensor1
988224dc-192f-46c0-9892-f38458e6af59,071feac2_cf5d_4c8a_9ee0_b3dbb0431241,3100_6,2017-11-27 14:08:00.0,vSensor1
98ab3cf6-f20e-4739-b45d-92c266c69b93,858a1b6c_89b7_42b3_b63a_17692d87f170,4048,2017-11-27 14:08:00.0,vSensor1
9be5c15e-b943-4d09-9018-9524c9241007,b5117bdc_9c66_4eb8_a1b5_27c05c2ed64f,3232,2017-11-27 14:08:00.0,vSensor1
9c0cd853-9552-47dd-a15e-f0162ebfd324,5ca20259_41ad_4608_8a1e_df135d2e4393,4029,2017-11-27 14:08:00.0,vSensor1
9c72767a-ed7b-4739-9754-a3ea1662ab21,6e2a01f2_53e5_4e9d_8ac9_e6d30a327c43,5086,2017-11-27 14:08:00.0,vSensor1
9cc3b84b-8dcb-4b4b-b22b-44649b12f3fb,0bc62d34_48ac_4ea4_9563_f5be1779b0fe,5052,2017-11-27 14:08:00.0,vSensor1
9e18c12a-78c1-4862-8697-dd6426934de9,f294638c_d805_4d07_b0b3_3f7fff12b4ff,5212,2017-11-27 14:08:00.0,vSensor1
9f781b84-ea6a-480c-b55e-6fa43ff5edfc,541fa5cc_735a_44c5_a974_4e5e562648c4,6218,2017-11-27 14:08:00.0,vSensor1
a0429f9d-2ee3-4e4d-8973-354602148271,0d0d68fb_abcf_4658_ac37_5b51ba8de35a,1425,2017-11-27 14:08:00.0,vSensor1
a1249156-9434-40d9-aae4-a6523fccbb71,ec834c89_5f8c_486b_b220_86975ca458e2,4038,2017-11-27 14:08:00.0,vSensor1
a168c3b5-5650-4db7-8001-1f2bc9b9da16,c3e6a3af_81d1_42e6_b2c0_d987a471e959,4100_6,2017-11-27 14:08:00.0,vSensor1
a2cfbfe8-8c53-47a6-8e11-078c9eea6b19,0d793afd_5a3e_4ade_b487_d27020fe31a6,5065,2017-11-27 14:08:00.0,vSensor1
a3b34162-2311-4b06-9258-778c1030cd39,ea52bf61_5670_4bd4_ac83_29a9f1d689f6,2072,2017-11-27 14:08:00.0,vSensor1
a54f0b49-727f-46c1-9c03-b4fbb26037e8,c96e6950_1a83_43ba_9210_4fdb8cbfadc7,5100_4,2017-11-27 14:08:00.0,vSensor1
a7b629a1-eb95-4463-9fd9-c8cf90fff4eb,751b4c0c_088d_4c5c_82a4_33f6cec8a65d,1600,2017-11-27 14:08:00.0,vSensor1
ae80f567-2f6c-429e-a4bb-419564f34f1a,284f9d5f_479f_4fb3_a1d1_ddbf11f79262,2091,2017-11-27 14:08:00.0,vSensor1
afebe480-dcc8-4893-85e9-ef06bffedef9,c49abe1e_ef17_4c3e_8602_e3f919e4f1c8,3206,2017-11-27 14:08:00.0,vSensor1
b0eaa6ed-bc8e-4e30-a1da-0471c1dae569,87fd1900_88d1_4956_971a_1047b0a3b511,4208,2017-11-27 14:08:00.0,vSensor1
b32d0982-39a9-4d3b-9c0e-8bb52508ef98,b1e1113f_ff99_4dd9_9b50_63fa8463e55e,1300,2017-11-27 14:08:00.0,vSensor1
b36d79c1-806b-45b4-aa5b-5a53d7fc723d,92b4bd22_f807_4afb_8dc2_5efb20a6b9cb,4032,2017-11-27 14:08:00.0,vSensor1
b44ee732-f243-4a6f-86fa-ee88d6dc3332,0b4b06fd_9434_433d_b641_24f1f3a4792a,2231,2017-11-27 14:08:00.0,vSensor1
b54f8423-334b-4979-a7b7-dc2611f0c5c1,2f96f478_91e5_402c_b204_44de9c53cfad,6210,2017-11-27 14:08:00.0,vSensor1
b551a940-1582-4f11-a424-622fbe2a3531,90a78c6e_06e6_40b1_ae76_0f560c26ecdc,6032,2017-11-27 14:08:00.0,vSensor1
b687a8db-270a-4a6d-a25c-5135303f8269,5413b6d4_db74_47df_8fc9_3eac2cc307ac,4066,2017-11-27 14:08:00.0,vSensor1
b99aa508-4475-45c6-b62e-5ec3c4041969,33f54de0_6a6b_4009_b38b_59c68aba7562,3081,2017-11-27 14:08:00.0,vSensor1
bbca46ec-100c-4e32-b95b-816e94171087,827025f6_e288_40de_bcfc_d2738df03882,5204,2017-11-27 14:08:00.0,vSensor1
bc9df6e6-0042-4669-bcb0-28a57349d8be,6a4b76a9_258e_4397_80bc_7292905aa53f,1300,2017-11-27 14:08:00.0,vSensor1
bdea246c-6a28-4352-970b-bfe6655988b0,97aae4dc_31c7_433b_8492_3e5d9fc3c307,3216,2017-11-27 14:08:00.0,vSensor1
be40792e-1b7e-4c3c-a729-156a034e0646,e72fa7ee_dcee_4947_940f_df0bfe52bcf0,6136,2017-11-27 14:08:00.0,vSensor1
bf95b6b5-c493-4347-93e5-a0d3fd9fc52a,8cb1b081_2ed7_4aad_92e9_14c1681d401e,3209,2017-11-27 14:08:00.0,vSensor1
c26fc3be-a10d-4e4e-a10e-ff79bb6388f6,c7057985_d9b8_4533_8fc2_3e66f17d7a73,4100_4,2017-11-27 14:08:00.0,vSensor1
c2bd39f3-a8f3-4bd3-864a-54123ab37fff,92bba682_c7c1_40a9_a343_9142df63d93e,2029,2017-11-27 14:08:00.0,vSensor1
c3303a3d-5d29-461a-97d6-f3b1d841cf42,3c8589d4_ee8a_426c_b4ce_7d30da9ed090,4029,2017-11-27 14:08:00.0,vSensor1
c45a26b9-1e40-4244-b66b-c201e0d38014,a17edeef_d8ee_4404_99b2_eefb280f87c3,3100_10,2017-11-27 14:08:00.0,vSensor1
c622d91f-aeaf-457e-a214-108a6bfc4a5f,835c010b_310d_4340_bd1b_93faeed20a86,4029,2017-11-27 14:08:00.0,vSensor1
c720928d-c1cd-406a-ac83-8e7b74505afd,11581d37_d7ae_40ee_bbfa_ca1459e59c6f,4206,2017-11-27 14:08:00.0,vSensor1
c8058857-56f5-44b0-8008-8bf70b5c4828,57357ec0_149c_49fa_b16b_97d0147f1bfe,4013,2017-11-27 14:08:00.0,vSensor1
ca043521-2ecc-4e10-8295-7c12c4863513,b059aa1b_80b0_421e_8b2e_fc52f7b80dd7,6213,2017-11-27 14:08:00.0,vSensor1
ca04dbbe-b2d1-42e7-89a8-23c656311429,73ea0a65_b563_4bfa_a270_20cdaa2edc0e,2214,2017-11-27 14:08:00.0,vSensor1
ca053ff5-bc96-43d9-a1ff-218b3ab71a8f,2a1faa45_46f7_4d0d_b422_b3532ce966ad,4069,2017-11-27 14:08:00.0,vSensor1
cb3102c8-e50b-4834-8ac0-0a36eda8db8c,22679e3f_09f7_407f_918a_13632c90a6aa,2100_3,2017-11-27 14:08:00.0,vSensor1
cb452ec8-5a6f-4c17-8e49-0bf7c75f319d,58ce82c4_d0ce_4cc8_b651_dafadfebb3e2,1433,2017-11-27 14:08:00.0,vSensor1
cc79b8c8-a752-4a2b-bad6-ccf2fdcf43a1,fd6995ee_4221_4a75_8f8d_ff2ca3083d1c,4064,2017-11-27 14:08:00.0,vSensor1
ced26082-150c-4c4b-854f-132769940485,ffede482_9184_4ec2_bb54_ce469f5305b3,5002,2017-11-27 14:08:00.0,vSensor1
cf24193e-adec-4a55-b777-92fcef6c3a24,5549b7c1_f5ce_4031_ae23_fb4c6cae69c2,3211,2017-11-27 14:08:00.0,vSensor1
d3161b1c-3f14-4770-bff4-345287f02f5f,ff0fc22a_e612_4b61_819f_423629f082e3,3086,2017-11-27 14:08:00.0,vSensor1
d4d2c939-ac32-4d15-98c5-16dcbe0f222e,21a174fd_7d9f_4465_b33e_cd8deb4e4a34,5241,2017-11-27 14:08:00.0,vSensor1
d4ff2434-da07-45fe-9ddc-2e364866f1f5,b5bf12a8_1bbc_426f_b402_6134d218777b,2019,2017-11-27 14:08:00.0,vSensor1
d8accf35-25f4-44cc-ab08-7e29c31a8236,5100ddff_5918_4538_a784_621fff615f2f,4099,2017-11-27 14:08:00.0,vSensor1
dc4a24f6-241e-4489-b411-1c423463b3c5,ab640d7e_583b_42e4_9af4_b5670a65c1a4,4100_3,2017-11-27 14:08:00.0,vSensor1
dd047110-43c4-444f-be00-d508d9faef5d,f0c4ac15_1d1b_4817_8b92_997e39128b91,4100_6,2017-11-27 14:08:00.0,vSensor1
dd26be16-f5b7-4b9a-9a18-11ea471e2217,fd595ddb_5e4f_4286_baec_dc1a0ba52ffc,6219,2017-11-27 14:08:00.0,vSensor1
dd9ed304-536c-4c12-afd7-3bb94135bbbb,5de5b9d7_7d3a_4b54_84ea_9ebecf34eefd,5051,2017-11-27 14:08:00.0,vSensor1
e075e10b-1d9c-4a24-8224-8eb01dee5577,6b596da8_1c2d_446d_b316_6e4631cc8678,6042,2017-11-27 14:08:00.0,vSensor1
e217d1bd-c93f-49be-afbc-6201a84ea37a,e86c56dc_6cb7_475f_b128_e070d1dd5477,5013,2017-11-27 14:08:00.0,vSensor1
e2e84979-2f46-40b0-9d9c-07b7e980e75c,2a74db03_7bb2_4397_8225_0a81e5303fc7,5088,2017-11-27 14:08:00.0,vSensor1
e3665217-624a-4842-90bc-cbce3a0c7066,33296aca_1193_44e3_81df_575ad573ac40,4072,2017-11-27 14:08:00.0,vSensor1
e3f71a0e-b281-4ff3-9bf5-51c58235c4c3,980c761a_34bb_4a42_b0ac_f6d84c842687,5039,2017-11-27 14:08:00.0,vSensor1
e5b20a2e-fee3-4878-99b9-7bd13ac440a4,ac5d341c_c7ea_427c_bb6b_d5f1b46c9e7e,2004,2017-11-27 14:08:00.0,vSensor1
e6778a36-f9d3-4253-a293-f00801469efe,user8,1406,2017-11-27 14:08:00.0,vSensor1
eae8f960-49f7-4b0e-a280-2a2914297e93,8f73032b_3ca7_4f5d_9002_3b27e6971b0f,1413,2017-11-27 14:08:00.0,vSensor1
eb2482c8-43c2-4c7e-8d1b-03c8719f780f,20fb3147_bd70_4004_bd41_0e22070fe094,3100_10,2017-11-27 14:08:00.0,vSensor1
ec8587a7-9fe1-45ef-ade3-b44d4e99b1ae,cf3549ca_1f1e_4e5c_be13_e634bfd780ef,4100_1,2017-11-27 14:08:00.0,vSensor1
eff6465b-69f7-48e7-8a71-0c1c7efbd503,d8f81ab0_a3f5_42d2_83d6_e10539fa3648,3089,2017-11-27 14:08:00.0,vSensor1
f120d051-403c-4166-b3b3-d8901d5fbd11,a136065f_af49_4b13_8bd1_4ef2678db26b,5091,2017-11-27 14:08:00.0,vSensor1
f1817152-684c-44a5-9f75-95315975e6ab,user11,4065,2017-11-27 14:08:00.0,vSensor1
f25c5991-8443-4d10-a633-b6ced17c4638,54246d94_e78b_4e23_988b_e43857b262f5,2064,2017-11-27 14:08:00.0,vSensor1
f470741c-97b8-43ac-bb85-40412a982ede,d010a0ee_a9a8_4472_90cc_2321144a28fd,4072,2017-11-27 14:08:00.0,vSensor1
f47ac96a-6545-4aee-a699-c64b934e9099,219d6192_b97f_4624_a780_b2a888978f29,4011,2017-11-27 14:08:00.0,vSensor1
f4b45649-e922-4a1e-ada4-71e17d3ff0a6,08294e78_77d1_4c71_ae8f_79708aebf564,6056,2017-11-27 14:08:00.0,vSensor1
f528795b-d79c-4724-84da-455039189f7a,53fd9f3e_9f91_4bf6_9fc4_e96a8bf3dc79,3204,2017-11-27 14:08:00.0,vSensor1
f65c8fbb-cca0-4114-b205-54f774be093a,88f46e0a_72b8_439e_809f_cad0338396a9,5232,2017-11-27 14:08:00.0,vSensor1
f66c0dd6-8fc5-4ac1-8c80-f32a1751a9e8,6ca3a07d_1690_4fc5_9e42_1a45b4aa4350,3059,2017-11-27 14:08:00.0,vSensor1
f8757388-e97b-4e11-97f2-03d1022db96e,a0340f45_8a78_44fe_8af1_873fda2831ce,4091,2017-11-27 14:08:00.0,vSensor1
f889ee21-8482-4ae0-bcb5-9330f13dec16,17d62262_25c0_492d_8a01_e0283e81a4e1,2065,2017-11-27 14:08:00.0,vSensor1
f9598fa9-4d47-4506-b428-bbe3602d4a09,e9ec041f_f7d3_4196_9af9_18039dc355ba,2092,2017-11-27 14:08:00.0,vSensor1
f96bae49-7eba-4e98-8d57-9c14825f9d0b,082ef4f5_7b38_4cb9_b361_88a1b0b93d69,3069,2017-11-27 14:08:00.0,vSensor1
fa1f6c3a-6dfa-4266-bf52-e0c19c3ef3f7,0fb629af_82a3_4eac_b385_055938679581,3091,2017-11-27 14:08:00.0,vSensor1
fb5ba4b1-7de4-4664-91ef-09b6cd0e514c,929cf926_25c7_432d_8781_4b6e4cd44220,6032,2017-11-27 14:08:00.0,vSensor1
fe34ab6f-fed4-443f-99b9-c4d079ecf83c,039af6f2_bec6_4c5f_8aaf_b8b88ec57bf6,1403,2017-11-27 14:08:00.0,vSensor1
fe68a2d6-e61d-401c-9350-7364b21a80b4,524fa860_4af2_4fad_b531_1680313ff28f,6086,2017-11-27 14:08:00.0,vSensor1
ffd7b3d2-3fab-4577-a332-98d8c171961a,7f64bbd0_18a4_439e_94c5_d71625098cde,5228,2017-11-27 14:08:00.0,vSensor1
