0037882b-2ce9-4a20-a2e7-8062d0158722,ced468be_e0b2_4fc3_b07f_150099247370,3099,2017-11-27 18:42:00.0,vSensor1
01123f5b-ab3d-4edb-a597-208365afdd9d,cd10a829_ef63_4971_9063_b55f694ebfdd,1406,2017-11-27 18:42:00.0,vSensor1
050c5e25-038b-49d9-b3a6-4e51e7281289,75813035_3d41_4906_9992_e13564841bff,4051,2017-11-27 18:42:00.0,vSensor1
0981055e-2a38-4df2-85d9-819096c7b0b9,e4a8b361_bca6_4ea5_8043_0499f38c19b4,5243,2017-11-27 18:42:00.0,vSensor1
0a83e7f6-9ad1-4d27-ab22-4fd996dba772,3720a230_7386_42fc_a676_fde646c49ae9,2052,2017-11-27 18:42:00.0,vSensor1
0b8c7ef4-2d1d-414e-a730-c563bf1b7d2e,7f303f3a_8a4b_4be2_b754_0e0c3b13b516,2074,2017-11-27 18:42:00.0,vSensor1
0c299b07-f963-4b27-a7eb-d051dbea9d19,0eb7199a_33ed_480a_bd09_4854e10f5307,3019,2017-11-27 18:42:00.0,vSensor1
0c2d4df0-165b-43fd-933e-abe28dce6359,8f43146e_122b_4be5_8f26_bbc4a6e1500e,3212,2017-11-27 18:42:00.0,vSensor1
0d26c657-eec3-405d-93f8-ac3f33630d6f,53b43dda_4220_4f95_ad9c_81d747fa9f30,4202,2017-11-27 18:42:00.0,vSensor1
0e2eea08-9cb2-4986-af1e-c3641ba08567,fbac5a90_01b8_4bcf_ab74_035fca658e4f,5044,2017-11-27 18:42:00.0,vSensor1
100739bf-1c4a-4067-851b-4fc7465f22c4,365b761f_b10f_4493_868a_de2f91553548,3100_7,2017-11-27 18:42:00.0,vSensor1
14c4f94f-514b-4eaf-af47-dc82b91e873a,578a4c8c_b9d2_440e_ac7e_cc43ac7536ec,2100_4,2017-11-27 18:42:00.0,vSensor1
150f3c33-5d14-4919-836d-dcb7d460946f,2e8a6306_e0da_440f_8333_5434bc153a50,1431,2017-11-27 18:42:00.0,vSensor1
163cd0c3-2a29-4600-a7e4-ccb417cd521e,96082b68_89d3_4727_99ef_81e16d0141c7,3013,2017-11-27 18:42:00.0,vSensor1
19830cd2-70f3-47ad-8a90-5fdbaa2d845d,5277cdce_e102_41c2_9a8b_4aa71910fe14,5042,2017-11-27 18:42:00.0,vSensor1
1bfc12d8-e325-47f9-a8c7-83ce827237ce,720632b8_77b4_4b26_8b1f_7d4a9ad33eb4,2086,2017-11-27 18:42:00.0,vSensor1
1fe8c7db-37c6-47b6-8df2-e160821ba367,8c952bf2_099b_4332_893d_2a2616c32e9f,1422,2017-11-27 18:42:00.0,vSensor1
226d3d91-ab21-40d2-9863-c9ac8fa99016,7af5b836_e557_4c24_98b8_668bb273cc1c,1100,2017-11-27 18:42:00.0,vSensor1
22ca68ae-7547-4272-9390-12283dbaac97,bede97bf_94e0_4928_b636_69c87b9d4f5c,4056,2017-11-27 18:42:00.0,vSensor1
23b6fc84-f2f2-4c9e-aa30-e4214878abd7,e629771f_f137_4e70_91e2_94ec0a4aa422,4100_6,2017-11-27 18:42:00.0,vSensor1
23e5bcce-f5fd-4f99-847c-eafffbc7ec9b,a985c340_af87_4490_83f6_eaa149b71d95,6039,2017-11-27 18:42:00.0,vSensor1
26576785-199e-45ad-a0aa-4308561cf3f6,97588a16_fb58_41c3_b58c_29635514a2aa,4222,2017-11-27 18:42:00.0,vSensor1
283a94df-02ee-4ac7-9650-a209a2a089ab,9bdc6ff5_d2f6_42ef_887a_f96625dc5756,5002,2017-11-27 18:42:00.0,vSensor1
29d4f0f1-f856-451d-a59e-74844b9d4d6a,d51a9d31_b1a9_4f5f_bed7_ce826704de20,5058,2017-11-27 18:42:00.0,vSensor1
2a2c804b-f4bd-4a54-830d-e53ee6c55235,a05934ab_5279_4af1_8ef5_9cf408c3ca5b,2100_2,2017-11-27 18:42:00.0,vSensor1
2a30c46e-3d06-4133-bd08-7f553797d75b,97b6275b_96fa_48ac_a1e7_13513de487e1,2065,2017-11-27 18:42:00.0,vSensor1
2b834ec0-7b70-45a7-af91-4c3305367249,9a29a9d9_39c6_457c_9518_912dcacf20bd,5062,2017-11-27 18:42:00.0,vSensor1
2c3d46bc-8288-439d-9e57-4063f73b3595,e3442bf4_3e67_4b94_8d17_8fff2d73d9fb,3100_5,2017-11-27 18:42:00.0,vSensor1
2d553605-0a97-4ef3-a1fb-7fbd900d6685,b28ef384_8a36_47ef_950b_83d16d5e2603,2089,2017-11-27 18:42:00.0,vSensor1
2db135b8-9961-4831-be48-59713bdf03be,3d17d280_a727_407f_af81_e87f7b26bb97,3058,2017-11-27 18:42:00.0,vSensor1
2e747b58-9fce-4df6-80bb-182c800ca0a5,d5163a3a_4a6e_4ed3_826b_c3f76045d307,2069,2017-11-27 18:42:00.0,vSensor1
2f0497a9-bdaa-47ee-ab55-1bd69eab9597,c6392d84_2f17_41a7_b869_9008cb512ef5,4028,2017-11-27 18:42:00.0,vSensor1
310d8d0b-6075-418b-a68b-21d57f095047,4d84f0e7_1433_4945_9f25_17d0f3547712,5100_1,2017-11-27 18:42:00.0,vSensor1
33ceed47-f23e-4760-9146-31824834105a,21916eb3_5d23_4f25_b930_98a6a33dce9e,4232,2017-11-27 18:42:00.0,vSensor1
3421c961-4e4b-4918-b53c-1bbc7fc75724,4c110014_fd81_47bb_8a9a_ecdb06fef21b,6046,2017-11-27 18:42:00.0,vSensor1
343be79a-6d3e-479e-a56a-f3a61e9a7669,a0dca081_1a3a_453a_83d0_30a6a9b7136f,2100_2,2017-11-27 18:42:00.0,vSensor1
37b01bfc-47a0-4dc1-88fc-e2f511ac4ad6,75cca2bc_f98f_473b_a652_dc1439c0ab36,2061,2017-11-27 18:42:00.0,vSensor1
393ff136-b241-4ec6-9400-e7104d208608,1e8a5b60_2ce4_4090_aaf0_23a9713105a1,5091,2017-11-27 18:42:00.0,vSensor1
39750bd8-5ed3-4da3-9a2b-7baabe657dd8,9d649975_303e_44de_83eb_de3270760510,3054,2017-11-27 18:42:00.0,vSensor1
3abdaa28-dd55-4b69-a133-1c8ade961f43,4eb6a173_519e_4e0c_804d_76352a7aa38a,5212,2017-11-27 18:42:00.0,vSensor1
3ad8da87-fa30-4f52-a162-9a5fd336f820,26c0d77e_be85_4646_a0aa_838ae95460ef,6213,2017-11-27 18:42:00.0,vSensor1
3d254499-9b4d-4216-9fed-dd975996fbd5,d7b537dc_9c85_4209_9011_35acf4367116,5008,2017-11-27 18:42:00.0,vSensor1
3d2ea248-5e68-46e5-9164-344aeadfee38,3e523bcf_a824_4102_8eab_f9b9ab6db9c6,1433,2017-11-27 18:42:00.0,vSensor1
3d62a008-95bc-4092-9d85-a132b6e42c0b,d79b6869_2cb3_4ffa_a02c_6103b873e8f1,5231,2017-11-27 18:42:00.0,vSensor1
3d7be704-8c18-4350-bdfb-f1b1a96e1212,54246d94_e78b_4e23_988b_e43857b262f5,5231,2017-11-27 18:42:00.0,vSensor1
3fddfaaa-aca1-4e08-94e9-0c03c12772af,c3343fe3_d2dc_4d4d_941e_a6cffb1a6c57,4226,2017-11-27 18:42:00.0,vSensor1
3fdfe004-a009-4d44-a4c5-7a2177874acc,470dc9fb_21a1_485f_80a5_31da5452de97,4064,2017-11-27 18:42:00.0,vSensor1
400b97bd-0ab7-4ecd-95cf-d914a23072c2,1c342a25_d6ca_403c_8779_a3a6da479e26,4032,2017-11-27 18:42:00.0,vSensor1
418c85c7-95e3-451a-8ccb-5ede31b798a6,e44e1cd9_6522_4eb1_9401_97afbda271af,3013,2017-11-27 18:42:00.0,vSensor1
41c4f719-0d8b-44f8-a77a-ccebb0ddbcd1,26ef6ea0_9828_4acb_8768_fb1549f9f821,1422,2017-11-27 18:42:00.0,vSensor1
435c2b04-eb94-457c-800f-14e3b378437b,333fc4c2_a058_4919_b270_74d152889eee,4099,2017-11-27 18:42:00.0,vSensor1
437b1438-2d95-4e60-af6c-80d5b514efeb,bef55705_7ff8_429c_89d5_44af89de49c9,4029,2017-11-27 18:42:00.0,vSensor1
445f0c3d-695b-4a5f-bfea-ab9539df78d8,a50f804f_65f6_4579_90cc_0dcfa854a0d5,2069,2017-11-27 18:42:00.0,vSensor1
468add6b-3bac-4028-bb0f-59cf033db3d1,99f9d0c0_c000_43d6_b2e2_3d6a5692233a,6132,2017-11-27 18:42:00.0,vSensor1
46ff528a-32e0-4230-84db-b9d8993fc2f4,0b83493b_8e9c_4afb_891a_87f25417d691,4100_10,2017-11-27 18:42:00.0,vSensor1
4916a769-9a9d-4f48-83a5-6b5337c758c4,80b6602b_2415_4e02_b3d6_96892f46ad59,2100_1,2017-11-27 18:42:00.0,vSensor1
4e41175f-6e02-4550-8fc4-2023b66375a3,ea4b6343_8cd7_4a28_ac4f_c3b024a01874,4038,2017-11-27 18:42:00.0,vSensor1
4f682e45-a0bf-4ac5-b9e1-2d6f3cf6d93f,7d086174_ae63_47a5_80c9_d7554177ccf3,2054,2017-11-27 18:42:00.0,vSensor1
4fb103af-8643-40e2-a690-a4a5f3ed029d,b3f6ebcf_7b98_4bbb_bdb9_2d0c9947b284,2088,2017-11-27 18:42:00.0,vSensor1
5093bee5-3597-4613-b417-521db09de9b7,df850cd8_4bcf_4eb0_84bf_3cf04b3966bb,5029,2017-11-27 18:42:00.0,vSensor1
51c3b6b2-dcee-4dcd-8994-25155f34a79f,c3fc7dd4_b00f_40af_a5cc_82719cd06002,3204,2017-11-27 18:42:00.0,vSensor1
5320057c-c66f-446c-88a9-0e024b6ed244,abb17ac1_375e_47a2_bfc1_f02a4b951551,2232,2017-11-27 18:42:00.0,vSensor1
55ebecc7-0385-48e5-90de-08b7f63bedd7,d167f15b_c267_4015_afdd_f5bdd6699137,4232,2017-11-27 18:42:00.0,vSensor1
567cb094-455e-466b-9d09-2de86648319b,116ccf03_af5d_4d83_b369_e0fb127ca3d3,4072,2017-11-27 18:42:00.0,vSensor1
59c69ee7-8903-4f9d-90c3-aab0dc20fe3b,5471bc5b_8554_483e_923d_72b86babed85,4038,2017-11-27 18:42:00.0,vSensor1
59c90319-8005-408c-b668-989387de2cd6,6fcbf29e_0c4e_46d5_a175_c666f3d2c2da,5241,2017-11-27 18:42:00.0,vSensor1
59df789e-ae0d-4b7e-8d72-a74924162f4a,858a1b6c_89b7_42b3_b63a_17692d87f170,2231,2017-11-27 18:42:00.0,vSensor1
59fb74d4-ffb3-4357-a21c-93da5d91baf7,a48b7fde_db51_4cf7_95bf_685890eae729,6046,2017-11-27 18:42:00.0,vSensor1
5aaf0c5f-77d6-4d65-a395-50b0002aecb5,f9cea662_b047_4e45_a172_eeca434e0fcc,4062,2017-11-27 18:42:00.0,vSensor1
5b4e2ab6-6625-4071-b972-08c5b8973c15,fbbe9a18_bad0_41ae_9097_297601d28cbf,5008,2017-11-27 18:42:00.0,vSensor1
5c49c327-7c5f-4319-8b7c-9bd731a89435,bbf66a10_ca48_4a6f_8c2b_d8254ce609d4,5206,2017-11-27 18:42:00.0,vSensor1
5cb222b2-605d-47d5-b62d-83d456b4a264,e4dee505_bd2a_4e56_ac56_a68df7a1f061,5100_4,2017-11-27 18:42:00.0,vSensor1
66facce5-77df-45a5-8fc1-a87dfc2e7680,50c1e9aa_f2e6_4bb5_9b52_0fe7e7af0191,5100_5,2017-11-27 18:42:00.0,vSensor1
67480c7f-fbe6-4467-802c-8bca80e6817f,17269ab0_0831_4f87_a3f6_e9d5c03744a7,6076,2017-11-27 18:42:00.0,vSensor1
69270157-5d41-41e4-8a0d-4465d3ad0fef,1d451480_a277_41fd_8436_5b81551f3ad6,5204,2017-11-27 18:42:00.0,vSensor1
69f3727f-12f1-4c6a-865d-405032c4a2a2,671009ef_b12b_4a78_bc29_e4d3b951a887,4100_6,2017-11-27 18:42:00.0,vSensor1
6aeb449d-ed7f-4d6f-bbcc-7e7389761af8,5277682c_fad2_4c52_aaf9_3b7ead56fe7a,2100_9,2017-11-27 18:42:00.0,vSensor1
6c18d03d-857e-486b-9f58-9561f4bdcc3d,40e27fd7_c9d1_460d_9df8_b11716e04988,3100_7,2017-11-27 18:42:00.0,vSensor1
6eea72b2-48bb-4c51-8466-acc387bdf29d,1ad74239_edfe_4230_85bb_5486b5ed7d10,5202,2017-11-27 18:42:00.0,vSensor1
714d5292-8682-427b-9cdc-28c2fd62ad9b,fa6fc410_d6b0_4f6c_b3f0_c03673013676,6028,2017-11-27 18:42:00.0,vSensor1
73441ed2-d516-4e8a-99b3-02a797aee046,bf9e0b75_8e3d_4468_aa63_0e495ed143b6,4231,2017-11-27 18:42:00.0,vSensor1
73fdaef1-7c00-4eb5-b0d5-99308bc7325f,0673259f_3da4_486a_93d2_2fd99a30ff5a,5206,2017-11-27 18:42:00.0,vSensor1
767034b7-3a9e-404d-9d2b-cf091151936e,22b605a1_3c70_4ec7_92fb_313f1fdf68d6,4002,2017-11-27 18:42:00.0,vSensor1
7a45ad45-a78c-47a2-877e-c5c02d416a85,2811e84c_b262_4f45_a0b3_b65891a215f5,4206,2017-11-27 18:42:00.0,vSensor1
7be87972-40b0-44d4-8bae-c249ede856ba,7784415a_9690_4599_ad49_eb3a728d8fac,5228,2017-11-27 18:42:00.0,vSensor1
7c86e2dd-dd12-46ad-8c9e-5006ec8009cf,5e58e09f_3ea2_4535_919d_8ccee046268a,4099,2017-11-27 18:42:00.0,vSensor1
7dc014d0-82e1-4d4b-ae61-21357c0aea71,12896404_b0a3_4591_8632_e017a795a2ea,2038,2017-11-27 18:42:00.0,vSensor1
7dcd7c5d-675b-40ec-ae28-29fb08bc05f4,3fb9f282_1718_47ec_8b0a_dde60e23cc73,4026,2017-11-27 18:42:00.0,vSensor1
7f6c0d74-7b76-4063-ab0d-f3596572c739,c4b0c3c7_ff69_45bd_b984_ea79ea825f99,4084,2017-11-27 18:42:00.0,vSensor1
7f95a537-f8a2-4f47-ba85-020485cf86a6,2fcb7081_a62b_42e3_b507_9979e79eed8b,3028,2017-11-27 18:42:00.0,vSensor1
7fad2d68-1aa6-4258-89e8-e31221301743,7ce3285f_d928_431a_a797_69fc3fc82ed4,5069,2017-11-27 18:42:00.0,vSensor1
7fcb2dbc-86ca-4dda-af93-102cc89c4fd5,7de29203_5a5e_4b25_8e8a_4ed161ac2f13,6215,2017-11-27 18:42:00.0,vSensor1
82f6f041-74c3-426f-8ffa-ddf57b8a089e,d30deeca_afb0_4114_9c78_b30a78fb7688,2216,2017-11-27 18:42:00.0,vSensor1
83bff6a2-0622-4279-b67f-24507109e05f,8c28a3e6_8b8c_462e_9102_e0c4485be226,6082,2017-11-27 18:42:00.0,vSensor1
863a4362-0fd5-466d-a134-fd81a41f1244,b059aa1b_80b0_421e_8b2e_fc52f7b80dd7,4089,2017-11-27 18:42:00.0,vSensor1
86625928-154b-4982-8480-0cfe83b30b45,1f34113a_b238_452c_8d2f_477f9daa6563,3032,2017-11-27 18:42:00.0,vSensor1
8af25804-d8bf-438d-86e9-edafa3f37bc8,96cf5013_b105_4984_9af3_6fd703521d00,2224,2017-11-27 18:42:00.0,vSensor1
8b8184de-9a21-4d32-830d-2c3aa580ee1c,770ce233_1df9_442b_abf5_a077e2c570af,3074,2017-11-27 18:42:00.0,vSensor1
8b85d9cf-8231-40c1-ab2a-17fdc9368a6b,7d88f7ce_1207_4cff_9b2b_241c34d8fcf1,2099,2017-11-27 18:42:00.0,vSensor1
8bd5a552-2141-43ee-ab7f-c132d2bf48d0,a8cae1b9_a325_4297_9964_97a9d368b3e5,2028,2017-11-27 18:42:00.0,vSensor1
8ca1a24d-f040-4876-8e5b-b4dda3728154,f3bf2e08_af33_4e94_89a0_dbbb59f6d502,2019,2017-11-27 18:42:00.0,vSensor1
8ecb7982-97ad-499f-9ef1-be6a295432e1,aff52c0a_c3c6_4bc1_8b08_bb8731919cf0,4002,2017-11-27 18:42:00.0,vSensor1
8f30ade1-67e4-44c9-ac29-78dbdf3d865c,f56f2a59_2762_4485_aa52_e387eaae1372,5100_9,2017-11-27 18:42:00.0,vSensor1
91a14db7-a4a8-4259-92fc-62c553b20f0e,70092007_501f_45ee_b764_cbaf451038e5,4011,2017-11-27 18:42:00.0,vSensor1
93d1788a-b958-4b28-9c45-04eee2223544,f0c4ac15_1d1b_4817_8b92_997e39128b91,5208,2017-11-27 18:42:00.0,vSensor1
94ae36b6-1910-425f-9e30-6c4fdbf69c41,acdb2d7e_989c_454f_a54c_ff36db5d2d53,3222,2017-11-27 18:42:00.0,vSensor1
95930202-6c4c-44d2-bec0-dad520a52491,42e09bf5_23a8_4ad6_92ba_f8908f0ebe20,4044,2017-11-27 18:42:00.0,vSensor1
959871be-67a9-44e9-87c6-19d07909a67a,c3139703_0e3c_4314_ac78_1935e4378145,2039,2017-11-27 18:42:00.0,vSensor1
96fd972b-ce49-40f6-b515-86103872ad68,13e09eca_43c3_47bb_8eb5_ba4bb58a7c15,3221,2017-11-27 18:42:00.0,vSensor1
98374ae4-d05d-4e51-981c-a4708ac190c5,ebfa60c8_db60_40b0_bb40_c219bf0f6e7f,6036,2017-11-27 18:42:00.0,vSensor1
98f4a9d8-9027-4649-818b-14eadc9b602e,947e1dc4_e1a9_490e_b24b_6dc07ee949e5,5082,2017-11-27 18:42:00.0,vSensor1
9a252911-5106-4d5a-9a43-42f3fbbbaec7,d685004a_c1e8_4afd_938b_82c9f5b4fcb5,4222,2017-11-27 18:42:00.0,vSensor1
9cf2a413-108e-4743-a16d-5b991abc277a,1eab678f_c4f6_467d_b567_04a60cca922e,2089,2017-11-27 18:42:00.0,vSensor1
9e23db14-9b47-48e3-b838-3c9e964bc917,bb44dce0_893d_4b6a_93ca_df08bfbebfb3,4032,2017-11-27 18:42:00.0,vSensor1
9e8e0a41-ac40-458d-ac6b-12eeea550412,dd375cb3_cd2e_44e6_a844_00438d06bf1b,2058,2017-11-27 18:42:00.0,vSensor1
a2211bde-af0c-4b3b-9ec6-75a10027abf5,b60f1dfb_c61f_48a7_9457_e13dd3991ff7,5008,2017-11-27 18:42:00.0,vSensor1
a26ef13c-89c8-47dd-a8e8-3dc63731b116,4d71008e_bc52_4da4_8932_36b83a066cce,5084,2017-11-27 18:42:00.0,vSensor1
a4c28449-f962-48cd-93ce-e7b35a2351e0,f0c1e02f_2acc_4ec7_bbe2_7644b401c6de,6215,2017-11-27 18:42:00.0,vSensor1
a5520a12-9edb-4548-b900-b30ffcfa7755,cadbb151_f04a_49c5_b8ce_7bb65efff34d,3051,2017-11-27 18:42:00.0,vSensor1
a611aad7-56b2-4edb-9e23-b10887ce52c2,65e04d2e_c373_4c53_ba63_518a867c2086,1407,2017-11-27 18:42:00.0,vSensor1
a6777994-1a0c-4f34-8429-b7c23f431503,e5b207e8_dd01_4d95_b75b_4261f38141b7,6218,2017-11-27 18:42:00.0,vSensor1
aac5206f-2bc7-42bc-bd8f-3cb20bf78a9f,19377e5a_9e0c_4ca5_afc5_98d1c1325c60,2013,2017-11-27 18:42:00.0,vSensor1
ab0fd0b3-73c7-4965-8c28-3a2a7e7d9adc,2dc556c8_bdb8_4ed8_893b_855b2b2c958e,3202,2017-11-27 18:42:00.0,vSensor1
ad1d0df4-29e2-476f-ae9f-b06a16139015,bc0d0122_184b_4999_b430_54e99dd5b294,2216,2017-11-27 18:42:00.0,vSensor1
ad51ce32-a845-4979-863d-ac7ec429d8ed,a73e0a61_7980_4a29_a6ac_f259ea8ebdfe,2243,2017-11-27 18:42:00.0,vSensor1
ad559b07-cbb7-4241-b8e2-fc9ff8b194ef,da02e594_5b75_43dd_a4fe_15c95dbb557a,2099,2017-11-27 18:42:00.0,vSensor1
aed496b3-171f-4c9a-9776-34d1dae894b6,bbbc3da6_b326_4c27_9df4_78c3639b84d7,4214,2017-11-27 18:42:00.0,vSensor1
b1039d3f-0d86-415e-914a-efaaf8dc5df3,bc85738a_9c4d_4043_a002_37d3a3ca6b76,6034,2017-11-27 18:42:00.0,vSensor1
b37b7bb7-ec06-4215-b026-d23869593017,62ea9077_7576_4915_b06c_37a58cbe7c3d,5052,2017-11-27 18:42:00.0,vSensor1
b448ac37-bcb5-48df-bf3a-25d6c2d041f2,95e80587_bdcf_4fd1_9489_98af666bcba0,4082,2017-11-27 18:42:00.0,vSensor1
b58e1bdb-0013-4eeb-9bfc-7f3e8d559a36,dca87bad_2cc5_4fe2_b018_8075fd338170,2224,2017-11-27 18:42:00.0,vSensor1
b5afd645-b793-4764-b643-c20e5402eedf,48b33ae5_4060_4bb4_a57b_c775c6ebb3a9,3064,2017-11-27 18:42:00.0,vSensor1
bbc26431-bbf1-4c97-9c1b-52810c9ef731,f44d471a_89b8_45cf_9cdd_68eeeec9d31e,2048,2017-11-27 18:42:00.0,vSensor1
bcde08bb-19bd-4757-b852-8033c2ae5409,55bcbab0_9f34_4927_857c_0fb0c4819f18,3243,2017-11-27 18:42:00.0,vSensor1
c170d409-54a1-43b1-9971-8b650fad69b7,ccc1fa00_8d6e_4766_8b07_fa4d50826cc8,4072,2017-11-27 18:42:00.0,vSensor1
c22db6d2-cf88-43b9-9323-cfc7191f54e7,8604349a_f6e5_4644_9530_289db34969eb,6088,2017-11-27 18:42:00.0,vSensor1
c2df4f6a-6255-4e61-b437-05bef2ddca4d,e5ba14f5_604c_4c8d_abf4_720303692a80,3100_1,2017-11-27 18:42:00.0,vSensor1
c32152de-2541-4ca2-a012-e6d8da48a259,c8e1f309_98ac_4f01_96d3_f4642146002f,4039,2017-11-27 18:42:00.0,vSensor1
c3d23337-0d08-4e5e-bfb2-b491e6ddccbd,2d765299_00b0_4bfb_8574_3b99673d3ff2,2100_3,2017-11-27 18:42:00.0,vSensor1
c5cfd6ac-8717-40a7-b901-65a4a67ea2ba,3a207c75_90c2_4376_8425_35f59c54f742,2214,2017-11-27 18:42:00.0,vSensor1
c6bd222e-c00f-42bb-a9b9-ee57bf03a552,05dfe488_1c8c_49a3_b4a7_8ed618972df5,3061,2017-11-27 18:42:00.0,vSensor1
c78e34f0-be9a-4b53-88e7-33897b3e3062,89e30616_fb93_422e_8eed_8af41361de4c,6048,2017-11-27 18:42:00.0,vSensor1
c8454d59-8522-48fc-ba6f-f20d86500f7f,9bfd9cdc_6d8b_45be_a8d9_8b4e6f59cae2,4202,2017-11-27 18:42:00.0,vSensor1
c8fd464b-2289-413a-a730-fea331d7b357,0d0d68fb_abcf_4658_ac37_5b51ba8de35a,2214,2017-11-27 18:42:00.0,vSensor1
c9301337-5d81-46e1-9499-7c169e6b41e5,a78c6d2f_51b5_47bd_9e60_f25732938ce2,1600,2017-11-27 18:42:00.0,vSensor1
c937e05a-c108-48a6-82a6-8266e40fccd2,f1a75c98_9384_4d93_a594_a1d340b90778,2064,2017-11-27 18:42:00.0,vSensor1
c9f89d8e-7818-4119-884a-baa976d684ed,073acb04_83c1_4632_843f_d67f656bebbf,2019,2017-11-27 18:42:00.0,vSensor1
ca87af10-29a4-4fcd-9c60-7465e7068bc9,58eabba2_006e_40e1_aae1_13d0510e75ee,2100_7,2017-11-27 18:42:00.0,vSensor1
cae31055-c161-465f-ac12-fe6b01046dc5,c0c94d3a_7027_47e0_9479_2297521da3ba,5081,2017-11-27 18:42:00.0,vSensor1
cb3f446b-dd0a-4ebf-bcc7-820471561a99,6b596da8_1c2d_446d_b316_6e4631cc8678,4059,2017-11-27 18:42:00.0,vSensor1
cde4c08b-c135-474b-b189-95549d316129,159d13a5_bbe1_4bcd_8ffd_c7822a02ac16,6088,2017-11-27 18:42:00.0,vSensor1
cef04ac4-5aaf-4f62-bc51-0fc2d03c2f84,3b0e841b_499f_44b1_ad17_e359e45ab40b,2069,2017-11-27 18:42:00.0,vSensor1
cff2d4eb-7851-4e6e-a3a0-7dcc598da2e3,0130e2a0_c295_48bf_8b63_35d2141c5a28,3216,2017-11-27 18:42:00.0,vSensor1
d0439f38-0afe-4eb4-a84e-b6202bf0f118,6eac6c87_bc05_4835_bc27_8d90519fc7b8,3029,2017-11-27 18:42:00.0,vSensor1
d18a58b0-ef24-45b8-aac4-a705252aa592,d6a596b2_3a6a_4fdc_b66b_c5a463cb2a1b,3076,2017-11-27 18:42:00.0,vSensor1
d2cb8444-86a4-4542-bea5-4b306f97715a,2cbd64ae_8660_4077_aa7e_8e8082011806,6029,2017-11-27 18:42:00.0,vSensor1
d2cc59fc-33bd-493d-bcac-9bc8e13772cd,66480c39_64f7_401c_b952_153b5dcc93cf,5226,2017-11-27 18:42:00.0,vSensor1
d2d6293d-23bf-4651-8ce9-37fb90de1d7d,53f2282b_d423_40f0_9ca3_51af388ec08e,4064,2017-11-27 18:42:00.0,vSensor1
d3e7ae55-4940-452a-986e-25bac74be111,b5117bdc_9c66_4eb8_a1b5_27c05c2ed64f,1413,2017-11-27 18:42:00.0,vSensor1
d54143b5-ed3b-48eb-b4fa-a85e6666e0c4,9d0d56b4_e08f_4411_91b9_f68e320a075a,4011,2017-11-27 18:42:00.0,vSensor1
d58cba38-1f87-4fe2-863e-d30a8eecb49a,1814a202_177f_4fa5_b0fd_56353bddf37c,4221,2017-11-27 18:42:00.0,vSensor1
d5e3ed27-d0b5-47ae-ba9e-b479575bcf0c,7357a112_e370_4b00_a836_718d755dca10,6028,2017-11-27 18:42:00.0,vSensor1
d6b7cf52-a9d5-4b44-b5a7-f684bb8de618,74abc284_12c2_4539_b724_bec7e8aedd27,5051,2017-11-27 18:42:00.0,vSensor1
d7d4ce30-69b1-40ea-85e7-b53151b0a935,d273d343_f3bb_4830_a3e6_dcf578325bd8,5088,2017-11-27 18:42:00.0,vSensor1
d97b40b7-b85e-41ed-ad89-65539629371b,28959bc8_30c3_44c0_9d50_fdc64a66c09c,4204,2017-11-27 18:42:00.0,vSensor1
d9ad0cfd-8585-4a43-a0b5-a75f8e8e1b60,b4a1b98c_7348_4735_a8ce_c91ff9ada5de,5224,2017-11-27 18:42:00.0,vSensor1
db6ca70f-a580-4d82-a1d5-98290e7c813e,a89dd199_4cc7_487c_9e73_750314fb08b0,2068,2017-11-27 18:42:00.0,vSensor1
dc4c2aa0-6106-464c-918f-758dfb554484,a78b1d98_d73e_4740_8c15_ea6c2fd375e6,2084,2017-11-27 18:42:00.0,vSensor1
dc4f20ae-bf18-4f27-b34d-45986807c8ef,db87c474_aec7_4be6_81c8_34541b2d5792,6024,2017-11-27 18:42:00.0,vSensor1
de0a416c-cc7b-429e-8a1b-e2040c8e2419,69ac5b2b_fd42_48dd_b533_31f273f4aeb9,6036,2017-11-27 18:42:00.0,vSensor1
df782dcd-a986-4fc5-866a-1b45384ac9d5,97aae4dc_31c7_433b_8492_3e5d9fc3c307,5231,2017-11-27 18:42:00.0,vSensor1
e0f13f58-7012-441a-9e73-6be63923b802,192827ad_509a_4158_99eb_77d52045caae,2039,2017-11-27 18:42:00.0,vSensor1
e103b207-8ae5-4ae3-a9da-d9dd85cf38a1,8f54fa61_7b89_4014_b382_19c7da3d8f72,4061,2017-11-27 18:42:00.0,vSensor1
e150ec69-95c7-4527-b1fe-f70e1b9cbc52,2957a0c8_de50_4b81_b6bc_279dd90dcbc4,4206,2017-11-27 18:42:00.0,vSensor1
e281a9c5-126d-4a3a-aabe-e830fc659bec,f883ad99_de6d_4a8b_a6e1_70a989897e8a,4231,2017-11-27 18:42:00.0,vSensor1
e360c103-42d3-44d9-8491-29334c1c0890,cc7cd9a4_713e_4ef9_b304_39a41ba8d22c,1429,2017-11-27 18:42:00.0,vSensor1
e3dab99e-0b17-4aa1-95a4-7ddce31fd21f,a56f2edc_5035_4ee9_9e5c_ac64224bbeb0,6062,2017-11-27 18:42:00.0,vSensor1
e496bb62-b9ff-407f-94db-439e0c809fdb,b1412343_a938_4a4d_a010_dbe38630469e,5232,2017-11-27 18:42:00.0,vSensor1
e57784f4-f953-42f8-8ed1-27e1ab2b9c3c,592b4db3_0aec_46b0_98e5_08567e4b6553,4066,2017-11-27 18:42:00.0,vSensor1
e77c0cd2-01e8-4a70-b65c-e9d74562dc80,92e6dddb_4527_4a01_abe0_f980919b6507,3032,2017-11-27 18:42:00.0,vSensor1
e8ec7487-fa66-42d7-830d-23f48e3c8e12,3db7af07_79cd_47b7_a590_9b3c1040ea4a,1100,2017-11-27 18:42:00.0,vSensor1
ea679b47-9219-4d1b-a840-7dd2ae5f326c,7adcb127_abd7_4537_a44d_b4e2816dce2e,4032,2017-11-27 18:42:00.0,vSensor1
eaa0ca9e-8433-41b4-b47a-8a389afe9751,2ffd54e9_dd85_4725_8a29_5b949999f896,3214,2017-11-27 18:42:00.0,vSensor1
eabad0cd-cbfb-4e37-a589-d16dc7d9bd9e,3c079d75_f719_4ac7_93c3_dead7759ecfa,2202,2017-11-27 18:42:00.0,vSensor1
ead9f9b3-8a99-4bb3-bce5-96b8d43cff9c,f1219a33_31e6_41b8_9fbf_356bcbf040c1,5064,2017-11-27 18:42:00.0,vSensor1
eb0c8734-9409-4421-909e-938d27a1beb5,ab9f3299_1ad5_4e54_9ba5_177a13b7acfa,2224,2017-11-27 18:42:00.0,vSensor1
eb33bb55-ea63-429f-9216-da5128f29d5f,9304bdc5_e006_41c2_8f80_97d8c0422e19,2004,2017-11-27 18:42:00.0,vSensor1
ec7db181-03fe-4afc-b4e4-78d2cc99852d,392c1947_9660_4f3c_a4a6_02c5d81f5284,6210,2017-11-27 18:42:00.0,vSensor1
ed36f0a8-4da4-4107-a2fc-6c99d1454667,cfea84f3_f1bd_4541_a683_91b3a4fa3996,2042,2017-11-27 18:42:00.0,vSensor1
ee93064c-b045-460b-b16b-1c197990dc22,f828d08d_b0c2_4f18_aab9_999312895486,3054,2017-11-27 18:42:00.0,vSensor1
ef054971-d184-4ac8-8e26-d90a789362c0,060dc113_8659_46ee_88ea_cc2dfc033e31,2208,2017-11-27 18:42:00.0,vSensor1
ef647c35-c743-4ab9-9a7e-3968520ea73b,110e53b5_f354_40d2_ac2f_53f9c85e6071,2091,2017-11-27 18:42:00.0,vSensor1
f1ef504f-b693-417b-b114-cbad58f6a408,02104e09_fe43_47af_a6fe_1fe45be60066,2100_6,2017-11-27 18:42:00.0,vSensor1
f415f5bc-dfe3-4338-890e-5f0e4daf3f41,b20aadf9_3027_42c1_827f_0e4eb260492f,6066,2017-11-27 18:42:00.0,vSensor1
f4a3026c-d827-41de-b507-45615258ad73,523c021b_9746_4d37_aaf9_1098be255f3f,3088,2017-11-27 18:42:00.0,vSensor1
f680672c-6d2b-413e-bf54-fa745f3dc995,31589f2b_b079_4ef4_8359_d986fd58ec2a,3234,2017-11-27 18:42:00.0,vSensor1
f6ccea65-16d2-497c-a7ac-6223ea177f33,73b1e4b2_e22d_4981_89b3_29b5f5a71be6,4019,2017-11-27 18:42:00.0,vSensor1
fb689563-8a89-4705-9843-6831de6340b3,186f06bf_345e_42e8_9944_ac3386b17b28,3044,2017-11-27 18:42:00.0,vSensor1
fc40d61c-d2b3-4dda-a737-2eb35b0bfac2,411ab43e_6502_4543_a591_5b36f69678ca,5051,2017-11-27 18:42:00.0,vSensor1
ff3c2221-7b98-4b18-aa4e-6835e52a6bfd,dae6e034_0dd8_449f_92d1_bb3d9d2e5de3,1413,2017-11-27 18:42:00.0,vSensor1
0133c999-c3ea-4197-93a3-f39920dedf98,2ee2477f_67bd_4d9e_97e0_59065655ea0b,3211,2017-11-27 18:44:00.0,vSensor1
03cea399-a2d4-4187-ad22-763becc2a280,ad39ad30_8d8c_46c6_901a_a6e59cc12ded,3222,2017-11-27 18:44:00.0,vSensor1
03f85882-9eed-4897-a0e6-5209b4186200,be5d3276_dd76_4207_81dc_a862ac112e6c,4004,2017-11-27 18:44:00.0,vSensor1
043e3425-3d61-4d98-936d-3fb9a45f6c91,9b590fb6_40ba_40da_87e6_7fb3c096ac61,4019,2017-11-27 18:44:00.0,vSensor1
046b8ce6-df46-42b7-ae31-8305acd1c635,592b4db3_0aec_46b0_98e5_08567e4b6553,3089,2017-11-27 18:44:00.0,vSensor1
04d2017d-776a-4a2c-8ae9-a84658ac3d86,ccf2f072_6ff9_4c96_b5a7_181b6002e229,4074,2017-11-27 18:44:00.0,vSensor1
053edabd-0e57-43f2-9183-1df6aec19fab,99f9d0c0_c000_43d6_b2e2_3d6a5692233a,5061,2017-11-27 18:44:00.0,vSensor1
060b483c-d46d-4970-9ab6-861c1afbe392,f2f21821_74c6_4cb1_bd23_6913f72294fb,5082,2017-11-27 18:44:00.0,vSensor1
06de9a96-028b-49cd-a8a7-f48c1ba56c79,b98184ad_1c93_4593_b9d8_17d40c74f2aa,4208,2017-11-27 18:44:00.0,vSensor1
08266892-6a92-474b-b850-2aeb48eb2de4,3777e9ed_143c_4faa_b9cc_7a4c3e23fc97,3074,2017-11-27 18:44:00.0,vSensor1
092e8596-f47e-4fd6-95dd-d832bdf096a0,8df84772_7360_450a_a11e_f68e0eb3fce9,3211,2017-11-27 18:44:00.0,vSensor1
0a628923-b7e9-4e5b-8392-9ac2707d599b,1732e0c7_386a_4e7b_b06e_14de0de087b9,3234,2017-11-27 18:44:00.0,vSensor1
0ac98fd1-0b6d-4ddb-acbd-054dbade046a,1fdf3d92_edfe_4da7_aac9_1ea03129da7f,2076,2017-11-27 18:44:00.0,vSensor1
0d03cec1-82d1-40a7-a0f4-d3722de2da55,ced468be_e0b2_4fc3_b07f_150099247370,2100_3,2017-11-27 18:44:00.0,vSensor1
12ff1f32-080d-41d4-9723-0e156d7721be,fb0a2d49_2b1b_42fe_89da_88de216e1cd4,5100_8,2017-11-27 18:44:00.0,vSensor1
134102ba-5169-42c0-92a7-cc27b1c79f23,3a180311_2f2c_4936_8ad6_6cc1c2a0fbb3,5065,2017-11-27 18:44:00.0,vSensor1
15af1781-9b4c-454b-b62e-2036f255df65,81ff69d6_649b_4bdb_badc_a04b391d3756,3019,2017-11-27 18:44:00.0,vSensor1
165d4cb5-14fd-4a9f-a3fa-f8eba16d1286,25fc271d_22bb_49d3_a547_8fe9a60017f3,2076,2017-11-27 18:44:00.0,vSensor1
174b0573-9dd2-4754-b483-4280893382ed,baf02dbc_9131_4300_9122_89a829d11716,2081,2017-11-27 18:44:00.0,vSensor1
19579127-fffd-43b4-bcb3-a7818bcda19b,0e49d98a_9648_4a0b_8528_4813f3b88a83,3058,2017-11-27 18:44:00.0,vSensor1
1b6d1cb9-af71-4ccc-99bc-9ed3b19d4b22,fc898943_f5c1_48d7_805c_0a49a2a90936,3086,2017-11-27 18:44:00.0,vSensor1
1d2c848d-a644-4ca5-a20d-a4d7785aceaa,d52da2c4_ce77_4a9b_a943_188f8064bdb7,3048,2017-11-27 18:44:00.0,vSensor1
1df31ee2-243f-4300-afa6-dffc9c9d0bf9,6bb04d5d_f115_44f1_b747_69b283b3d2cc,2019,2017-11-27 18:44:00.0,vSensor1
1e362cd7-7a0d-48e7-9498-3dabe00ab648,b1e1113f_ff99_4dd9_9b50_63fa8463e55e,3100_5,2017-11-27 18:44:00.0,vSensor1
1f062622-fab0-48cf-9fb8-f83b9b20a308,c95fb750_4bbd_4a41_ad65_57c0d3b02c0d,3065,2017-11-27 18:44:00.0,vSensor1
1f3d3027-a68e-41a1-8d84-59be1021e735,b5117bdc_9c66_4eb8_a1b5_27c05c2ed64f,5231,2017-11-27 18:44:00.0,vSensor1
1fee0fa5-008f-4071-a72b-362ec9d41062,20a7004c_0e1f_471a_a2c0_52c61d912540,2100_4,2017-11-27 18:44:00.0,vSensor1
22002e4c-2286-4380-a972-b19d423b7877,85bec29c_17da_4b67_85c1_4512a2c12ee8,2058,2017-11-27 18:44:00.0,vSensor1
22957631-ce2d-471a-974d-92b0ec8aca99,cf718468_7fd4_4d30_b071_a8a632423226,6042,2017-11-27 18:44:00.0,vSensor1
22fb76d9-4a81-4c78-8d0b-207dc7bdb77a,f827b6d4_79a0_4699_8d9e_0b0409fbdc70,6032,2017-11-27 18:44:00.0,vSensor1
23230c32-df36-4b5e-9e29-cfea6e1c09ef,99380c91_6601_4ce7_8da9_74f204935cdb,2008,2017-11-27 18:44:00.0,vSensor1
247169e2-f6eb-47fa-ad9f-2f96ff7c1152,3a207c75_90c2_4376_8425_35f59c54f742,5100_3,2017-11-27 18:44:00.0,vSensor1
273270ae-5a21-4c59-887d-3d5487e2337e,27578ed0_27d8_4d21_9228_0df2952c21e2,6132,2017-11-27 18:44:00.0,vSensor1
2a7d4a90-f7f6-4cbb-adec-f047fbcdbc39,65bc96ec_5de9_4846_9973_0de40dce250b,4219,2017-11-27 18:44:00.0,vSensor1
2bae9057-8b23-4375-aa4a-0dac80e0ed70,3f6a31c6_574e_44b7_a74d_b91d0941f491,4100_4,2017-11-27 18:44:00.0,vSensor1
2e5644eb-4e08-425f-9e57-503b8015243c,2e1918c1_5178_4a1b_aa4a_c45fcbc92bd3,2204,2017-11-27 18:44:00.0,vSensor1
307c20e4-2dcb-4f15-b3a5-aee2d4ad45dd,fe1a1446_5bc3_4cea_a586_062265a37cd0,3064,2017-11-27 18:44:00.0,vSensor1
30bd67f5-8c25-4044-86f5-ae13030e710d,cb46c7a7_7bd1_4c51_a7b8_bfaa6e5aac05,1423,2017-11-27 18:44:00.0,vSensor1
320cb4e9-f742-4bf7-abd4-4536580b2812,833308dc_ede8_4f96_a72f_f45f21fec844,6210,2017-11-27 18:44:00.0,vSensor1
326a5e8a-831c-4130-9a56-ad8459bfb91d,48af10c2_823a_46c8_bcb7_a0c7117a66b7,2088,2017-11-27 18:44:00.0,vSensor1
33d7f58f-4209-4eaf-940d-b64fd98a5a54,300a741e_70b4_4447_8326_f0fc516290a0,5234,2017-11-27 18:44:00.0,vSensor1
36c233b4-5185-433d-a52c-66f19af2245d,ec3a708c_e6e4_4d56_bf60_a6d5d915b8ee,5029,2017-11-27 18:44:00.0,vSensor1
36dab7f0-fe3a-493b-92c2-2e20e815bea9,344f05b6_6143_4fc4_8407_362dc48e3583,3026,2017-11-27 18:44:00.0,vSensor1
381b867a-586a-4468-bb0a-634ad83f3ed9,44df50f4_9443_4fa7_848f_6de88d90781c,1431,2017-11-27 18:44:00.0,vSensor1
38847c82-3656-495b-b041-2d223756f72c,80f5bce2_8000_45bd_8b9b_66a6c7abbbdd,2066,2017-11-27 18:44:00.0,vSensor1
39cbcfef-baf5-4c80-a1a4-5e5a7354e540,fd53377f_948f_47d2_9123_7e20f499e252,5065,2017-11-27 18:44:00.0,vSensor1
3b012664-5d7c-4ab3-8397-fd3baf9dfeed,07bac72d_9cc4_48f2_88d7_4d21761d62c4,6213,2017-11-27 18:44:00.0,vSensor1
3d71200e-51e9-42c9-831b-edda96df8121,0cc316ec_9396_45c8_8991_dc36dafeb0cd,4052,2017-11-27 18:44:00.0,vSensor1
408dc8a5-c528-4cd3-a0f8-c136d9a569be,c318f271_b96f_4ef1_9c87_9f1ab8880f17,3100_4,2017-11-27 18:44:00.0,vSensor1
40b13563-e562-4a0d-a163-5879de7c98f3,aad69d23_153b_4ae2_b47c_24933c341c65,4241,2017-11-27 18:44:00.0,vSensor1
4144e5ec-232a-4e31-a457-0e4011cfc59e,4d425123_b81a_4f7a_9ca5_03a6950de777,5056,2017-11-27 18:44:00.0,vSensor1
4318a505-5ac8-49cd-acc8-c456e10d0e8d,e6f00310_08e5_4fd6_8978_ce5a22870ba8,3212,2017-11-27 18:44:00.0,vSensor1
44764bcf-231a-4395-9878-9a9475c079f4,55bcbab0_9f34_4927_857c_0fb0c4819f18,4100_5,2017-11-27 18:44:00.0,vSensor1
45c8f10e-e7f4-401d-82ab-e30872cc18e4,421aaab8_55bd_4218_951f_8b458844e4cd,5058,2017-11-27 18:44:00.0,vSensor1
4941e7ce-b276-4b22-9f0d-e05e93979467,26c0b64b_4178_4cde_a871_55ac1909f3f0,2076,2017-11-27 18:44:00.0,vSensor1
4a7ac488-a179-408e-a448-884b9f70195a,cfea84f3_f1bd_4541_a683_91b3a4fa3996,5226,2017-11-27 18:44:00.0,vSensor1
4aa54d82-8420-47e1-8ba6-969cfd5fa1be,3e319453_36a1_4fe3_9532_470bbff30cb4,5011,2017-11-27 18:44:00.0,vSensor1
4b37ee6f-64ab-44f1-a6e0-4b8bca51817a,c0d8357c_14d9_40a7_88e7_e208fad6c28e,2019,2017-11-27 18:44:00.0,vSensor1
4d3c918d-cec7-4462-8c78-b1da7c754ee8,727ce171_e5d0_4ac9_b1cc_e1bdbb17ddbb,5056,2017-11-27 18:44:00.0,vSensor1
4d750ff8-f896-4b50-bd25-094343cd40bb,23fe6eb4_1b0c_4f96_962d_7a2ea429fdc2,5221,2017-11-27 18:44:00.0,vSensor1
4db91c5c-26ae-4e29-a7fe-0688ba46e16f,9968024a_40aa_4096_bd94_def91c42e05f,3051,2017-11-27 18:44:00.0,vSensor1
4df5c47d-9b34-49b1-b117-a2c188d5aeb6,8a102937_b8ed_4953_a1b1_0f02a6c7b5b5,6213,2017-11-27 18:44:00.0,vSensor1
5545de82-e8b3-4aa2-983b-d6e81e88ba0e,2a1faa45_46f7_4d0d_b422_b3532ce966ad,6213,2017-11-27 18:44:00.0,vSensor1
561c4b98-511c-477a-868e-a4c9ecf12e5e,670c0a7d_35d5_4bba_9288_770af8b19fb2,4039,2017-11-27 18:44:00.0,vSensor1
56720668-0a91-485e-9d76-355e77221104,ad71c435_e929_4826_ae94_0206e0b55e89,4013,2017-11-27 18:44:00.0,vSensor1
5761d1e8-2213-4374-b891-6c6a275afcdb,d1a25c44_fd17_4f3a_bdd3_0b48c8ad68cb,5100_9,2017-11-27 18:44:00.0,vSensor1
58f28502-28cf-4d28-8d04-bd7dd155bc91,user5,2004,2017-11-27 18:44:00.0,vSensor1
5b2db44c-4b06-483e-bc80-251ab31f3d85,8358c62b_9909_4c36_a2dd_c5eac01fc71e,4084,2017-11-27 18:44:00.0,vSensor1
5bf8ba28-30fe-45f7-b91a-05c3ab3e0526,ad37238c_da70_42ff_943f_4ff8fdf3ff56,3054,2017-11-27 18:44:00.0,vSensor1
5d4d2547-eb17-4e04-bee0-76801ceec118,ec605896_ced9_40bb_a21c_3f4bff9634ab,5008,2017-11-27 18:44:00.0,vSensor1
60544334-3079-4ab9-9e76-3771dabef109,b059aa1b_80b0_421e_8b2e_fc52f7b80dd7,5011,2017-11-27 18:44:00.0,vSensor1
607b11cc-c039-42d1-8934-eec8da62e6d0,d1de8c30_1460_4a92_a4a9_40103d4e37e8,3008,2017-11-27 18:44:00.0,vSensor1
618bdce6-cc8c-4a0c-bca4-fd598ba668e6,2d453789_1387_47cb_9869_a98159619344,5019,2017-11-27 18:44:00.0,vSensor1
619b9ca8-b144-4a5c-8d21-bb5e7d07593f,2dc556c8_bdb8_4ed8_893b_855b2b2c958e,6136,2017-11-27 18:44:00.0,vSensor1
619f5be5-91aa-463c-935a-6e9a8159dc57,84ea7752_a595_4d6a_8abf_96ee3bc2008d,5099,2017-11-27 18:44:00.0,vSensor1
630ea2ab-8293-4606-80fd-672b7afbe5ac,72beccc9_2c92_4909_ac2c_f3056bdfd25a,3069,2017-11-27 18:44:00.0,vSensor1
63d1975a-74b1-44d3-804f-f738ba24d6c3,ab640d7e_583b_42e4_9af4_b5670a65c1a4,6046,2017-11-27 18:44:00.0,vSensor1
63ea3006-0b85-4cdb-9a27-eea809acc8d2,28959bc8_30c3_44c0_9d50_fdc64a66c09c,1434,2017-11-27 18:44:00.0,vSensor1
6417a3a2-173c-490b-b3f7-53eb96a321d9,abaf6127_9030_491f_81c3_a88e09136c39,1429,2017-11-27 18:44:00.0,vSensor1
64e4e8d3-0fa0-426e-9d4b-910c4aef856b,9a8e3aff_3f8e_4233_9855_7298cf56f67a,4214,2017-11-27 18:44:00.0,vSensor1
65eb13f0-341d-4968-b7b3-4abe33bccc7c,740e335b_2e5c_4271_9f03_4ea850a80868,5212,2017-11-27 18:44:00.0,vSensor1
67f3625a-cfe3-41fb-86b0-855f8143161c,f0c1e02f_2acc_4ec7_bbe2_7644b401c6de,2019,2017-11-27 18:44:00.0,vSensor1
6a715f23-9d61-4469-bc43-5707b262c1d1,d9eedfb4_1bb7_4eaa_91d1_481d7ba1b8ca,4064,2017-11-27 18:44:00.0,vSensor1
6a9e270a-77ed-46a7-83ae-c4a3c3dbf8f6,user9,3209,2017-11-27 18:44:00.0,vSensor1
6c2b4b81-9965-43dd-9a5e-ca5e6621832d,e1aee30b_ef40_438a_9786_96fea8bea19e,3100_4,2017-11-27 18:44:00.0,vSensor1
6e70ca67-62c5-42eb-8059-62d24556854b,97aae4dc_31c7_433b_8492_3e5d9fc3c307,6029,2017-11-27 18:44:00.0,vSensor1
6f92d40e-0c0e-4be1-8f07-b7b1acc7afe9,4b9fc4cc_31e4_42d5_80c5_d125a80d9036,5072,2017-11-27 18:44:00.0,vSensor1
75200d5a-e1f8-4dc4-b7ed-9934973c8c90,c3f1905a_6a3c_42d6_a6a5_d765f443fbf2,5019,2017-11-27 18:44:00.0,vSensor1
758071eb-826c-433a-ac6b-be99d910958a,1a87eb65_4217_4132_a50a_d6f52475d343,4072,2017-11-27 18:44:00.0,vSensor1
759be8a5-78d9-44ae-bfe2-7f10d699ceb6,6eac6c87_bc05_4835_bc27_8d90519fc7b8,5224,2017-11-27 18:44:00.0,vSensor1
765a4f68-73b6-4909-ae2a-52061cf433be,625a872b_3336_42c4_8853_615f31feb829,3051,2017-11-27 18:44:00.0,vSensor1
78517981-384c-4e69-9f0f-679720be5f00,ceec3800_9b5d_4f07_9358_b21b0e965f7e,4058,2017-11-27 18:44:00.0,vSensor1
785d1556-f3ff-47e8-9d57-6b326f4e20c1,2dae6c3e_024f_4422_8b0e_d3c89854455e,2038,2017-11-27 18:44:00.0,vSensor1
7d3e21f8-ab68-47ca-a6c2-b8e064c3ad26,63497b74_371f_47be_b9a0_f8d22d9b0754,2042,2017-11-27 18:44:00.0,vSensor1
7da720e1-2226-4ec2-b37d-35530d001d86,db87c474_aec7_4be6_81c8_34541b2d5792,5048,2017-11-27 18:44:00.0,vSensor1
7e5c40d4-2137-4149-9568-4742aa8b778a,99fb60fc_f7c9_4cae_8492_67091baab055,5241,2017-11-27 18:44:00.0,vSensor1
7e956cce-e595-4851-b0f6-359ef2d6dc36,62f4dc3c_9ef2_4a0c_86b3_ae8422d19fe3,2002,2017-11-27 18:44:00.0,vSensor1
7ebcf119-be4a-4ac2-9f89-9f24292c4e80,852bb39b_dc7d_4cac_9b8a_5d52b299b08e,1412,2017-11-27 18:44:00.0,vSensor1
805eaa52-2551-457b-9944-1906953fcec3,e72fa7ee_dcee_4947_940f_df0bfe52bcf0,1429,2017-11-27 18:44:00.0,vSensor1
808a0002-e3f7-4e95-943b-05e1a634d405,49b5704e_b814_41df_842b_a62a0c95789d,3209,2017-11-27 18:44:00.0,vSensor1
80acf6ca-5aaf-455f-9765-48723fb77bca,ba6aaac4_2273_4d37_b229_c4bdc89d71bc,5068,2017-11-27 18:44:00.0,vSensor1
811c6700-8fc2-4c36-99b7-0e3a26870c21,8188eb03_98ff_4a29_bd6f_ec1e967f0422,5219,2017-11-27 18:44:00.0,vSensor1
8226df98-d1ce-4c57-9fa7-7cbaca62ec3f,dee8cd95_ef7f_4e5c_9909_4aba4da9cfac,4029,2017-11-27 18:44:00.0,vSensor1
828f9141-57c7-4d9d-b480-c9d51cf6ece6,61448988_74fa_44db_8daa_1e13116f664c,3088,2017-11-27 18:44:00.0,vSensor1
83cbec74-9270-4117-9cca-742320b4ae3b,2f4b96c4_4c3b_4aa2_82ac_c011db6a44a0,4008,2017-11-27 18:44:00.0,vSensor1
8418540b-7398-4b7a-a4d5-3eb433f4cadc,a33ed0ed_ae06_4692_9caf_5409ee4041e2,4081,2017-11-27 18:44:00.0,vSensor1
8431949e-1611-42b7-92c2-e17589ad575b,0d08216b_d8c7_4a5b_a8d8_1390ca4c7846,4206,2017-11-27 18:44:00.0,vSensor1
863d1c3d-0b11-47d4-ab5a-a5447651e566,db9762ec_01bd_4915_b44b_7cbd529c8f9a,2038,2017-11-27 18:44:00.0,vSensor1
8864f16b-e8b5-4363-b6f8-dd0be40f77bf,3663b8c1_3137_4307_994a_c1aa6287ce5b,3069,2017-11-27 18:44:00.0,vSensor1
88c44275-5f88-4841-904a-16fed44a43bb,bbb0df33_19c5_4479_9330_fcbf86fc699c,4054,2017-11-27 18:44:00.0,vSensor1
8c1c259b-83f4-42cc-ad72-6a6339a65eae,aa1a182e_b197_44a8_974f_90f2ddd26497,4064,2017-11-27 18:44:00.0,vSensor1
8c58a32f-6fba-4b4f-9641-abdbb0db6cee,1f2699dc_2b59_4bf9_8306_0690c4d9e3bc,4056,2017-11-27 18:44:00.0,vSensor1
8cb85990-87ab-4ed6-bb10-b03e7bfcf95f,3a1ce14c_bad2_4060_b026_473f6974087f,6086,2017-11-27 18:44:00.0,vSensor1
8d17c769-a6ea-4eee-995f-46868bd13b45,0959946c_e88c_4989_878f_b71281ebaec4,2234,2017-11-27 18:44:00.0,vSensor1
8d98d8b0-3c93-41bf-b7a8-7edd549e2d1c,811428dd_8e93_40db_8aaf_293d3fe878be,6072,2017-11-27 18:44:00.0,vSensor1
8f1f7fb9-73b7-4319-ad0e-7d19c0f1c440,admin,2228,2017-11-27 18:44:00.0,vSensor1
90303270-39b4-42ac-b3ec-b73d1f831143,4794b3e8_9d44_467e_b670_e6230b94b5ba,2002,2017-11-27 18:44:00.0,vSensor1
904781e0-2907-4059-a5cb-fc1878c840c1,dd9b9001_eb74_4493_a06d_bb1aebb02f6a,3091,2017-11-27 18:44:00.0,vSensor1
92341f3d-d37d-4bce-ab0b-26e58a961841,86598db5_6629_4de8_a38b_24b0ad22ac6a,5074,2017-11-27 18:44:00.0,vSensor1
9262dc79-8d12-4923-9736-6292f00e6700,1dd30c68_a0e2_43d4_bc05_eba96e8c72f2,5082,2017-11-27 18:44:00.0,vSensor1
927987b7-475c-450f-9c74-0a459a4a1cff,6aa830c3_5fec_4fe5_ba87_e2bd687e4d61,5209,2017-11-27 18:44:00.0,vSensor1
932245e8-f582-4201-9f3b-38ecfeaedf9c,2376140f_084d_4826_b6bb_02cb012bfab3,3039,2017-11-27 18:44:00.0,vSensor1
93457e63-c923-47c5-8ba8-3372097b9973,8b94b6f9_3809_462b_b601_69ebbf551ccf,4042,2017-11-27 18:44:00.0,vSensor1
940b6eb4-2ed0-48fb-96f5-e3fb0c770d06,6201e4af_4360_4b8a_a943_a6f92bf13129,3019,2017-11-27 18:44:00.0,vSensor1
941940df-c490-405b-885c-849c6e177c8e,af621c0a_ffe0_4f0d_8045_f781a798aeb1,3202,2017-11-27 18:44:00.0,vSensor1
94c98092-8c7e-4189-91f6-750ffe27a34f,d209699f_480e_47dc_923d_6496f42fb518,2092,2017-11-27 18:44:00.0,vSensor1
9507953e-c104-42b7-a82a-3a360d3bee5d,acb64085_586d_47bc_9558_b82c50abf360,4216,2017-11-27 18:44:00.0,vSensor1
97d9270f-5f6e-472e-9263-db525852293f,4393afeb_cadc_42a8_b6de_544bd4d7ebaf,6026,2017-11-27 18:44:00.0,vSensor1
985b0512-5c81-4ef2-a173-2fe4fa4b7bc0,2b1feee0_23a2_4e78_8e72_ccf1b2db921f,5100_2,2017-11-27 18:44:00.0,vSensor1
98bfbd72-cd20-4ba1-a138-de6a610965ce,69476ed2_c780_4083_b3b9_b3b0a7f7d080,6039,2017-11-27 18:44:00.0,vSensor1
9a101c27-fc4d-4ac8-a427-d003aff03b3c,e9b31d8c_54e2_4203_8967_6f19687bdddb,3084,2017-11-27 18:44:00.0,vSensor1
9bd2a243-0780-458c-8f84-2cc9d6ac9497,58ce82c4_d0ce_4cc8_b651_dafadfebb3e2,5100_3,2017-11-27 18:44:00.0,vSensor1
9e02f918-e573-4ad0-996d-4adb9623f6d2,a8cae1b9_a325_4297_9964_97a9d368b3e5,6082,2017-11-27 18:44:00.0,vSensor1
a0373b64-a892-4ca4-933b-dafc4c8c8a99,77ac0d33_fee9_49f8_8956_9ed09de1f3a7,1407,2017-11-27 18:44:00.0,vSensor1
a2402479-3164-4554-b108-810875771ed1,c4cb7fde_e657_43bd_b06b_def68f26040b,5091,2017-11-27 18:44:00.0,vSensor1
a24f6576-eaf3-489a-8246-a526f26c75fb,74ccc899_0d3b_4f6d_a4cc_a868f9a4319a,4206,2017-11-27 18:44:00.0,vSensor1
a5a60708-4a18-48cd-890e-ded980d38f73,c224414e_df20_4113_9617_f169859ca2a8,5032,2017-11-27 18:44:00.0,vSensor1
a75051f6-d4d8-452c-b1e4-5fb0e95a400c,e7bde149_8d41_4e34_9037_669d69e3b77d,3048,2017-11-27 18:44:00.0,vSensor1
a87fc3d7-6fed-49f7-9a7c-acfe0c90a96a,11cab490_34b7_4022_a75b_5a5badbbcbb3,6026,2017-11-27 18:44:00.0,vSensor1
a9bc3fd3-4b29-4c9b-aac4-cd69cd426e32,9c6b9ef5_0a04_4620_9799_d795b24f048e,2042,2017-11-27 18:44:00.0,vSensor1
aa99d26e-6753-4ab5-b203-48ce1c67da4e,a28f6763_5db2_457a_8b07_0eb24b8ce507,1429,2017-11-27 18:44:00.0,vSensor1
ab70428c-7a3d-4dc4-b386-679923d67688,d858d4d5_109f_47c1_8608_e734284de3ee,3056,2017-11-27 18:44:00.0,vSensor1
ad34a81a-35cb-410c-9d17-a32720fb00df,d3ee2334_db04_4651_beb4_d45ffd73291b,3028,2017-11-27 18:44:00.0,vSensor1
adb5e2ca-e7f2-479d-ae58-a947645ab868,7949825b_5669_49ca_9056_0b80f541fab6,5069,2017-11-27 18:44:00.0,vSensor1
ae90b348-aef9-4f45-a68b-9a6e18e0bf23,90a78c6e_06e6_40b1_ae76_0f560c26ecdc,5072,2017-11-27 18:44:00.0,vSensor1
b12e5b62-d555-4826-98f1-5ae68633768f,7dd2b942_2d29_4e26_b401_25c6dd14b7a7,2241,2017-11-27 18:44:00.0,vSensor1
b3c7050a-6d99-434a-88ba-cc3090f36aec,1c342a25_d6ca_403c_8779_a3a6da479e26,5048,2017-11-27 18:44:00.0,vSensor1
b40d45a8-4529-4372-a714-8fcb7fe515ee,083b593f_0d76_4151_ada5_ae4f85effcbe,3212,2017-11-27 18:44:00.0,vSensor1
b6a6fe0e-8e30-40d5-88a1-911970df6c6a,4c91c057_3938_47ff_9633_971d74cf7e15,4202,2017-11-27 18:44:00.0,vSensor1
b8e9d003-68b2-4f80-8402-2916d19c2aeb,219d6192_b97f_4624_a780_b2a888978f29,3019,2017-11-27 18:44:00.0,vSensor1
bb236ccb-81c5-4d22-afaa-2d46e6bb44bb,8fc72fb1_b20d_4cef_ab33_fdcd280843ba,3212,2017-11-27 18:44:00.0,vSensor1
bb65895f-c45f-4e0a-ae08-a9a0f517d554,09078fe2_a6ba_4075_bdf4_6b5f351d7378,5004,2017-11-27 18:44:00.0,vSensor1
bd12dac6-6c5d-4bc3-bf48-552a60f79843,9d0d56b4_e08f_4411_91b9_f68e320a075a,3100_8,2017-11-27 18:44:00.0,vSensor1
c0461982-926e-4ed7-92c1-3ec7b170615a,751b4c0c_088d_4c5c_82a4_33f6cec8a65d,4100_9,2017-11-27 18:44:00.0,vSensor1
c30d81ce-1071-474f-b6dc-1bd92408c508,1d30c52b_f6b8_45f9_87ef_81249d97f208,4064,2017-11-27 18:44:00.0,vSensor1
c3de73c4-3a96-4d7e-a024-ae53d514f9e6,fee86b62_e950_4590_a99c_4e3c4b19f701,3061,2017-11-27 18:44:00.0,vSensor1
c400be31-cd63-4738-a2bd-df9fc89dbdd3,347b28e0_705a_4d3b_814a_d69c1b4aebb2,4100_2,2017-11-27 18:44:00.0,vSensor1
c5ee2d39-a07f-434b-a356-8a3219d59aa9,4c57ce2e_9c51_4179_9f47_5747291a700e,4100_5,2017-11-27 18:44:00.0,vSensor1
c70d7c68-0b29-4df3-8174-bd9949fab9ae,26ef6ea0_9828_4acb_8768_fb1549f9f821,2232,2017-11-27 18:44:00.0,vSensor1
c883e9b2-278e-4afa-9be3-2b074eb6fda2,55b78530_ebeb_4984_9698_94ceb519d1a5,4216,2017-11-27 18:44:00.0,vSensor1
c9760a13-aa6a-4742-b2a6-7bbbcf399585,5b585179_7380_4ce8_b9a6_36967d271c81,2221,2017-11-27 18:44:00.0,vSensor1
cabd131d-1af1-4dc0-a9f2-d73ac17cae63,c66cbbf4_0fc1_4064_9329_d45c966f9b1f,3088,2017-11-27 18:44:00.0,vSensor1
cb4f2aad-7553-45c4-8f92-07056e785270,878cafa5_a34b_48ef_90bf_162f3b373035,4202,2017-11-27 18:44:00.0,vSensor1
cb79cf2a-16cf-4fed-a8c5-a5ca81778a6e,2450bf21_ea5e_4a4e_b840_fd002b45b4d3,4004,2017-11-27 18:44:00.0,vSensor1
cbc5b1ea-faf8-43ab-b18b-4687f717f1f7,d37eaedb_3ed2_42ed_9a03_d45d85bab0a7,4059,2017-11-27 18:44:00.0,vSensor1
cec16016-5528-4d4a-84ad-4f0d0eafff53,1b93d1bd_97c1_4d3a_9b73_8ef138ea52ad,1433,2017-11-27 18:44:00.0,vSensor1
cfe50104-494f-4893-8253-f0ae19f02967,975ebc6b_397c_43f7_95ce_ba19d7df7b91,5068,2017-11-27 18:44:00.0,vSensor1
d0ad4c6e-3bf9-417a-95f5-44d6c2be9251,231a1c19_df2f_464c_baa9_717a594d1057,3222,2017-11-27 18:44:00.0,vSensor1
d2d390e2-3808-4398-b28e-e70964e375a6,0d793afd_5a3e_4ade_b487_d27020fe31a6,5084,2017-11-27 18:44:00.0,vSensor1
d2ef3688-fae1-4d35-b566-f8b7891edd8c,fb56054a_5ec8_45f7_87df_3e28121092dd,3243,2017-11-27 18:44:00.0,vSensor1
d41b002c-3483-4025-8bea-2e566e7f896a,87abdd31_bdc3_47ef_89ad_5d076b6be9d2,6068,2017-11-27 18:44:00.0,vSensor1
d6456b0b-d079-4bd7-aab4-11396d839dc7,92e6dddb_4527_4a01_abe0_f980919b6507,5241,2017-11-27 18:44:00.0,vSensor1
d6df8108-3a31-41ce-901f-b685c08c8a01,c9d214f0_3a30_4456_8b93_388759d39c0b,1403,2017-11-27 18:44:00.0,vSensor1
d7a5edf1-61c7-4b37-885b-91a6d9c42ebc,b0978333_a754_4cad_b37c_993ea1ff197a,3026,2017-11-27 18:44:00.0,vSensor1
d7c4401e-82c7-4b78-9d9a-569c37efa863,179e04fe_abc4_44e2_ae93_69867213b3ab,2100_3,2017-11-27 18:44:00.0,vSensor1
d8913ee4-051b-4e95-a5e2-b32f4ad76ccf,da02e594_5b75_43dd_a4fe_15c95dbb557a,3221,2017-11-27 18:44:00.0,vSensor1
da4b6793-c8ea-4c62-b2cd-f2a2d9257313,3f7348c4_0007_4f23_9561_c083f7d6b6a1,6136,2017-11-27 18:44:00.0,vSensor1
dc35836f-68e6-4528-9386-6f1e11dd04c7,22da00ed_327a_44fe_9082_67e1c22f1a95,1406,2017-11-27 18:44:00.0,vSensor1
e63b3c7e-8513-4483-ac15-e2baa987b517,b80778d3_f5c6_4bfb_8190_47b37d72915d,5100_3,2017-11-27 18:44:00.0,vSensor1
e6ce4a97-abca-40f4-bef9-f24f469bd1ee,3d17d280_a727_407f_af81_e87f7b26bb97,3054,2017-11-27 18:44:00.0,vSensor1
e8d6ce5e-7028-4a8d-a9da-8bd5d39cfb53,36f557b4_a542_44a5_bc0d_7ae92f080e32,1423,2017-11-27 18:44:00.0,vSensor1
e9c8f890-6893-4e9c-85f4-687d9722d451,82098c5c_03f8_4235_96f7_ed7be2c2c68b,3019,2017-11-27 18:44:00.0,vSensor1
ea8e2ac1-dabb-4ea0-91db-adc4f53d53ce,31ee12a7_c12c_473d_b077_5c289983c38f,5044,2017-11-27 18:44:00.0,vSensor1
ebbb76bc-736a-4114-8e73-b1e1372ef735,b950f69b_1abb_4525_a533_52d3a4cb2743,3044,2017-11-27 18:44:00.0,vSensor1
ec61f242-7904-419f-aac3-afff14430b0e,f817e256_116c_407a_888c_0117040c95be,6210,2017-11-27 18:44:00.0,vSensor1
ed51af9b-4ae8-4b6c-88cb-457b3eeda069,2ae3e537_033e_43a4_bce3_9687c1bc775c,3204,2017-11-27 18:44:00.0,vSensor1
ed8e5259-f20a-45cc-8b60-ff80828f1426,c07e57b5_a0cd_41f8_bf46_502b7f914899,4222,2017-11-27 18:44:00.0,vSensor1
eefbeede-9477-434a-bc65-2e2c8e6ec508,82eed826_9336_4a6b_aefb_5cd0c57d6012,5092,2017-11-27 18:44:00.0,vSensor1
ef3ee27a-15d8-4710-b689-d34fd5d70942,ceda69f9_f7ff_463d_a5e0_8076bb6b0f7b,3056,2017-11-27 18:44:00.0,vSensor1
efe8191e-0ded-467c-9e3e-bacaeda6bd9c,fbe91092_b868_43f3_98d1_04e0f50ee882,2048,2017-11-27 18:44:00.0,vSensor1
efee326e-8e11-428b-8a6f-edb9368cb5f6,489d2a59_64dc_483e_a93c_9ee500388824,3065,2017-11-27 18:44:00.0,vSensor1
f1a1e3f1-9824-457b-b7d3-6f5308f6ea74,51f7f6c0_7e6c_47e0_802e_4b87be9d4cb9,1434,2017-11-27 18:44:00.0,vSensor1
f4ecd03f-52d7-4178-9aba-e92bd7dd3148,f0af80ad_5fdd_4fe9_bd91_a93d2518705c,3042,2017-11-27 18:44:00.0,vSensor1
f700ed11-ee40-4287-ab4b-1d118053b067,dd151321_a731_4fa2_97cb_32d1123a963d,5204,2017-11-27 18:44:00.0,vSensor1
f790be05-9e0d-42c8-b63b-787489f33874,fbd9109b_05a9_4bdf_8eec_8173f1709786,3008,2017-11-27 18:44:00.0,vSensor1
f924ca0f-d70f-4172-bb51-7a6d1b15e536,99b16490_f9ba_48b1_8ce8_6739457a4972,3032,2017-11-27 18:44:00.0,vSensor1
f996d2d0-1808-4b7e-b589-8ea5fc0396b8,746c4460_d1ed_4fee_a05f_a54e7f616805,5066,2017-11-27 18:44:00.0,vSensor1
fa37c2ba-d5b6-4031-94c1-e31017b0bab5,b060b7d6_8d10_41ac_90c4_c2c83b6e6487,5209,2017-11-27 18:44:00.0,vSensor1
fac3cf87-7858-4fe5-90f0-1155fee3b9e9,93ae5837_88a6_40cc_82f2_09937de82e41,4076,2017-11-27 18:44:00.0,vSensor1
fcee7049-4cfa-4c4b-b5e2-5edc3441527d,1fee656a_e744_48d5_815c_7930df792b51,2059,2017-11-27 18:44:00.0,vSensor1
