01406a0b-32bf-41c2-99f2-42591f201c1d,310b4116_fba6_4b19_ac83_6297036e5086,5052,2017-11-27 19:06:00.0,vSensor1
0575221f-1c11-4bef-beff-5109e747adc3,cd788aef_83f6_477a_9841_037b10e0c3c4,4064,2017-11-27 19:06:00.0,vSensor1
05a33394-24c2-4b7f-b56b-2e6a3a2e6854,3d989978_d7b4_44ab_9d37_98c0f79c3306,5084,2017-11-27 19:06:00.0,vSensor1
064e2e67-3f5a-4679-8bd7-f931e246e28d,58e1a168_3dc7_41ac_a965_d97bdd023ed5,6086,2017-11-27 19:06:00.0,vSensor1
067e08f4-965c-41d6-9656-623afad8f794,82098c5c_03f8_4235_96f7_ed7be2c2c68b,2100_4,2017-11-27 19:06:00.0,vSensor1
06ed1f8d-0690-4a2c-b321-6c4bd99ab211,200d7f8c_ad45_416f_b0a5_bd18b2d4308f,5224,2017-11-27 19:06:00.0,vSensor1
07e70f4a-d4b8-4aa8-bc3f-e87ba3c84f07,ffb261ed_d17e_482f_bcde_957aa0b82a8e,5011,2017-11-27 19:06:00.0,vSensor1
08b4de06-0a35-4d26-832b-9ea6f973b203,f6d55851_9ca2_4ea2_aa59_bc2aa8ea2061,5234,2017-11-27 19:06:00.0,vSensor1
092b1c3e-ffe6-451d-817d-7e2953e9af94,6200b9ec_96e1_4b64_8d5a_51df623bfcf8,1200,2017-11-27 19:06:00.0,vSensor1
0a96aa4f-cbaa-4656-a893-300c63e38f75,d6105c74_2500_49fa_9a0e_bb45559778cd,4232,2017-11-27 19:06:00.0,vSensor1
0c409383-8acf-4ac7-9768-a135288e5fde,5b0438d5_35d4_44e2_b31e_011559726d8f,6028,2017-11-27 19:06:00.0,vSensor1
0e137743-89c0-430c-ba7c-e44cd04cfd96,5de5b9d7_7d3a_4b54_84ea_9ebecf34eefd,5068,2017-11-27 19:06:00.0,vSensor1
0e6551d7-a251-4264-ac20-b72d30f80415,9a45a176_fe1b_40d0_b017_fe300cb11d54,6011,2017-11-27 19:06:00.0,vSensor1
1285d509-8da7-4aa1-b162-960ded480e54,2dd030f4_1e06_423d_9995_4461603a26fd,4004,2017-11-27 19:06:00.0,vSensor1
13e1d4ac-2d4d-4678-b8f9-b1124fafdbc4,f1268a44_54bc_47de_9273_28eebeeda57d,2204,2017-11-27 19:06:00.0,vSensor1
140d402d-f92a-4e5d-a888-ba348eae1182,130177e1_12a5_4647_82c9_1128060741e9,4008,2017-11-27 19:06:00.0,vSensor1
144960d5-783b-4033-bc05-453e0fc208a4,e311fa91_4f33_4de3_8024_c96fdc5ae737,4231,2017-11-27 19:06:00.0,vSensor1
14d9cef5-c78b-4085-9950-d486c0aa42de,6dc0ab2c_8824_40e3_ad56_74a18f844f46,1427,2017-11-27 19:06:00.0,vSensor1
1549df1a-3adb-41be-9132-2a8a63e28b3c,dc230ff7_037e_4c3f_bce4_535467b70476,3059,2017-11-27 19:06:00.0,vSensor1
1561f39d-e79b-4365-9a35-c020cccf5af0,b15dc5c9_1b6e_4f19_8de1_8906dcf61334,6066,2017-11-27 19:06:00.0,vSensor1
16804de1-40f3-4149-9185-82a1a13af43f,57bdb331_de0d_4e1b_8812_0c116fe52a69,2234,2017-11-27 19:06:00.0,vSensor1
17700c37-d66b-495c-8772-9515491d960d,f9d39a9a_2382_49f8_9061_b986c8301de0,1403,2017-11-27 19:06:00.0,vSensor1
19340840-308b-4b24-90b3-209a5d0bc6af,62af71a6_84b6_4c8c_af3d_e5fe31019344,4219,2017-11-27 19:06:00.0,vSensor1
1be2c147-8fa4-4f9b-adfb-d9e0e4582201,a8795780_acaa_4884_ba07_eb1fd9d43ab5,3099,2017-11-27 19:06:00.0,vSensor1
1be5dc98-ebc4-484a-b30e-0ff47c013141,916d4d45_63f7_4702_bdc4_05233d8cef2b,5100_7,2017-11-27 19:06:00.0,vSensor1
1bf64dce-10cf-4fc7-98b2-3e47df3bf796,d9afb1bc_df55_48e3_803a_a583350d6530,3100_8,2017-11-27 19:06:00.0,vSensor1
1dfd2c8e-69fa-40cf-85d7-b9d50d2c87df,bede97bf_94e0_4928_b636_69c87b9d4f5c,3226,2017-11-27 19:06:00.0,vSensor1
1fd4acfd-971d-4fe0-b172-198dd8e99230,73b1e4b2_e22d_4981_89b3_29b5f5a71be6,3228,2017-11-27 19:06:00.0,vSensor1
21290c89-df38-406d-87ae-caa7d97a7719,fd3c4a7c_e88a_462f_bc57_c1fb2fad1e7c,5042,2017-11-27 19:06:00.0,vSensor1
227bbb64-d81e-49a2-b13d-51d41f145aaa,e1aee30b_ef40_438a_9786_96fea8bea19e,5100_8,2017-11-27 19:06:00.0,vSensor1
23e0763b-e91c-4a7c-b01e-4829d692e43f,c1d78253_0844_4429_bbb2_fd96a8bb5a7a,4068,2017-11-27 19:06:00.0,vSensor1
23f40ba0-5b2b-424a-986e-23b7d6b58858,a9f2aeae_7d88_4cad_8e5a_ef52d7e02b57,4039,2017-11-27 19:06:00.0,vSensor1
2664d0f7-b182-446b-bfda-03759f7c9e44,99bf14bf_7595_4e02_8750_8a64077f398f,1429,2017-11-27 19:06:00.0,vSensor1
2684a28d-5ec5-4567-ba8e-9967a45a9725,6a4b76a9_258e_4397_80bc_7292905aa53f,3066,2017-11-27 19:06:00.0,vSensor1
27ebde55-b350-4b6f-bdb0-0c2cc9c85783,341146c5_e7ec_44e7_a905_d281845457f5,6039,2017-11-27 19:06:00.0,vSensor1
281572ad-b92c-47e8-935a-78cb639a184b,91b491f8_dd7c_48b8_b8b6_c8332fd51ad3,5072,2017-11-27 19:06:00.0,vSensor1
2960dd64-318f-43cc-9c9c-b9f77c88ed41,4d6c150f_a6f6_45c4_8eb1_c143c1bff031,1420,2017-11-27 19:06:00.0,vSensor1
29951d38-f5c2-4bae-bdea-e1fc2fb7f8ba,dc039a42_7de3_4331_8dfd_b4f22116d4d0,3032,2017-11-27 19:06:00.0,vSensor1
2a2f2ab1-484a-44cd-8a2b-4a3c2fda2968,863a128d_a67c_4d82_8fab_754e02dac210,2202,2017-11-27 19:06:00.0,vSensor1
2a66ff7f-1e5f-4e0b-aedb-348146b17e5a,9e81369e_f303_4a82_a2c0_566777f60862,5061,2017-11-27 19:06:00.0,vSensor1
2b14064a-74bc-4294-ba9c-37441a6b1301,53c712fd_02b3_4b78_b66d_73a410819dd8,2099,2017-11-27 19:06:00.0,vSensor1
2b5167d4-5fa0-4eaa-bc94-b5d3b69120d4,c90e3272_e18e_4772_b0a0_815efc11ec29,5062,2017-11-27 19:06:00.0,vSensor1
2b9976a5-c740-4c53-8069-e28f0cf12b4a,eed167d9_5264_4126_9383_bcc32cea2bdc,3099,2017-11-27 19:06:00.0,vSensor1
315907d5-3815-4462-84d0-dd042e15c82b,59fb7e1a_a527_434d_8c7e_b1f9c613374e,2038,2017-11-27 19:06:00.0,vSensor1
3459c0bc-5d86-4f57-aca5-c2cc22e25d23,d7d9034b_08e7_4b70_a35a_8d9e88c4906b,6011,2017-11-27 19:06:00.0,vSensor1
3559011e-31a5-4429-95f9-a8db101f3cfe,54164755_a7f4_48b9_8c3d_ee24f4299f9f,4208,2017-11-27 19:06:00.0,vSensor1
372c951a-dac8-4502-93ab-278cf805bb89,12bf9145_2dbd_4e9a_ae72_99b3c501e4aa,2206,2017-11-27 19:06:00.0,vSensor1
3819b9ea-6733-4ce0-8f2a-5bbcbd0ffbcc,e2fc55bb_ca5f_4f19_b13f_80ac31fccdf7,6036,2017-11-27 19:06:00.0,vSensor1
38ad2291-e68a-4b8a-9f17-36f480c8ce1e,919a0ca8_d68a_4e76_81bc_077ed3d72e81,4065,2017-11-27 19:06:00.0,vSensor1
3bf7a251-e675-438f-a368-8f2589bdadf7,26c8a5ea_e4e0_438f_b841_186131284c7e,2011,2017-11-27 19:06:00.0,vSensor1
3e58e611-5333-4c54-adaa-a7dd5a144291,f56f2a59_2762_4485_aa52_e387eaae1372,1500,2017-11-27 19:06:00.0,vSensor1
3f6f461e-b7e5-49ae-90b1-692434271e0b,33f2d144_298f_4401_ba32_1b302ea4d33a,2202,2017-11-27 19:06:00.0,vSensor1
3fe23eb1-ab4f-4276-badd-830bea259f2a,b1a06af0_aaa7_4b5c_a459_faa7b606519b,5089,2017-11-27 19:06:00.0,vSensor1
425d0fd8-a366-418f-bde3-87a75a39921c,ff0fc22a_e612_4b61_819f_423629f082e3,4243,2017-11-27 19:06:00.0,vSensor1
42627aa0-fe8c-4f4b-b38d-e01722e90b0d,363a2a53_ca7c_43c1_a786_c62ce0798805,5243,2017-11-27 19:06:00.0,vSensor1
426b4fd2-06b8-427c-98f8-f99d9624d132,dd7bb9cd_cb32_4cba_bed8_a90843d3c1f5,2204,2017-11-27 19:06:00.0,vSensor1
4276cdb2-b084-4ba7-99c6-6587901459c2,00d5d14f_6585_44d3_9b2b_de50672aefb8,4074,2017-11-27 19:06:00.0,vSensor1
429043d2-5293-4e7c-99ef-025b67d52dd9,a985c340_af87_4490_83f6_eaa149b71d95,3062,2017-11-27 19:06:00.0,vSensor1
4406e3a8-a4d2-4f5c-8d61-1d5848de0cd3,c902613c_a2df_4872_924f_9c1a9ecee52a,6044,2017-11-27 19:06:00.0,vSensor1
446e8ff9-46af-43d5-8451-3063f064f53d,6aa830c3_5fec_4fe5_ba87_e2bd687e4d61,3224,2017-11-27 19:06:00.0,vSensor1
45829698-0baa-4027-afd7-dbae18ac7258,48af10c2_823a_46c8_bcb7_a0c7117a66b7,3058,2017-11-27 19:06:00.0,vSensor1
46b6757a-9173-4e0d-8136-993948fccb13,5d056fd6_fa0b_4a56_a614_29f6ee275269,5048,2017-11-27 19:06:00.0,vSensor1
4ab2c23d-c397-407b-80ae-83c0e0f4e037,1fdf3d92_edfe_4da7_aac9_1ea03129da7f,5100_5,2017-11-27 19:06:00.0,vSensor1
4c49b5e1-241c-4425-8e4f-32cdaf86a2a8,fc7d2a5f_6438_4fba_b3e0_7631ea0d05b4,1413,2017-11-27 19:06:00.0,vSensor1
4d285ea3-32d1-4e6a-bf99-2314c6a53375,92ad8289_0b92_4250_82d5_733fb03fe0df,6136,2017-11-27 19:06:00.0,vSensor1
4d45a9dd-d763-4b26-b643-4b47d9252bdd,84b1c541_bdb6_447e_b951_d97999ef4567,5214,2017-11-27 19:06:00.0,vSensor1
4f8c081c-e9f4-42b3-93b4-ff419f663016,2562315b_fa4e_4fa9_89a8_4333a11cc91e,1100,2017-11-27 19:06:00.0,vSensor1
4ff7446b-21a5-4225-b602-7a1970074ff4,140f887d_ec5b_4f26_81cb_b9e661eef90c,2212,2017-11-27 19:06:00.0,vSensor1
510de608-417f-4f71-9490-7507425aa992,d7b537dc_9c85_4209_9011_35acf4367116,6136,2017-11-27 19:06:00.0,vSensor1
51977c09-f634-4c75-b4ba-fafb60525f6f,6db5dec6_e38b_4c79_8483_0327abd0f701,4051,2017-11-27 19:06:00.0,vSensor1
522e6a02-2d2d-4217-adf1-0af9fcd11478,62f4dc3c_9ef2_4a0c_86b3_ae8422d19fe3,3048,2017-11-27 19:06:00.0,vSensor1
529606a8-f827-4e85-aedb-7cdf332560d1,e0a8ec00_0996_4304_bc39_f9f0f89afb7e,4081,2017-11-27 19:06:00.0,vSensor1
53072959-9ce6-4d4d-8f3d-8737b2ff11d9,26c0b64b_4178_4cde_a871_55ac1909f3f0,1428,2017-11-27 19:06:00.0,vSensor1
53422fc8-f9ac-4622-b727-391ff32277b4,ebfa60c8_db60_40b0_bb40_c219bf0f6e7f,2224,2017-11-27 19:06:00.0,vSensor1
5377ca10-1cf8-445e-b7cc-a4dd0f00d11e,6b3fd3f6_ff12_48e6_b25c_3a56ab010c1c,2231,2017-11-27 19:06:00.0,vSensor1
539c102b-494c-40f3-847a-eaed60d51a77,00078701_b3c1_4a5e_b018_11e0be72640a,6036,2017-11-27 19:06:00.0,vSensor1
556a113b-bdad-4135-a4b7-bc32d42ea98b,2a74db03_7bb2_4397_8225_0a81e5303fc7,5243,2017-11-27 19:06:00.0,vSensor1
592ee1c9-ec69-4d9d-9959-846065a417ef,0d793afd_5a3e_4ade_b487_d27020fe31a6,3026,2017-11-27 19:06:00.0,vSensor1
59dcb2ac-a834-4007-a55e-045f64782ed1,cd3b7974_acd4_43ec_b319_3e93d022738c,1422,2017-11-27 19:06:00.0,vSensor1
5a801518-1dda-4423-8269-3505dad589fe,da9ce9b6_b077_4574_b661_507ebfc23607,5084,2017-11-27 19:06:00.0,vSensor1
5dc24375-be39-45ef-90d0-ce3bde2dbbdc,92592995_40f5_47b7_ad4f_23c50b0c25c4,5008,2017-11-27 19:06:00.0,vSensor1
5e7c2088-e9b8-4479-856f-b1fa90a9cf5d,57a5a8f9_5521_4f70_a79d_b28b328a2676,3008,2017-11-27 19:06:00.0,vSensor1
5e948cd2-eb8b-4275-bf84-dabb35c019fb,8205d6dc_80ab_4588_b4a2_62f048f6dd64,5100_2,2017-11-27 19:06:00.0,vSensor1
5f657f9d-3fec-4da5-b029-120296d74f21,3d9bdd91_9c12_41d9_a3b9_5ade03e1c875,2100_9,2017-11-27 19:06:00.0,vSensor1
600dd747-eaeb-4ff7-adcf-828004cc65ae,76b28594_b969_448c_b0f7_6d9ba0cb2854,3054,2017-11-27 19:06:00.0,vSensor1
60e46328-8076-43f0-997a-8f74920f3575,67c00c14_ecb2_4ca9_8039_f6dd8a201044,3100_7,2017-11-27 19:06:00.0,vSensor1
66ae488c-10ba-4be3-9653-0cd5da43fb0d,9633d483_09ae_457d_b7dd_ff65299b28c8,6032,2017-11-27 19:06:00.0,vSensor1
6960a5df-81ca-4613-a63a-9b0d2bdb4f3f,645a3e48_450f_4ec3_ae96_0967efe344fa,5208,2017-11-27 19:06:00.0,vSensor1
6a6de0ec-4783-476f-8b61-5e04f7212118,49665ef0_2ccc_494e_9ac1_cb92384936b9,5066,2017-11-27 19:06:00.0,vSensor1
6b9f16f6-2895-4169-823f-24facb3fec1d,da11a93f_68f6_4cab_8651_b52dd3a5af4c,2072,2017-11-27 19:06:00.0,vSensor1
6bd4913f-62f5-4eda-82ee-389998f5e0ff,03ca5d4f_ff07_4593_8b6f_fe2c91c3b8ce,2062,2017-11-27 19:06:00.0,vSensor1
6ffc7ddd-62cc-4ab4-826d-fa34e33e2f4b,6da18fe5_fd72_4e2d_87cf_748c6205b79c,2209,2017-11-27 19:06:00.0,vSensor1
70381b03-f028-4ae3-9bc0-32c0a7067ab0,045db8b9_38e0_4c75_9579_085dbfe93370,4219,2017-11-27 19:06:00.0,vSensor1
70723957-8272-40e0-a3dc-4758d97fa2b8,ed468009_7683_4857_851a_2f368e15e025,2228,2017-11-27 19:06:00.0,vSensor1
71ad48b7-db36-4940-82cc-92055d72d564,7772c7ba_0dc2_4cce_80d9_51ba357c99ef,4051,2017-11-27 19:06:00.0,vSensor1
71c83dcf-1e1f-477f-b03f-c1eb88d23e4f,acdb2d7e_989c_454f_a54c_ff36db5d2d53,5226,2017-11-27 19:06:00.0,vSensor1
72049d75-3586-4779-8d20-d125af43ca3a,5ad4bb6a_7b26_46b4_8d1a_432e6c4bfa20,4056,2017-11-27 19:06:00.0,vSensor1
73763d41-da0e-483b-ba6e-492cba9d81ac,66dc84b1_00ae_4257_b403_a476397cb068,6219,2017-11-27 19:06:00.0,vSensor1
77052689-b59b-4406-b95a-89c6801dd64c,273d8e63_f7af_4443_b60f_6caabc0d8540,5065,2017-11-27 19:06:00.0,vSensor1
77d9cb1f-5187-4e7c-8233-69b0cf9d171e,3a15ce88_a612_4cc7_ac60_5cf77787f986,3219,2017-11-27 19:06:00.0,vSensor1
7be000d4-566c-4962-acb0-886b13ff0bbf,d707fd54_7511_4543_95ed_8f96a20dbab4,3002,2017-11-27 19:06:00.0,vSensor1
7cec5970-2283-40b1-8c29-158b63f4a8de,7d88f7ce_1207_4cff_9b2b_241c34d8fcf1,3100_7,2017-11-27 19:06:00.0,vSensor1
7d0faf7c-b906-484d-b72c-221307650f49,732c3659_383c_4c2d_813e_df7764c5eaa6,4048,2017-11-27 19:06:00.0,vSensor1
7d260478-f16a-403c-be9e-6a7792266c85,51d50f88_42c4_4d3b_ad08_4a39cce3ade2,2216,2017-11-27 19:06:00.0,vSensor1
7ff7bad3-0f12-4709-81fe-35c6101dd4ff,727ce171_e5d0_4ac9_b1cc_e1bdbb17ddbb,3008,2017-11-27 19:06:00.0,vSensor1
8480656b-c3dc-40ba-a5a8-61de5c61976c,89ff3192_ea62_4987_8444_50b0db0c03f8,6066,2017-11-27 19:06:00.0,vSensor1
852397df-5863-4d56-ab78-cbe84fb313b7,5fdd0711_1203_4edd_b73c_c475359da41b,3038,2017-11-27 19:06:00.0,vSensor1
85a4a50b-1d77-42b1-a162-b48675c7f17c,88ace814_f67d_42b6_84fd_038a31b48006,2206,2017-11-27 19:06:00.0,vSensor1
86d9c2e7-67ec-406e-b597-1e0c0fb90dbb,f6362967_b27f_4708_87d8_4e9e102c2e3a,4019,2017-11-27 19:06:00.0,vSensor1
871dd89d-f495-46df-afc3-4e2ec6609533,9401763e_7421_423e_8040_f7d126ba01dc,2052,2017-11-27 19:06:00.0,vSensor1
88c22352-c29c-444d-9b18-6256d43deb25,a56f2edc_5035_4ee9_9e5c_ac64224bbeb0,2231,2017-11-27 19:06:00.0,vSensor1
8b687fea-f4e6-4247-bd8c-0b150af0870c,87fd1900_88d1_4956_971a_1047b0a3b511,4066,2017-11-27 19:06:00.0,vSensor1
8d34ecc3-fa42-4434-8de6-baa58ae9753e,386da0c1_5ec9_468e_831a_03636236729a,4100_5,2017-11-27 19:06:00.0,vSensor1
8d5f0ef8-64ea-4be2-87f9-1e1424bde92e,7f303f3a_8a4b_4be2_b754_0e0c3b13b516,6051,2017-11-27 19:06:00.0,vSensor1
8e8aba1c-e86f-4b32-ad94-d16428628b52,8cf1ce54_b0e5_413e_819a_07183861d546,6029,2017-11-27 19:06:00.0,vSensor1
9033d9c9-d772-43cc-960a-cf8eda2c865e,1ec40842_4065_45ba_a9aa_4c798bbb4bf3,4038,2017-11-27 19:06:00.0,vSensor1
91a62b65-d522-43b1-b254-96e185791d28,1eab678f_c4f6_467d_b567_04a60cca922e,2228,2017-11-27 19:06:00.0,vSensor1
91f00f19-6180-4136-bd91-14a6821ee145,de0f2083_84b3_41f7_916f_7a22b0856092,5051,2017-11-27 19:06:00.0,vSensor1
93720061-2680-4a4e-b954-8c9622d6cec0,b060b7d6_8d10_41ac_90c4_c2c83b6e6487,4019,2017-11-27 19:06:00.0,vSensor1
98598a9d-0f7b-40cc-8a8b-3d194f75a544,b3efb01a_6983_4ff6_af8a_51e208d34b67,1428,2017-11-27 19:06:00.0,vSensor1
9c2be245-78bc-4fbb-acb7-afb0ca49706b,a89dd199_4cc7_487c_9e73_750314fb08b0,1434,2017-11-27 19:06:00.0,vSensor1
9c83dae0-5bc8-49b8-b7e9-74a072978240,fb0a2d49_2b1b_42fe_89da_88de216e1cd4,2064,2017-11-27 19:06:00.0,vSensor1
9dac8d91-4a58-4c39-ad7f-0498b946e7c5,9ed5eff5_c866_44bc_84f7_6695e00115d2,3086,2017-11-27 19:06:00.0,vSensor1
9edf3834-dab8-44e5-b6fb-5881a7cab64b,cadbb151_f04a_49c5_b8ce_7bb65efff34d,2004,2017-11-27 19:06:00.0,vSensor1
9f02f680-42dc-4d4b-93ab-5533f65350a0,0a18090b_d33e_402a_bc4d_74bec1cc5505,5062,2017-11-27 19:06:00.0,vSensor1
9f3b08b3-8429-442f-96d7-046474c686f0,b78741db_aa05_42b5_8389_e242f1cba344,3228,2017-11-27 19:06:00.0,vSensor1
a2320772-f7e9-4ddd-bcde-c00a923f2cd1,625a872b_3336_42c4_8853_615f31feb829,6064,2017-11-27 19:06:00.0,vSensor1
a24c7b77-99a7-4c01-89aa-fbe79f50c23c,f74d04ad_a4da_4d9d_b7b3_9b6554c5c369,4056,2017-11-27 19:06:00.0,vSensor1
a4428338-5067-4f8e-a5aa-bea295d5572d,ff519de8_0a5f_4f8d_b02a_3e5903f85679,6215,2017-11-27 19:06:00.0,vSensor1
a497a634-4524-4ef5-89f4-1824e4102990,1e8a5b60_2ce4_4090_aaf0_23a9713105a1,5054,2017-11-27 19:06:00.0,vSensor1
a56cf96f-8684-4c56-a81d-6c03a430fdfc,21582d39_16d1_4ac0_9b1b_c41a08f90b92,4052,2017-11-27 19:06:00.0,vSensor1
a7e7509f-23eb-45e3-93f0-a648f689b6fe,19cdef3b_2378_45ae_9b5e_8be11c307041,1434,2017-11-27 19:06:00.0,vSensor1
a8848bec-57e3-4482-8404-5e186bfaff1a,be5d3276_dd76_4207_81dc_a862ac112e6c,3100_4,2017-11-27 19:06:00.0,vSensor1
a9337705-7720-4d99-939a-d7174b82953a,9730eecd_e635_40de_a334_c57c6923af68,4231,2017-11-27 19:06:00.0,vSensor1
a9961136-049f-4768-9032-c1fd03bb67b2,8cb1b081_2ed7_4aad_92e9_14c1681d401e,4059,2017-11-27 19:06:00.0,vSensor1
aa2f9c4c-4dc9-4a36-8df1-76f1e3a01af7,9b61910c_145f_486f_96b4_04763ef436e9,2054,2017-11-27 19:06:00.0,vSensor1
aaa8be30-63a6-4f75-9a9a-bc428a3c72b8,ed6cd748_fdbc_41b1_b004_4a97ae2684bc,2222,2017-11-27 19:06:00.0,vSensor1
afbbb154-973d-4711-a067-647ca1231413,9b0be91e_8aaa_489a_bd15_9e7716b91948,4100_6,2017-11-27 19:06:00.0,vSensor1
aff86875-80f9-405f-9680-f83495d19317,99fb60fc_f7c9_4cae_8492_67091baab055,5214,2017-11-27 19:06:00.0,vSensor1
b1839af8-6d22-4960-8ca2-92234696bd41,2fcb7081_a62b_42e3_b507_9979e79eed8b,1300,2017-11-27 19:06:00.0,vSensor1
b1df8996-91ff-4179-b793-55187dcf011d,7da21059_1ef8_4e9a_87b4_ddc9354dfc36,1433,2017-11-27 19:06:00.0,vSensor1
b4d3c0df-cce9-41e1-8131-54ff27597927,1c4af3da_cab1_4d2b_b158_2958bcf797f1,3212,2017-11-27 19:06:00.0,vSensor1
b67c82b8-9dc5-42bc-b96b-87a051f892b0,2c150d75_63c6_4570_b140_727f26ac0e85,6215,2017-11-27 19:06:00.0,vSensor1
ba58978a-e3ce-47db-9854-a94a1dbb5ff3,3176324e_c940_47cf_a352_a4e72df45afc,3011,2017-11-27 19:06:00.0,vSensor1
bad19e47-f6f1-4581-9bdc-64ff5ba0419b,825ea7b9_2697_4328_9df7_472d466cbfdb,3039,2017-11-27 19:06:00.0,vSensor1
bc899009-ddbc-49eb-865b-08fffc3fe53c,9f658531_c69b_4e76_b568_c20b0e0a7bf0,3076,2017-11-27 19:06:00.0,vSensor1
bcaa95ab-7658-47ee-8d16-3abe420ac0e0,4b9f1017_f58c_4e4a_827b_cd91ca36c407,5008,2017-11-27 19:06:00.0,vSensor1
be1805b7-fe7e-4a88-b23f-5ae61e4c1632,b4a1b98c_7348_4735_a8ce_c91ff9ada5de,6051,2017-11-27 19:06:00.0,vSensor1
be7894b2-d62d-4f69-9e93-15f4991f8d27,be2d42e1_2a48_402e_863c_80ea65252f08,4100_1,2017-11-27 19:06:00.0,vSensor1
bf603033-69f6-444d-aa15-898032e0c5e5,231a1c19_df2f_464c_baa9_717a594d1057,4084,2017-11-27 19:06:00.0,vSensor1
c15b2cd2-4c7c-4042-85e0-471f4bb8ce80,7112fb16_21a8_4d2b_b159_5bb885c737cc,2065,2017-11-27 19:06:00.0,vSensor1
c4e3cc18-52e1-4866-a76c-67b8b6aa181d,cff070fa_faa9_4780_b821_5726d7f6121f,3062,2017-11-27 19:06:00.0,vSensor1
c61194bc-ee0a-41f1-88fc-b5fa74238065,8e871b3a_4cba_4c0c_ba42_fc7db6e619dd,3241,2017-11-27 19:06:00.0,vSensor1
c69b3a08-ece0-4412-befa-a1e1044b3ece,cf6eed8a_27ec_44cf_b31f_eb600b6d33ef,1431,2017-11-27 19:06:00.0,vSensor1
c6c528c9-ff69-47e8-be51-c6577c1e0cbc,e86a1e27_90cc_44c5_880e_d56d779318c0,4089,2017-11-27 19:06:00.0,vSensor1
c76f3508-8e5c-46ce-9b8a-fe58fb474843,97aae4dc_31c7_433b_8492_3e5d9fc3c307,2008,2017-11-27 19:06:00.0,vSensor1
cc85a817-d65e-4d5f-9152-875c2c4d24c1,e25f57af_8bb9_436d_87f9_9e67704690b2,2086,2017-11-27 19:06:00.0,vSensor1
cce7f693-3454-4d91-9eca-077818f77a7e,b1412343_a938_4a4d_a010_dbe38630469e,6044,2017-11-27 19:06:00.0,vSensor1
cf583e50-0385-40fb-8511-34ef9906d1df,6c335dc2_f95e_4aef_b338_c653d75d948b,5232,2017-11-27 19:06:00.0,vSensor1
cfdf0bfc-0f06-4f23-969f-37ace5f4a403,0eb7199a_33ed_480a_bd09_4854e10f5307,4091,2017-11-27 19:06:00.0,vSensor1
cfeaf37f-b7d9-454a-8a5e-ee58a67e0301,0b83493b_8e9c_4afb_891a_87f25417d691,2058,2017-11-27 19:06:00.0,vSensor1
d19a7228-4178-432b-82cd-3db7e88dbd24,5100ddff_5918_4538_a784_621fff615f2f,2088,2017-11-27 19:06:00.0,vSensor1
d549fa2d-af73-4765-a7a0-37e48b964655,30a1d1e0_9911_4272_a225_6d2a33248230,2092,2017-11-27 19:06:00.0,vSensor1
d6793b43-1e6e-402a-b690-d18c6a8f8681,b88cd517_8460_46e0_ac3d_5c03552bc812,3100_10,2017-11-27 19:06:00.0,vSensor1
d7172a5b-7e47-4cb7-a135-fb7fa2070ab5,8407c993_13ea_4994_8b51_45b3d68fc3fa,3002,2017-11-27 19:06:00.0,vSensor1
d7c58ca4-fe56-41d5-9242-a58c3736cc6e,fa6fc410_d6b0_4f6c_b3f0_c03673013676,3226,2017-11-27 19:06:00.0,vSensor1
d92b95ab-0bb5-4814-86d4-e169bbceea8a,9bfd9cdc_6d8b_45be_a8d9_8b4e6f59cae2,2206,2017-11-27 19:06:00.0,vSensor1
d977f955-9217-4d07-ac6f-9c68214bed40,811428dd_8e93_40db_8aaf_293d3fe878be,2100_3,2017-11-27 19:06:00.0,vSensor1
d9cb8181-72e7-48ec-9916-db6159923a2a,b560ea49_a2cb_4bc6_817b_d27b9c31f614,3100_1,2017-11-27 19:06:00.0,vSensor1
dd21a7d9-855e-4fd3-b5ff-ea484e7cbe76,aecf46f6_79b9_4c9b_b3c5_273efc052db9,2072,2017-11-27 19:06:00.0,vSensor1
ddba261d-f720-48c0-ad03-9c5536954fcd,a78c6d2f_51b5_47bd_9e60_f25732938ce2,4032,2017-11-27 19:06:00.0,vSensor1
df99c3ad-63a0-4062-95fc-1cc4bbf18fd5,f20b42f5_3507_448a_9d15_4f5b5df9cace,2100_8,2017-11-27 19:06:00.0,vSensor1
e31a835d-b904-4de6-b530-6463eaa4368b,be999afa_d3cf_478b_9bdd_3fabcc9b8abc,3038,2017-11-27 19:06:00.0,vSensor1
e39de74a-dcce-4df4-b535-0d061a636431,bc69c1f1_9378_475f_8a4d_c7fcd9adece5,5099,2017-11-27 19:06:00.0,vSensor1
e3cd8a61-7a8a-487f-9ec6-5a29c14357bf,9f358368_350f_40c0_a97f_345ac2b033c4,5062,2017-11-27 19:06:00.0,vSensor1
e4cfdb7a-fcfe-4a7e-8f71-72b021f9f44b,4d84f0e7_1433_4945_9f25_17d0f3547712,4068,2017-11-27 19:06:00.0,vSensor1
e51f5651-e3a3-497d-9fdb-463a2c439a5a,411ab43e_6502_4543_a591_5b36f69678ca,3062,2017-11-27 19:06:00.0,vSensor1
e5994031-cd49-42c9-a4d7-7994ea178929,5aaa643a_4025_4755_9d35_c7c3c4522de0,4011,2017-11-27 19:06:00.0,vSensor1
e5c35223-5f39-4dd8-b08d-415657d982cf,a0188c34_9f1f_4185_b6aa_aaaf37238d74,6024,2017-11-27 19:06:00.0,vSensor1
e6228cb7-e212-4304-8faf-9515d23b1ded,b20aadf9_3027_42c1_827f_0e4eb260492f,2013,2017-11-27 19:06:00.0,vSensor1
e72b956e-8c1e-4b25-8e59-74ba6d490b22,1e0fa21f_4247_4afb_892a_7c2fe22246f4,5002,2017-11-27 19:06:00.0,vSensor1
e8f58e12-1bd1-4b48-9988-17c3be7b7f57,a550062a_fb3b_48b8_a372_a9d1af680e72,5065,2017-11-27 19:06:00.0,vSensor1
e901afec-e7e7-4dcf-96a3-8490515f5af5,e8d48ac3_9604_4ec4_9dff_a6e0f681e229,4243,2017-11-27 19:06:00.0,vSensor1
ea1b8b73-987a-4a46-bd54-c567e2faf564,d2a47c54_0b32_4658_8afe_edda5b88507b,2208,2017-11-27 19:06:00.0,vSensor1
ee3424c7-9d65-4919-b85b-36332c12a4e3,24df41ea_a5d3_47ac_9892_360ec2cac6d8,2044,2017-11-27 19:06:00.0,vSensor1
f292b10d-fd19-4d3d-9e75-d5cfc43cac7d,5eb21211_1e9b_4e17_ba7b_e263b84a4225,5100_9,2017-11-27 19:06:00.0,vSensor1
f42f7f16-e132-408c-9a8e-1da5d70b9840,126b9d36_53c2_490d_a962_603fd1cd556e,1434,2017-11-27 19:06:00.0,vSensor1
f8831974-2774-4c77-9c67-06c8ce47fdd3,2db4cc18_04e4_46e0_abf5_19a7aa3ac7f4,4204,2017-11-27 19:06:00.0,vSensor1
f89af5ad-c2c3-40b3-a6d6-7b31c431ce6d,42821deb_3752_4983_b346_9052229c93d4,6076,2017-11-27 19:06:00.0,vSensor1
f8fb6cd5-91f9-4a20-a1c3-c8e8a3f559ef,232abb88_7109_4f6f_937e_309fee9a6bfe,4066,2017-11-27 19:06:00.0,vSensor1
fa139e10-6094-431c-b6cc-98df7e11c397,3372059a_d37c_48f9_9b2e_7785c72c4986,5038,2017-11-27 19:06:00.0,vSensor1
fa8b11b7-2cdd-44a6-867f-06f1f80ebb23,2f3dd38d_f7ef_4f57_8441_1408e6986fa1,2054,2017-11-27 19:06:00.0,vSensor1
fb41ef27-7b83-4e58-b3a5-386a519fb230,e8d951a8_df45_48a6_b394_0d7b7300b8bc,5061,2017-11-27 19:06:00.0,vSensor1
fb808ca4-be39-4185-b5fa-cffa8b143712,0b7d722d_7548_4982_8465_4420d1394015,5076,2017-11-27 19:06:00.0,vSensor1
fcc12090-6423-479e-b592-cd2322725975,27578ed0_27d8_4d21_9228_0df2952c21e2,3086,2017-11-27 19:06:00.0,vSensor1
fd24eef2-4a41-4f72-98b5-d3869c1c4984,9aec7dc3_4930_437e_94b6_ff135974563c,5044,2017-11-27 19:06:00.0,vSensor1
fdf10a63-2bce-41d0-aa2b-31c9e5dfb3ce,db927abf_f54d_4a14_90b5_2962bd38d2a0,5243,2017-11-27 19:06:00.0,vSensor1
fe40b7ec-ddb8-42cb-96d7-1f3133808050,71b70ef6_d6b4_4dcb_bcb9_bd7d4e01f9bc,2234,2017-11-27 19:06:00.0,vSensor1
fe481f1f-abc1-4e44-b41c-fc9c0b534cdc,01d90df0_5090_43dc_a2c0_14cb0a57d109,6028,2017-11-27 19:06:00.0,vSensor1
ffdccd1f-37fc-4baf-bf12-5590dce05c1f,ad39ad30_8d8c_46c6_901a_a6e59cc12ded,2100_4,2017-11-27 19:06:00.0,vSensor1
01a974ca-ff92-4d26-8ac5-4a18aa888c5e,2dd62b8d_667b_4d9f_b6ef_647bacf70272,1428,2017-11-27 19:08:00.0,vSensor1
02c7fe8e-24a0-4613-84dd-9784f9771b61,7af5b836_e557_4c24_98b8_668bb273cc1c,6026,2017-11-27 19:08:00.0,vSensor1
0396f434-c086-4953-b019-da5d541083d0,a8795780_acaa_4884_ba07_eb1fd9d43ab5,4011,2017-11-27 19:08:00.0,vSensor1
03c939e9-0502-4425-a0f0-05d30b46cca1,20c027d8_9803_4410_9c63_64081ad3b952,1429,2017-11-27 19:08:00.0,vSensor1
043b2ee1-9af0-49af-acfa-b5fd2a4c7471,9b995a60_1108_4775_82ac_14ea524590e3,2232,2017-11-27 19:08:00.0,vSensor1
05bcc080-1e03-4231-97ff-ca95fbe40a52,4eb6a173_519e_4e0c_804d_76352a7aa38a,4051,2017-11-27 19:08:00.0,vSensor1
07e21580-11be-43c2-858f-3cb652f46553,696c071c_75ed_41f7_8824_069f87ac6460,5219,2017-11-27 19:08:00.0,vSensor1
0879645d-bd65-43b0-9cbb-587b91db6ee3,2afa581e_230e_44d9_b6ad_c9bc3818f4ac,4219,2017-11-27 19:08:00.0,vSensor1
091f1bda-7f61-496d-a953-0eaa35498f95,92592995_40f5_47b7_ad4f_23c50b0c25c4,3089,2017-11-27 19:08:00.0,vSensor1
0ae121c0-020e-4262-a2dc-19340003c803,admin,4202,2017-11-27 19:08:00.0,vSensor1
0c0e0dcf-fc25-45aa-a3ea-d9c7bce7ab34,58506db2_34e5_4bb9_8b1f_b350de690ab8,6064,2017-11-27 19:08:00.0,vSensor1
0d06f737-69bb-4ce3-8031-7e8e156b8451,59fb7e1a_a527_434d_8c7e_b1f9c613374e,3091,2017-11-27 19:08:00.0,vSensor1
0d7d5687-204c-461e-9f6f-f8101ca44b38,53ba855c_3ecd_467c_8885_b7511db04764,5243,2017-11-27 19:08:00.0,vSensor1
0eee6460-5fb0-45c6-bae9-19d6badf9427,a36d17b2_53a4_4a04_93be_6260829cb05d,3058,2017-11-27 19:08:00.0,vSensor1
0ef40e6f-d992-4537-afa4-5f41ce9a23a4,d62b7e24_3d31_42ef_bc6b_e0f7580d4e8e,3219,2017-11-27 19:08:00.0,vSensor1
0fa04065-f21b-46be-ba5d-d304ac50054c,ec834c89_5f8c_486b_b220_86975ca458e2,2064,2017-11-27 19:08:00.0,vSensor1
0fe96eb9-1ec3-47e0-939b-71ab94ac04db,670c0a7d_35d5_4bba_9288_770af8b19fb2,6051,2017-11-27 19:08:00.0,vSensor1
10ddb791-1c04-4739-9844-a5f04dfdaaf0,212dbc52_a0c4_4c20_aca8_0321547cc823,4092,2017-11-27 19:08:00.0,vSensor1
10e2304d-a7e9-4e4d-a69e-8a9109f4ee71,4c3a3bc5_86f3_4ab2_8121_4e3de6d693f0,4082,2017-11-27 19:08:00.0,vSensor1
13c31a02-fe7d-483c-842b-7f269fc0143a,ea1f1ea8_fad3_4075_82c1_5c336b8bedce,4039,2017-11-27 19:08:00.0,vSensor1
14a19a3a-214a-4396-a772-eb2de842eca6,ceec3800_9b5d_4f07_9358_b21b0e965f7e,3208,2017-11-27 19:08:00.0,vSensor1
14db93a9-24ba-4a57-ba4d-51bcf02ee06a,a2b2775f_1dab_41b9_896e_81a175b7f272,5066,2017-11-27 19:08:00.0,vSensor1
172c1448-dd54-456a-9cef-e6d13fb86c00,4f41735f_1b25_4600_8044_ffddc209e76d,6213,2017-11-27 19:08:00.0,vSensor1
18ff09ec-869d-48a0-b20b-f0e0d2fae6c9,4b9f1017_f58c_4e4a_827b_cd91ca36c407,4002,2017-11-27 19:08:00.0,vSensor1
19a08a89-73ae-4623-80f3-6fd63d40a365,6fcbf29e_0c4e_46d5_a175_c666f3d2c2da,4221,2017-11-27 19:08:00.0,vSensor1
1af61d12-8bf4-4277-8688-cde222bed0f7,3663b8c1_3137_4307_994a_c1aa6287ce5b,2026,2017-11-27 19:08:00.0,vSensor1
1c5ad545-abc0-4bf7-a7a0-812652d20bfc,b60f1dfb_c61f_48a7_9457_e13dd3991ff7,5032,2017-11-27 19:08:00.0,vSensor1
1f5a71a4-7ff2-47d7-8e77-1966b0f66cfe,0745ea4a_e6b1_4655_814b_851aa2528861,3100_5,2017-11-27 19:08:00.0,vSensor1
1fb669bf-0a4e-4986-ba4e-fc78aa50365d,57357ec0_149c_49fa_b16b_97d0147f1bfe,2076,2017-11-27 19:08:00.0,vSensor1
21d488d2-37ae-4518-8ad8-4c6e1797c825,5450cfb1_a6d4_40ff_aaf8_fc09dc4c0372,3202,2017-11-27 19:08:00.0,vSensor1
23f12527-ad89-406a-bd32-330016cb3803,96f10bc4_3d8b_4602_853c_17d51bcbb93d,3058,2017-11-27 19:08:00.0,vSensor1
241f4531-c521-4b53-b4d4-18d082f9de04,55983537_924c_48c0_ba26_cfcc51e14f08,2211,2017-11-27 19:08:00.0,vSensor1
2cc43045-5989-46db-97e1-3b3d2d1ac44b,46aac23f_f543_4d6b_8c8b_e65405281648,2216,2017-11-27 19:08:00.0,vSensor1
2dcd2daf-069c-4bdd-a265-6e478f4009d3,ccf30d84_a5c9_42f3_b5e2_db810f7b589a,5068,2017-11-27 19:08:00.0,vSensor1
2e2dd44a-880d-4092-8963-e40c8fb4afc9,f10a386a_bbc6_422d_9083_dcbae109e1c2,4069,2017-11-27 19:08:00.0,vSensor1
342e6439-d970-449c-9f3d-0134a230d853,e4da21da_3451_49c5_a3f6_4b22b1d848e4,3100_8,2017-11-27 19:08:00.0,vSensor1
349d3f7d-3cde-428b-9e5e-cb19db88f20e,1848cb53_4049_4598_876c_2c1d707b17ab,2072,2017-11-27 19:08:00.0,vSensor1
358e4d30-3535-42da-bd9e-000c7b13599f,dc039a42_7de3_4331_8dfd_b4f22116d4d0,2231,2017-11-27 19:08:00.0,vSensor1
36f39414-d33a-421c-b8e4-56612201e38c,d1f1fee2_7855_4c76_ba82_8e064408c92b,5068,2017-11-27 19:08:00.0,vSensor1
380a83ab-8cbc-4e39-855e-2993571534ea,6618f75a_40de_4262_83a5_04ce227002d0,4065,2017-11-27 19:08:00.0,vSensor1
393b0fc5-67e6-4538-88dd-3cb701e28588,a1bb02e8_740e_493b_89d8_ba0a9e18650d,4100_6,2017-11-27 19:08:00.0,vSensor1
3c515b62-9f98-4141-a4ad-5ea92cb3c7da,user5,3099,2017-11-27 19:08:00.0,vSensor1
3ca613ea-27db-4bb5-9319-7f8b41ec5f2b,41e0cfd9_47f4_4c78_9b6f_16ddd469743f,4091,2017-11-27 19:08:00.0,vSensor1
3f1af09e-6797-4f13-90a6-94b6617b4bf9,ced468be_e0b2_4fc3_b07f_150099247370,4044,2017-11-27 19:08:00.0,vSensor1
415ddc4a-e34d-4ddb-b55f-130273458f12,f92d6ea1_58eb_43c7_9ee4_a862f19ed78b,4100_3,2017-11-27 19:08:00.0,vSensor1
41e3cd2b-2848-463a-9c8d-d554f4c76dad,ab9f3299_1ad5_4e54_9ba5_177a13b7acfa,3099,2017-11-27 19:08:00.0,vSensor1
42534a2c-4a8d-4eeb-8979-4898158215d1,b7ee3078_2751_4b7c_b57f_167712acc6d0,4011,2017-11-27 19:08:00.0,vSensor1
42651ed4-c2d9-43aa-ab2d-698fa316ede8,811428dd_8e93_40db_8aaf_293d3fe878be,5051,2017-11-27 19:08:00.0,vSensor1
42f57f08-088e-461b-bea3-abff2a4afd5c,7adcb127_abd7_4537_a44d_b4e2816dce2e,5011,2017-11-27 19:08:00.0,vSensor1
442f57e0-a802-444e-935a-4bfb930b4a93,aaa17cfd_979b_4649_9ed4_9022edfc7b37,6026,2017-11-27 19:08:00.0,vSensor1
4692835f-ec9d-44bd-b109-2de14871f304,5fdd0711_1203_4edd_b73c_c475359da41b,5216,2017-11-27 19:08:00.0,vSensor1
470c5692-5e52-4609-bef8-9e1078cef105,6ca3a07d_1690_4fc5_9e42_1a45b4aa4350,4029,2017-11-27 19:08:00.0,vSensor1
47c90e33-33ee-429f-9e60-d5584e0e4da1,825ea7b9_2697_4328_9df7_472d466cbfdb,5202,2017-11-27 19:08:00.0,vSensor1
49d39f2e-696e-4b00-a469-6e2a450ed7d4,544487cb_1bf5_4092_9c5d_2e1a2857c666,2068,2017-11-27 19:08:00.0,vSensor1
4cf80f82-8678-4920-98a9-bc0e0e4be5f7,9367256c_7117_4f50_8f04_c56fd9435b2c,6026,2017-11-27 19:08:00.0,vSensor1
4dc2103e-879d-4c59-b844-5ec68827a7c9,b49c5b83_a811_46ce_a813_8cf1f1c72180,2211,2017-11-27 19:08:00.0,vSensor1
4e8b9326-4cdc-4a11-97b0-a211a5a2adef,9b6b5e4e_f859_4f4b_ab79_bdc489540502,2082,2017-11-27 19:08:00.0,vSensor1
5158a480-0845-4fe1-9cf3-844687bb2400,d8f81ab0_a3f5_42d2_83d6_e10539fa3648,5219,2017-11-27 19:08:00.0,vSensor1
518d1150-4348-4cc1-84f2-d082f5c35241,33b8429c_1554_44b5_9b51_6869b580c13d,4222,2017-11-27 19:08:00.0,vSensor1
51cbc73b-3333-4fc5-b06f-d69201da8f61,be5d3276_dd76_4207_81dc_a862ac112e6c,3100_7,2017-11-27 19:08:00.0,vSensor1
5235ad29-4bcd-4264-85bb-7d835c5e3c43,6153a598_20de_4703_ad24_4febb422c026,4204,2017-11-27 19:08:00.0,vSensor1
52c00287-d22e-4f52-961a-d51274c24865,79f4f6ac_29ff_4686_9b5f_718071a84802,2100_10,2017-11-27 19:08:00.0,vSensor1
54a74e2c-1541-487a-8fca-33c4812d4774,2ae5c4cd_2abd_4a83_aaa4_90a0527593a1,1100,2017-11-27 19:08:00.0,vSensor1
54ef5560-a9e7-460b-9077-4ba4ad4ee549,0275ad42_124e_49fd_a113_a57857e442db,4100_6,2017-11-27 19:08:00.0,vSensor1
552d51de-a00d-4e70-a16b-f72ca4c2dcb3,38b23355_4a7e_41c5_821c_8307ab353630,2072,2017-11-27 19:08:00.0,vSensor1
5658bf8d-d7e1-4784-b4ce-6bff289d8dca,727ce171_e5d0_4ac9_b1cc_e1bdbb17ddbb,5062,2017-11-27 19:08:00.0,vSensor1
58300dfa-67aa-4606-b9d4-054e24708d38,96cf5013_b105_4984_9af3_6fd703521d00,1434,2017-11-27 19:08:00.0,vSensor1
58ffe2d9-ec43-450e-9f5b-9bba467092a9,0745c7a2_48d7_45d0_8dde_49e3bf7acfaa,3100_4,2017-11-27 19:08:00.0,vSensor1
596dc57f-bdf1-4601-b11e-bc0467dc72f1,b22211fc_4a1c_4c7e_b594_6cdf6c09ecbc,6044,2017-11-27 19:08:00.0,vSensor1
59ec0ac8-e5c1-40f4-bb84-118809abbf02,4ceefbdd_e105_4fa5_af29_0ed85435a445,2204,2017-11-27 19:08:00.0,vSensor1
5a9c7ea5-b8cc-4675-a0f6-03ce525ab88e,a4c39042_7a40_4255_b850_f1ef83cbbb6b,3056,2017-11-27 19:08:00.0,vSensor1
5e64c669-ae1f-442d-8cbc-6ed565ac9e90,89ff3192_ea62_4987_8444_50b0db0c03f8,4032,2017-11-27 19:08:00.0,vSensor1
5e65abd3-bc51-4683-8857-c13362fac92c,97588a16_fb58_41c3_b58c_29635514a2aa,2212,2017-11-27 19:08:00.0,vSensor1
5e860ecf-1cb5-4a6d-8170-e31b8c4457b2,a517a61e_5edb_4f79_83e1_bc7f66ffdca9,3076,2017-11-27 19:08:00.0,vSensor1
5e8ad7ba-8f77-4b64-833d-497e65849f76,f8367531_fc93_4fac_8437_7769616956ea,2056,2017-11-27 19:08:00.0,vSensor1
5f792408-f656-4ff6-a031-df83a76928de,7952cdf3_2cdf_48d3_879b_76057f7ff009,3056,2017-11-27 19:08:00.0,vSensor1
61d25548-9fb6-4c31-a24b-c88bca964b7f,7c6c91ff_593e_422d_891d_8454261a4a86,5082,2017-11-27 19:08:00.0,vSensor1
62c84497-ddbf-4ea1-85a9-2d7338868bf4,232abb88_7109_4f6f_937e_309fee9a6bfe,2206,2017-11-27 19:08:00.0,vSensor1
62cf1336-5e27-4e96-8dab-b16d6530eb7f,c3e474c8_8a2f_4864_a144_6fd782b226db,2100_10,2017-11-27 19:08:00.0,vSensor1
648a8722-7417-446d-8418-021e96a06b8c,6c4380c5_2b38_45cb_b5d5_85bd598c885b,5231,2017-11-27 19:08:00.0,vSensor1
64b0f801-a626-45a2-8b48-a46acfd9ac0c,7d0d922b_b58e_43eb_9751_3afcf34f58d1,3076,2017-11-27 19:08:00.0,vSensor1
6524979a-514b-4c99-8978-1dd9c08845ed,c96e6950_1a83_43ba_9210_4fdb8cbfadc7,3069,2017-11-27 19:08:00.0,vSensor1
65fcda1b-7fee-4bcb-b213-051a2a18177b,a8ebffb0_d6d3_4650_8970_2a320bf9d19c,2072,2017-11-27 19:08:00.0,vSensor1
66531bd5-d039-4967-90bc-4d68d646341a,9b0be91e_8aaa_489a_bd15_9e7716b91948,5074,2017-11-27 19:08:00.0,vSensor1
69002d5d-3d27-426d-b539-7cf6dcd07e2f,67a2ba08_12b6_49e7_ab38_c179e17ec850,5042,2017-11-27 19:08:00.0,vSensor1
6bd67520-1611-47b8-b4fe-6e5427969501,f2f927a7_b572_4119_a03e_09ca8117fd04,4100_5,2017-11-27 19:08:00.0,vSensor1
6d64e8d5-9ce6-4e6f-8669-c34a9f0918d4,58a2c899_7c1c_49ed_9898_83f874f5f111,4091,2017-11-27 19:08:00.0,vSensor1
6db4a7af-dd93-410f-a08f-c36135a50e67,84e61994_3755_4662_b239_d1a024e234d1,4206,2017-11-27 19:08:00.0,vSensor1
6f6be79e-76c0-430c-9b28-f939a82fbd44,6d96dc6f_c96b_4d9a_ac41_bdb5e20bfd95,4204,2017-11-27 19:08:00.0,vSensor1
6f87d7af-576e-48ba-82f6-15fa2f603fc5,3e319453_36a1_4fe3_9532_470bbff30cb4,4226,2017-11-27 19:08:00.0,vSensor1
70a7465d-a032-492b-87c5-7b8a9b01b882,f6362967_b27f_4708_87d8_4e9e102c2e3a,5232,2017-11-27 19:08:00.0,vSensor1
720b38c5-fff3-4d9d-8907-8d46fe7c604d,1b638c9b_63d7_4cd4_bc24_d96e33144522,4066,2017-11-27 19:08:00.0,vSensor1
77b4ca4d-8ddd-431d-af08-b2bc388db414,cdc89277_b247_40dc_b0e5_3cc1b9ba8873,5052,2017-11-27 19:08:00.0,vSensor1
7a52053a-114e-4ac9-b558-62c03f8e5813,b656632f_ede2_42f4_9aed_ac6c2dbe66fb,1428,2017-11-27 19:08:00.0,vSensor1
7ab61851-735e-4c7a-bfdd-b4cc36cee6b5,0b8e66ee_b532_4e20_829d_605a023933f2,2206,2017-11-27 19:08:00.0,vSensor1
7b459151-4937-4863-9d8e-32154dc97baa,4d7e6637_817c_443c_a33a_0392b49cdf6a,3100_1,2017-11-27 19:08:00.0,vSensor1
7caac347-0191-47a0-94f2-03febe9a0890,df23ff84_d833_4637_a9b2_11b929ed28ff,5066,2017-11-27 19:08:00.0,vSensor1
7de0327f-d684-4572-9c2c-41c61321cd5e,9de02ed4_6410_4beb_8490_c71a2dd3015a,5100_5,2017-11-27 19:08:00.0,vSensor1
7f9cfa08-efe1-4cfb-a660-d17814077340,7ec85d84_07a2_4fd7_8c57_d453a5431d82,4100_5,2017-11-27 19:08:00.0,vSensor1
804256d5-de26-4806-854c-a6a25fb85d88,968d1c49_ec7a_450d_9cc5_4ad549269254,2241,2017-11-27 19:08:00.0,vSensor1
80f7a6b3-71c9-477f-b60d-86c5744e7c8f,dffc5823_d7e0_499e_98ac_468ab513d331,1429,2017-11-27 19:08:00.0,vSensor1
81405cec-09c6-4ddb-b1c4-3fa922398adb,2f74b0bd_cdc3_4517_9e0a_8fef9b799d5f,3052,2017-11-27 19:08:00.0,vSensor1
82c65d29-8c6c-438a-9360-9b6cd0198cd0,897b4664_6608_4f22_bd9d_16c8bd993156,4062,2017-11-27 19:08:00.0,vSensor1
837e6e5d-76fc-4a24-9ea4-3de16d4beb4e,a82b4ed2_5dfb_419a_b846_daa9d44b0d72,5004,2017-11-27 19:08:00.0,vSensor1
8385d371-27df-4842-9b4a-de964cea56a1,87154941_6a8f_44df_8716_72195030c0f8,2219,2017-11-27 19:08:00.0,vSensor1
85631d1f-04c1-4350-b074-ee22da6d4aa4,a56f2edc_5035_4ee9_9e5c_ac64224bbeb0,3028,2017-11-27 19:08:00.0,vSensor1
86870fdc-ae30-4c9f-90a5-f3c1c5296c01,4aaaba50_5709_4b8c_9131_a406713d4665,4100_5,2017-11-27 19:08:00.0,vSensor1
8724f8f7-0d98-4bd2-b8b6-4cf82c896bba,489f80d9_a7e2_4790_83eb_403d8ac465f2,6049,2017-11-27 19:08:00.0,vSensor1
8bd07b20-0275-4ab0-af6c-ad4971f55067,4d71008e_bc52_4da4_8932_36b83a066cce,6219,2017-11-27 19:08:00.0,vSensor1
8c5b3e8e-825b-40ea-8d66-bc75e7ad3320,e6f00310_08e5_4fd6_8978_ce5a22870ba8,3204,2017-11-27 19:08:00.0,vSensor1
8dfcfdb8-3dda-4384-a986-a9dc6e1b57bf,afe890a3_3952_4feb_ba3a_d1b7c560c4ef,1600,2017-11-27 19:08:00.0,vSensor1
9189bb7e-b91b-4f9e-bb92-f8192329b906,0bfa09ca_293f_431b_9fb8_6d52781d5bab,2231,2017-11-27 19:08:00.0,vSensor1
92a1bd5f-fc7b-4b1d-a2a2-160c4eee973c,3897b7ba_2e4b_403f_afa2_89f56faf65fe,5042,2017-11-27 19:08:00.0,vSensor1
92c92f7a-6893-49ab-9c01-878bcdf5ed48,69bcd283_1e15_4d69_8d60_8a7c9f693c6d,2214,2017-11-27 19:08:00.0,vSensor1
93c0ed43-88e1-455b-aa06-4bb019724db7,dd357238_2276_4d99_9de7_849149161ab1,5206,2017-11-27 19:08:00.0,vSensor1
94151797-49dc-4449-ac84-8c68a3fc14fb,c95fb750_4bbd_4a41_ad65_57c0d3b02c0d,1200,2017-11-27 19:08:00.0,vSensor1
98536efa-d901-43db-bfb6-086f9c5cc82f,85d91390_5b24_443f_ac1b_144e11c90cb3,2026,2017-11-27 19:08:00.0,vSensor1
989e2d81-1df2-4ebe-bc2c-474efbc77107,2f75a909_d617_4eef_b14c_ac71036a1008,2019,2017-11-27 19:08:00.0,vSensor1
9a387230-d80f-47ae-b105-d3699d276766,fb5b8800_fad7_4958_8f89_09f478027602,4219,2017-11-27 19:08:00.0,vSensor1
9b91e414-58c5-4d13-87d5-18e7b9b93819,fdcfbae6_52ff_4af3_8202_e46c51df9bcc,6019,2017-11-27 19:08:00.0,vSensor1
9bf698fa-5a98-40a8-b78b-5fba7bc354d8,cf3549ca_1f1e_4e5c_be13_e634bfd780ef,5052,2017-11-27 19:08:00.0,vSensor1
9bfebf16-943b-48cd-9564-ffb136415ead,1ff36c25_ce1e_4b4f_9c02_e5a2d8c8d4a8,4224,2017-11-27 19:08:00.0,vSensor1
a0e84f79-9cb0-4f0b-88d4-806e0a0ff5a5,9afde8bb_af84_415e_a20c_12c31c757bd0,2013,2017-11-27 19:08:00.0,vSensor1
a302ed56-3139-454d-bfec-acf1912b1a87,d51a9d31_b1a9_4f5f_bed7_ce826704de20,4100_5,2017-11-27 19:08:00.0,vSensor1
a456aa72-a7f0-44ee-ab89-9f08d75c4506,4e466389_19eb_4c96_a117_9ac5dfa025f4,5026,2017-11-27 19:08:00.0,vSensor1
a4df2c6a-bd70-40d8-9d10-c9adbc0717eb,997c8c3d_23a7_447d_b89a_a805ef47ae11,2042,2017-11-27 19:08:00.0,vSensor1
a61c4d81-c60f-4d31-82a8-7839511ccf53,fbbe9a18_bad0_41ae_9097_297601d28cbf,2100_3,2017-11-27 19:08:00.0,vSensor1
a7a0af82-8910-49a8-86ad-266109f0cadc,86bad354_8d6e_4456_a736_908d4d7cc24a,5038,2017-11-27 19:08:00.0,vSensor1
a8bf0645-79a4-4fbc-8178-d8db9a27a68b,7bd326fc_4a58_40f6_bb2a_8f1c4bb9107a,1433,2017-11-27 19:08:00.0,vSensor1
aa20688d-46e3-4cea-8e67-3ee33e3085f8,805f105f_2941_4341_9ed4_e5cfdef231a8,3069,2017-11-27 19:08:00.0,vSensor1
aa3f3506-8703-4e01-a4c3-611377e23ce2,31020e03_c97d_4dbe_a7eb_4274d106b18f,3048,2017-11-27 19:08:00.0,vSensor1
ab2fbb13-8193-430d-a0af-1e74ab73f7d0,3fc8e08d_4b5b_4482_8666_bac262f61f82,2082,2017-11-27 19:08:00.0,vSensor1
ab475d2a-3e3b-43ba-9f29-627ee12107f3,d9c36993_89a4_4009_9968_eba5f560051b,3228,2017-11-27 19:08:00.0,vSensor1
abb8c541-66b3-4b1a-a4da-7031a106ce84,10ec4a35_904e_43c8_8aad_2d8273d7eae0,4062,2017-11-27 19:08:00.0,vSensor1
ac1634b2-ca89-4273-88a8-40031e0c087f,b88cd517_8460_46e0_ac3d_5c03552bc812,5228,2017-11-27 19:08:00.0,vSensor1
ae141840-2e18-4ece-b61a-4f13a006cd39,d12d5afb_0e7d_45a4_b882_d5ea13da7e84,4099,2017-11-27 19:08:00.0,vSensor1
ae66ad37-bb9f-4e5a-9a07-91f887c751b6,bbf66a10_ca48_4a6f_8c2b_d8254ce609d4,6092,2017-11-27 19:08:00.0,vSensor1
ae6fad25-91c7-424b-9526-99f3f119173e,d9247754_c14d_47fd_882a_ddc95f921eee,2226,2017-11-27 19:08:00.0,vSensor1
b194878a-a05d-4272-8003-a7fb3dd3c3ed,34a6ac8c_27cc_40cf_aa4a_22ac0a960fc4,2204,2017-11-27 19:08:00.0,vSensor1
b38014ea-9b73-4c52-836d-3fb2fd0d3c5b,c84286af_4065_4727_b7b8_b18ef0d4cb0d,5211,2017-11-27 19:08:00.0,vSensor1
b489bfaa-cba2-499b-b68b-bca96a58e311,b059aa1b_80b0_421e_8b2e_fc52f7b80dd7,4064,2017-11-27 19:08:00.0,vSensor1
b617fbc6-c423-46c0-9749-7a273f1a8460,5646f4af_a477_4ca8_b908_50e4f0873857,2064,2017-11-27 19:08:00.0,vSensor1
b6c52bb8-87be-431a-8517-5c75dc75b5c3,8cf65e28_3699_41dd_8772_8d1b3483df58,1406,2017-11-27 19:08:00.0,vSensor1
b7ea844b-92c1-49c3-accd-23e07111e49c,3390dbed_712d_46bd_800d_92bf3e56049f,2002,2017-11-27 19:08:00.0,vSensor1
b7f4c268-a2ba-462a-8d24-1d8624218b43,02104e09_fe43_47af_a6fe_1fe45be60066,6086,2017-11-27 19:08:00.0,vSensor1
b8438385-7776-46b5-aef4-4fc98889eefc,9b590fb6_40ba_40da_87e6_7fb3c096ac61,2100_10,2017-11-27 19:08:00.0,vSensor1
ba85fbe1-154c-4e92-8176-534e9f45690b,1f3d5bd2_b4c6_41da_92e6_220ef4020da5,3064,2017-11-27 19:08:00.0,vSensor1
bb8bab0f-d1e3-4335-ae59-c11a80768bb4,177e2d59_beb7_40bc_b6df_d02cff789052,2241,2017-11-27 19:08:00.0,vSensor1
bd9c4676-2a59-4cb1-9388-96b2785f2a79,20e3b6bc_162a_4318_8cea_64663879f8e6,3086,2017-11-27 19:08:00.0,vSensor1
c0f5e388-326e-4f2e-a90f-9786c8923aeb,ffb261ed_d17e_482f_bcde_957aa0b82a8e,3029,2017-11-27 19:08:00.0,vSensor1
c168e63d-e230-4f34-b9be-dca6bd2aefa0,a0340f45_8a78_44fe_8af1_873fda2831ce,5099,2017-11-27 19:08:00.0,vSensor1
c1f62eb9-2bf8-4c57-ae65-4470eafbf957,b291c57c_ab0d_4825_ab5d_69bcf2eee314,3032,2017-11-27 19:08:00.0,vSensor1
c2ba7507-d218-4380-9f1f-e5ce2b0592d0,7c834d9c_3211_4d41_b7bd_ee1bc8275724,6028,2017-11-27 19:08:00.0,vSensor1
c4c3dd94-2543-4872-85bc-a2c25a43d5ec,1f49e46a_2bb1_4751_9247_ecb01082fbf0,5100_3,2017-11-27 19:08:00.0,vSensor1
c51b8d80-67af-42df-a0f5-f05a1f888612,a25c2aed_04ab_4eae_b9ae_9adab664c1e4,2048,2017-11-27 19:08:00.0,vSensor1
c702a757-909f-4248-ba2b-2ca0f91f9f1d,10723d5e_b72b_44cb_9d05_e22eaa59a079,5222,2017-11-27 19:08:00.0,vSensor1
c7c73897-a649-4c95-9c6d-825bd8b1c786,ac055e59_90fb_4ba2_8a30_e69e662f0caf,4058,2017-11-27 19:08:00.0,vSensor1
c7e844b1-ca60-43d6-bf7a-7467301562df,a4f281d9_6116_4593_b322_f31a189cbc82,5232,2017-11-27 19:08:00.0,vSensor1
c7f31176-2c7a-4915-ae2e-4ce7d85969f7,21582d39_16d1_4ac0_9b1b_c41a08f90b92,4100_1,2017-11-27 19:08:00.0,vSensor1
c942fab3-a634-47d3-b59c-caa500252898,ebd1f815_0792_495c_a122_74d699119175,5074,2017-11-27 19:08:00.0,vSensor1
cb354eab-0260-459c-becf-57e2c593b5d4,e4e47456_7316_47c9_86a6_0ebcff5ea929,4082,2017-11-27 19:08:00.0,vSensor1
d1aae8b3-5498-4504-9843-368e39dbcf7c,4ae948c0_3796_4f00_9025_54d6fa7eb0e9,1429,2017-11-27 19:08:00.0,vSensor1
d2a6822d-3269-44d1-b31c-81ab587151bc,827025f6_e288_40de_bcfc_d2738df03882,5058,2017-11-27 19:08:00.0,vSensor1
d2e832b3-7696-43ce-ac97-58c2dbb68530,abb17ac1_375e_47a2_bfc1_f02a4b951551,3074,2017-11-27 19:08:00.0,vSensor1
d4b0d497-d96d-448a-9970-a6231b747b73,0ee0efde_2553_4406_8a1b_675abf944d23,5241,2017-11-27 19:08:00.0,vSensor1
d5b01b5d-7f3f-4b58-8218-ba83649fcd37,53a919d3_09bd_4649_98a2_fed9f41de814,3231,2017-11-27 19:08:00.0,vSensor1
d7465767-0db9-4c66-b636-c124756ff3cb,f98a1cf2_2b0c_455d_9045_de553a581f8f,2202,2017-11-27 19:08:00.0,vSensor1
d9f9ff62-2831-47b6-94d3-3b8054e2f82f,fb56054a_5ec8_45f7_87df_3e28121092dd,5051,2017-11-27 19:08:00.0,vSensor1
db21a15e-8f05-41df-ae24-9f93f8e9dada,33f54de0_6a6b_4009_b38b_59c68aba7562,4100_2,2017-11-27 19:08:00.0,vSensor1
db408ba2-cce8-48fe-a55b-0160f712269b,bee07ee0_92ca_473d_8cb2_720fd05361e5,5222,2017-11-27 19:08:00.0,vSensor1
dd490a91-5183-43a7-b93e-8b4363c6fbed,392c1947_9660_4f3c_a4a6_02c5d81f5284,3084,2017-11-27 19:08:00.0,vSensor1
e066ad93-9507-491b-809d-ba058ced2f35,62e0cd87_e80d_4c8a_acbb_625280cdb9cb,2214,2017-11-27 19:08:00.0,vSensor1
e0d8d90f-3f58-4548-827c-47a3347a0865,8ae96b48_9509_490b_b49a_5f45a46ae5c9,2221,2017-11-27 19:08:00.0,vSensor1
e1fc088c-be85-48e8-8dc1-9d8cc4e4567e,c758aa8c_b68b_4dd7_9a69_2cab4340c491,6092,2017-11-27 19:08:00.0,vSensor1
e29ad577-1234-4ebc-8d08-d11584c4bf9c,3ce7b3b0_c192_4782_a458_3896ffc92415,3226,2017-11-27 19:08:00.0,vSensor1
e2ca99da-2a41-4b11-a6af-b1ffc2046d12,c09a56d7_0791_4ae6_ace3_d39a875b438e,2099,2017-11-27 19:08:00.0,vSensor1
e30b42bc-d61e-4149-b821-9094d16793ef,49b5704e_b814_41df_842b_a62a0c95789d,6024,2017-11-27 19:08:00.0,vSensor1
e319bcd1-cd87-4c2e-ae49-6a236cc6362b,dd7bb9cd_cb32_4cba_bed8_a90843d3c1f5,3088,2017-11-27 19:08:00.0,vSensor1
e41ae136-ab3d-40d4-98c3-c1df70c956e9,1c353c58_4a8c_4764_8ab8_6cd2bd401c1f,2072,2017-11-27 19:08:00.0,vSensor1
e476237b-83b5-4fad-8d1f-94ad79b37ff9,423d2345_774f_4d81_950a_baa78ddf88a9,3065,2017-11-27 19:08:00.0,vSensor1
e4bf4a56-2f0a-46cc-b3c1-bfc570562eb8,dd9b9001_eb74_4493_a06d_bb1aebb02f6a,5212,2017-11-27 19:08:00.0,vSensor1
e52dbace-dff3-42da-96e0-fc8ce95bf738,8f43f5bb_61e4_4083_9c7f_de18ea1f5c51,6046,2017-11-27 19:08:00.0,vSensor1
e554c5e5-740c-4619-8127-5e57018d3979,b64b2819_fd95_4000_a7c9_707666d87c10,6026,2017-11-27 19:08:00.0,vSensor1
e8478218-66b2-4150-96c0-67ca1be8ccff,7cb676a6_319e_4a6e_9758_d46b2df49079,2082,2017-11-27 19:08:00.0,vSensor1
e8e4c396-8e85-4e4d-af92-41ee478e63e8,79dbf10f_1e43_4c27_9323_37555643c3fb,3002,2017-11-27 19:08:00.0,vSensor1
eaf0dfba-316b-4b71-bf01-136d28071cc4,4af60976_a84a_488a_a2f0_58c98f2f3347,3058,2017-11-27 19:08:00.0,vSensor1
ebf2160a-1e67-409b-a22d-4c080820c8a5,1e0fa21f_4247_4afb_892a_7c2fe22246f4,2004,2017-11-27 19:08:00.0,vSensor1
ebfb67c5-6e98-461a-8566-b88e6d6696de,8ef1eb80_5782_4cb8_beef_5de82af75766,4069,2017-11-27 19:08:00.0,vSensor1
f00950d0-ee34-4b9a-b152-051dfbae7c5f,5e2dd27e_9bf8_4eef_802a_470e0adc31c6,3068,2017-11-27 19:08:00.0,vSensor1
f0ac3751-c9ec-4e89-b680-9983df422787,1a4c3bcb_56a3_460d_9c60_2fc95fea09d7,5019,2017-11-27 19:08:00.0,vSensor1
f0bdc05c-0e15-48e3-87b8-69040fc1d346,48b33ae5_4060_4bb4_a57b_c775c6ebb3a9,4004,2017-11-27 19:08:00.0,vSensor1
f2011030-b3f2-4844-b2b7-0db01a743550,365b761f_b10f_4493_868a_de2f91553548,2019,2017-11-27 19:08:00.0,vSensor1
f24d0bcc-b98f-46b5-9e7b-400421aa5509,0a18090b_d33e_402a_bc4d_74bec1cc5505,2032,2017-11-27 19:08:00.0,vSensor1
f4cb4597-51a2-407f-a1bf-ad2aaaffbbab,664986a9_351a_4067_97a1_7a97bdac88af,1500,2017-11-27 19:08:00.0,vSensor1
f548596a-d120-41fc-a221-74999914db40,f42d61a9_89f3_447a_8f5c_1c230355d1fd,4232,2017-11-27 19:08:00.0,vSensor1
f5843bcb-f001-4d4b-8a95-d54a7a4fbf1b,e951a5fb_f19f_455b_b2cb_c277b190dd35,3044,2017-11-27 19:08:00.0,vSensor1
f7f98102-eab2-4cdb-af5e-bef4df05cd4d,19dcc787_e329_4550_aa59_939578df7dac,5051,2017-11-27 19:08:00.0,vSensor1
f8cf8973-15e8-4ca6-ab65-0d8d0814ae61,fbd9109b_05a9_4bdf_8eec_8173f1709786,2088,2017-11-27 19:08:00.0,vSensor1
fb75d3fe-0a38-47e2-84c9-9d954ca94bc0,12c3a754_97de_4248_a393_aa25399163bd,2013,2017-11-27 19:08:00.0,vSensor1
fd2ff962-0955-4731-b4eb-b32445f89ab7,c3343fe3_d2dc_4d4d_941e_a6cffb1a6c57,6072,2017-11-27 19:08:00.0,vSensor1
