03bf6046-4cad-41b7-97a5-54f7973b6bce,32,1008,2017-11-24 04:12:00.0,da02ae8c_f967_4e43_b9fb_13c95480812d
04aec761-10a5-469b-afbc-ea4b8ef7705e,45,1135,2017-11-24 04:12:00.0,a9879aa2_2ca3_4dd5_a894_4760060017f9
04f59ebb-7d2e-4a00-85f7-23fef2396281,54,2546,2017-11-24 04:12:00.0,58b6f00a_fa2e_4f13_8f78_3f91ec60616c
063ffdb9-43f9-4cb7-a036-558c0ebcf917,88,3439,2017-11-24 04:12:00.0,1022f464_3cca_4312_afb9_e9643d8575fd
064a84f2-eef5-4396-9a5a-6d3cd3a48020,79,3184,2017-11-24 04:12:00.0,75b3ccc3_05f0_4f46_b3aa_05bcd98603a6
08ad97c9-6eb8-4cea-a5c6-60f9ab02e76a,76,2484,2017-11-24 04:12:00.0,465e2440_d9a0_4ad5_8f46_35bdeba65001
0af7adab-8aff-4358-b348-e9cc471882fa,91,847,2017-11-24 04:12:00.0,f1bde580_6369_4cfb_a50e_3a939c8d4272
0b2d3005-f8f1-473b-8edf-a745fd49c864,94,568,2017-11-24 04:12:00.0,71441190_a750_474e_95f4_d0901dc20716
0bc65ec7-4cff-4aa8-9828-94f8a2d50963,62,2560,2017-11-24 04:12:00.0,2621aade_306a_457b_b372_ef98dc1702fe
128b7451-694b-4150-b23d-b9e1b1f072a0,10,2315,2017-11-24 04:12:00.0,e3f7f1b5_5c98_4d34_b784_8e97d9a84671
12d08ebd-018c-489e-8549-f86f85d8d4af,62,2795,2017-11-24 04:12:00.0,8a2f7a61_8279_49d4_a07c_1183447c5277
13cb20eb-1d32-4ed8-8f91-45077c4b1110,74,2003,2017-11-24 04:12:00.0,a69ef2f7_2e01_47aa_b1f2_28dd376b27d7
15d10ebc-0ba4-448a-9195-754ca58aa8bc,55,2842,2017-11-24 04:12:00.0,a4263d22_944e_4b5e_aa89_1dca784c8d0f
168dd04c-ed4e-4eca-86db-4699f1cb5491,18,1000,2017-11-24 04:12:00.0,01b3ba31_65ec_4f8f_b6ec_882c83a1c559
1834d308-3380-4354-bb58-1c709c217964,28,1382,2017-11-24 04:12:00.0,fd8ea452_8540_4352_ac55_77c478be3a12
1893cb91-f4e8-4625-acb3-392226cb19fe,26,137,2017-11-24 04:12:00.0,34529232_6dea_4e98_a8a3_2b2726334866
18c57514-a285-4f92-93b3-8ab267f2d99e,86,1127,2017-11-24 04:12:00.0,35895178_70cb_43d3_897e_9aeef8e26a71
1925a957-782a-472c-9cfa-98bb00d92183,11,3565,2017-11-24 04:12:00.0,ba68043e_d45f_427a_b4e1_b2f95397eed0
1ab43105-7854-4681-8873-8d1d9b92a897,83,1664,2017-11-24 04:12:00.0,5593b8b7_e02b_4375_b041_2d570e030835
1abb7cdc-7b9a-44bc-addf-137f57c12a65,39,3015,2017-11-24 04:12:00.0,dedd82e3_f22d_4613_beeb_457ab8024964
1bbe018a-c931-4ff2-b0bf-8fdc8231da80,18,2803,2017-11-24 04:12:00.0,6fefd7b3_3799_4f67_b1e0_1312ffa353d9
20a22373-ec72-4f0b-b6ea-6d16a10bcbd0,52,3012,2017-11-24 04:12:00.0,2645fbde_6a1f_4c12_b9ac_50cc00c5d393
20c107f4-eb21-4289-9c77-d98e2777602f,37,3060,2017-11-24 04:12:00.0,3ccc852e_b1d6_4d13_a2ef_8eec162f6c0f
214894cf-f620-4ec7-a746-874140858268,66,2177,2017-11-24 04:12:00.0,aecbbc10_7b32_48d6_af47_83c952b86641
2279326e-474c-41a3-beb1-37ab018c76d9,26,1969,2017-11-24 04:12:00.0,61265505_84f0_4e73_89bd_15821a8667f5
2279b3c7-be8b-4af6-94c0-4dce95df95bf,19,3275,2017-11-24 04:12:00.0,ad81674c_42df_4a56_b75b_335639b7b282
2541c080-ebe0-4087-a022-97a1849322ac,66,2587,2017-11-24 04:12:00.0,0c9569f4_27b3_42e3_8d69_746d5af4fbb1
29049f02-2ee2-40aa-9f49-ac71faf9c507,57,2138,2017-11-24 04:12:00.0,d0db947f_be12_45d7_86ff_b28ea71c1ab9
2a6e8627-4d5f-46c6-9f35-7dab94e3e89b,59,2199,2017-11-24 04:12:00.0,84e50417_d747_4442_915a_87d5e1e1919a
2ca49922-2c59-4b44-8f3d-f751b52723bc,25,3220,2017-11-24 04:12:00.0,56d2422f_21ab_48dc_a15e_b9201e0d6f90
2e59e6b4-5c73-4bb3-b1ef-8cb4cb874a3a,8,1616,2017-11-24 04:12:00.0,a8e1c789_133b_43b6_8bcf_7b4907c9be6e
314af83c-07e0-4941-8c6b-bb3ba5b12515,15,3427,2017-11-24 04:12:00.0,5b6a0e8c_8c30_40ba_aa93_5b1453024951
32512b32-bfb0-4ac2-b84e-6ab2902aaf2d,99,1577,2017-11-24 04:12:00.0,c359bb5d_9884_4001_bb70_25ea071bf146
33aeb8d7-3e72-48e9-90d5-3ab0ef28910c,11,1745,2017-11-24 04:12:00.0,8c21b363_3ad4_4f83_a965_7efc394522c7
34157dca-aa84-4f3b-a651-0c1df42ee526,12,706,2017-11-24 04:12:00.0,8f9fd895_8748_43ea_8d1a_d4990c5accf7
355c22c3-26f7-4fbc-9d78-28f06e26bfa1,27,534,2017-11-24 04:12:00.0,5231b85c_85b4_4f0e_8fa3_99cacd1e7cd2
355f6d7a-91bd-4d7d-b5fb-ce2eb2c11b7d,26,1569,2017-11-24 04:12:00.0,b8e0dce1_d899_46a8_b66b_44bcac235f2d
35aa3d54-0c85-4b25-a4bc-30ffdddce9b1,39,948,2017-11-24 04:12:00.0,d9566870_524c_4ac5_9fd3_70dd12a0a674
370ca0b0-3985-4908-9e17-064935e5a977,70,2619,2017-11-24 04:12:00.0,2b234bc6_a923_466e_8646_4b25a4b8dc17
3869d362-29dd-4bca-af23-1f6ade733f33,1,2294,2017-11-24 04:12:00.0,f06cf1aa_99c1_4911_af1f_27aaf87dd72f
387d2638-0805-409b-8e75-e05a034a5970,41,2990,2017-11-24 04:12:00.0,61b810de_f60f_473a_831a_34aa32e47654
38d3d938-c5e6-4a24-800b-690d3a79dcd8,83,2830,2017-11-24 04:12:00.0,d2f296c2_73e0_40e6_aa51_c97174cf22a6
3909be19-6ac4-4f27-b1f1-75f486f798de,86,423,2017-11-24 04:12:00.0,71fe33eb_5d14_4ee6_a696_e03da31d1a9c
3940b71a-a97e-427c-890a-984bde512674,14,952,2017-11-24 04:12:00.0,9d941fa9_b6fa_4deb_b1d3_c2bca7562316
3958cf5a-9846-4296-92e1-492246837d4e,12,1933,2017-11-24 04:12:00.0,90103be5_ba1e_4322_8943_776e6bd68c93
39715f83-3ec5-49e1-a8fd-4c4952a8e874,96,924,2017-11-24 04:12:00.0,6f9e9a8e_d807_442c_abdc_c2135359f947
39871055-ff4f-4298-a53e-bfac63cbf98d,34,134,2017-11-24 04:12:00.0,563b9c3e_8523_4ee3_b2ad_31315a693522
3a0ff4dd-6dce-4f44-9fc3-ca7810c18be6,61,3128,2017-11-24 04:12:00.0,7f08eb78_0c3d_4f50_8d9a_aa060427eefd
3c53712e-1429-4b44-84ef-f1e439463b7d,40,1654,2017-11-24 04:12:00.0,7a4e6de4_66dc_4599_b8d0_b46626d5189d
3e4f67e9-df2d-42d2-9218-894a754f9404,32,196,2017-11-24 04:12:00.0,fe661f8d_8c43_42f3_92e1_80914f6f172b
3e643350-657e-4716-bd7c-354f26d71a5c,5,2952,2017-11-24 04:12:00.0,6ac3213f_5d3b_423c_b93a_2dc51469f187
3eeba05a-d5ef-4346-ae1b-52a93bf1c014,53,1742,2017-11-24 04:12:00.0,9a2ded9f_832a_4c5b_9e39_72059724539a
3ffcc194-73f3-487e-bc61-b2311cffb2b1,97,319,2017-11-24 04:12:00.0,646e468c_e42f_4c3c_87a6_46c568c44642
4176b0c3-def3-476a-a7c6-f0b13c790a9d,57,2715,2017-11-24 04:12:00.0,4e3d6810_65be_40e8_9f5d_874bbc87ff2f
42ab2241-4fa9-4a48-9c1f-762269f16d90,25,230,2017-11-24 04:12:00.0,b4dbca52_1118_4ca6_950b_add0ad91b152
435a5621-df3d-42ab-9751-db2da4b3520b,28,428,2017-11-24 04:12:00.0,9464124f_ccb5_46c9_ab48_72eac3c840a7
43723be6-2793-4c58-b030-3d634362df9d,54,399,2017-11-24 04:12:00.0,0e528fe0_aee7_4031_931d_97728cf6ddf6
43c9c4d4-93f3-4006-a1f9-7e42792a220a,84,3010,2017-11-24 04:12:00.0,6bb209c3_3f87_4f8d_9d97_9816db03c7a2
447092b6-f292-49cf-b7f0-8d90a3bb452d,40,2639,2017-11-24 04:12:00.0,ee6926a1_8605_4717_b2dc_254c79b45f8f
45d68a5c-c666-4f27-91a8-a091029d9ca0,21,3247,2017-11-24 04:12:00.0,4934aa7f_0b20_4fe4_875f_1132878b0398
462eb853-ec84-453a-94ee-0791c27d9f9f,77,1659,2017-11-24 04:12:00.0,5e14aeec_0966_4dae_a970_8b412f40d16f
47301d02-dd7c-4152-84df-2097b469336a,74,1715,2017-11-24 04:12:00.0,1f4da13f_bd16_446a_afff_ae9710980928
49ab6bdb-4025-4775-bd3d-1c0f8be73c69,96,2652,2017-11-24 04:12:00.0,98c1f0fe_11fd_41d5_813a_53d2712a9eb2
4a339dfe-b617-4dfb-94c8-6c12bfbbdcf5,89,3595,2017-11-24 04:12:00.0,0667ef1a_0e98_4ea1_871b_83118bd47b65
4a96ae93-ca7a-4f18-bd21-c1d572a22c94,4,499,2017-11-24 04:12:00.0,27ee9611_efc4_4d36_9ba1_c13f99a2eeae
4d59cf71-e789-40fe-b813-ecacc3207947,48,1033,2017-11-24 04:12:00.0,75de6c26_322e_4808_8a96_d797dc1b1dba
4e5929a7-64b6-448f-8c54-146e38312d80,33,1549,2017-11-24 04:12:00.0,8441e3ad_eca6_4c1d_be76_a5ab94d0c6d0
51784d92-a60c-49c2-b79e-828e022fad7f,73,452,2017-11-24 04:12:00.0,4b9cc2d9_fb47_4662_9ce9_2604601ed947
520b035e-c416-4d1d-9c59-01249b5ef62e,95,2842,2017-11-24 04:12:00.0,15c557c2_e450_4073_8cee_e66b1a91b3fc
52a3b5ce-676d-48e1-85f5-86e7a5c6c192,12,57,2017-11-24 04:12:00.0,d6126363_379c_4b42_8b8a_722b6c871a45
52c9769e-6e94-40c4-a97c-039d3de17bdc,29,398,2017-11-24 04:12:00.0,90494507_39bd_4b71_b956_2e2dcf473608
54ad8d52-62a0-451e-aca1-1a634f886c8a,67,1775,2017-11-24 04:12:00.0,6d648c14_70c0_4140_9395_d68f2b9843a7
55842240-e903-470d-a4f0-682eebe57b65,97,2548,2017-11-24 04:12:00.0,cb116fab_ec8d_4a5f_814f_aadc182dc424
55cd110e-9a6b-46b0-8739-c189d596f031,81,2440,2017-11-24 04:12:00.0,fb0c5ec1_5e07_48aa_b78f_a6eb1e4804b9
55e892fd-ae18-4e5d-ae41-ba7eb994bfee,50,1285,2017-11-24 04:12:00.0,838b3ad9_31b2_4d9e_a2a7_23a805b4b2e5
564f4b91-5ca0-44f6-8da4-bc2f7a7afd35,24,2574,2017-11-24 04:12:00.0,c57ba1b8_39a4_48b1_89c5_8641ccbeb7e5
59c5c8e1-30fe-41c8-8199-e7da24ce47b3,34,3458,2017-11-24 04:12:00.0,17e40691_5bd6_48f5_af5b_e081a580e2b3
5d3c2bb1-0385-4520-ab06-406db86e9b35,43,1658,2017-11-24 04:12:00.0,883127f8_5708_4233_aabe_1dddbc87efc4
5f5ce2c8-f9dd-47cb-a528-3869d14f4dd5,11,1958,2017-11-24 04:12:00.0,357f225d_d4dd_4496_ae54_988a284e739f
5ff76e46-8e7c-41dc-908e-3f93e58d1164,82,1994,2017-11-24 04:12:00.0,606440c6_08d7_4ff1_8311_02cf99425da6
6083a33d-9aff-416b-9141-b619c5fff4d5,67,2860,2017-11-24 04:12:00.0,5039ace1_d406_45d4_a6c0_af023263a7a1
6140c2e3-3e85-4678-ab2b-0a1888450f1d,31,746,2017-11-24 04:12:00.0,48cf0ac2_ccb6_4871_be42_48578631186a
61b13ed0-9a39-4201-a06c-745548b51e9c,31,370,2017-11-24 04:12:00.0,9dd64bc4_b06f_4f74_baba_317561a33b27
64a6ed8d-610d-4b4d-8a07-91dbae05bbda,88,1357,2017-11-24 04:12:00.0,e6a0bfed_0703_43e9_be51_08bf4b6adc77
64c17533-1fdc-4aff-b339-9ad1e640799e,87,2988,2017-11-24 04:12:00.0,b9cf9f52_e0d6_415b_8977_265f568adf77
64fbe2d3-9272-4d56-996a-f62f9c01fb1d,19,950,2017-11-24 04:12:00.0,3a3d4755_8e7d_4264_a816_cd927154d0b7
671f5e96-fec1-4368-a687-b8550d20d153,45,2403,2017-11-24 04:12:00.0,c970638e_0e5e_48d7_a163_c6cb2d45d175
67650ebe-df32-49b9-98cd-16137495d604,42,700,2017-11-24 04:12:00.0,051012ca_ef18_447c_a2c8_3746081d3cde
681f09fa-6d64-426a-ab06-6977a5733a94,71,1322,2017-11-24 04:12:00.0,aaa7e545_50eb_4e05_a82d_e13177ac0a4a
6af6a10a-7280-4c9e-85a5-cc5dde79c66e,98,2588,2017-11-24 04:12:00.0,ed3d070d_f59b_4acc_8e38_9beec84f523c
6c5ef68a-f146-4a0a-a6bc-6ea9b6d69c6a,63,127,2017-11-24 04:12:00.0,7c664483_d53a_49ec_9aa3_ac306d50ee84
6e1d739d-5516-4a0a-ba2f-c62efe36987d,57,1771,2017-11-24 04:12:00.0,9ba270d2_fbb8_4472_8268_503424607224
6ef926ae-568f-4fdf-b197-5bd9e2c3aaa2,88,24,2017-11-24 04:12:00.0,2da43057_7058_4c2f_abc5_3d1390261862
700073ba-88f2-4316-b845-d0204655caca,83,56,2017-11-24 04:12:00.0,72478f11_bfa4_468a_9a22_8abc960262d5
702b9ab5-ae1a-4c1c-9a6d-c32a2382e12c,48,1722,2017-11-24 04:12:00.0,2c5c5a93_8d92_42d6_a1a9_05b91ce37770
70418b64-c746-408b-8e93-22695eb654a0,75,298,2017-11-24 04:12:00.0,1e2946fd_cb9c_41be_bde4_f35dfe50c085
714bae05-189d-4179-b21d-a0293794d5e3,78,1589,2017-11-24 04:12:00.0,24875a7f_7da4_466f_aec4_227679384ace
7161cbc7-cba7-4177-9c0b-954ad8d8d438,83,1940,2017-11-24 04:12:00.0,074d9fac_6d32_4c4b_84a1_d15f141375a2
746352fa-61cd-4d7e-b0ea-e825890f4661,27,1621,2017-11-24 04:12:00.0,5aa63ee7_86c1_4aa9_ba6e_9cb5bcadcef1
76102683-6ba7-444c-b2d8-06ea035b662a,47,1029,2017-11-24 04:12:00.0,0f905112_ae16_4b00_9bca_db38330e7525
766b934f-08d0-4861-bd77-30779415a076,5,2578,2017-11-24 04:12:00.0,967d5e39_ab19_44b0_a6e4_30538eb6423c
76c8618a-a195-4be4-bf5c-907e148f705f,18,209,2017-11-24 04:12:00.0,a2b5ca66_814c_4d8c_bdab_1a189ea747dc
78c1490c-9e90-4aa4-add3-143d655731df,19,2510,2017-11-24 04:12:00.0,f5db9939_9e3a_49b9_a188_40ffe8c4d3a5
7b241cf6-fca0-4d0c-8fc4-1ec07e5fc19a,57,45,2017-11-24 04:12:00.0,adf2bd86_2b23_4216_86bf_c51d24959f4d
7b94b8d7-cd76-464c-b442-2dab6f203b3c,73,3120,2017-11-24 04:12:00.0,f0cb7b16_94d9_465f_b919_9ebc708c86fa
7bd51c94-9e59-4c80-b534-f8fe728876d1,15,3078,2017-11-24 04:12:00.0,5dc85f07_0b42_48fd_8316_9530b244bb6d
7bdccb2e-82d0-45a4-bf41-02550c40a467,82,961,2017-11-24 04:12:00.0,4b275974_63ee_4cbb_aab7_95a028835755
7d56e9c6-6dca-46e5-8bb3-65b9450480ef,71,2186,2017-11-24 04:12:00.0,0fb9d14f_cf73_447a_af0d_20cc6980994b
7ec08e05-7c50-4f41-b2c6-4a2ae91f858e,72,1685,2017-11-24 04:12:00.0,055e14fc_4a89_4516_a12c_9ac6a02ad079
8061fc95-31f0-4259-aeca-0ded02835fe7,50,1066,2017-11-24 04:12:00.0,1db6bb1c_ef94_485c_99c7_abcebef6a740
81880537-6d93-442a-b6a0-49cac906514b,84,379,2017-11-24 04:12:00.0,dcdcfffb_1571_46bc_98b1_1d91db18ce42
83a54cbb-e582-49d8-ac85-cf9e93fc3331,87,3403,2017-11-24 04:12:00.0,ba20fc00_2128_44e8_929e_360734c421b6
86e16965-2009-421c-af13-3f8e5f9a1476,35,763,2017-11-24 04:12:00.0,15fa95fd_0f7b_42fa_9786_49258b7521a6
88c756d0-1f27-4147-bbbe-2e8475296570,72,573,2017-11-24 04:12:00.0,0cd1a912_1c81_4f32_8beb_41323849bdab
8a76cca1-1e06-4f2e-8113-b08f0bb3fa2e,47,2118,2017-11-24 04:12:00.0,d0dfa805_b3aa_4128_83b0_391ac394c874
8ae41bc3-a841-482b-9af3-84643d7aa2d4,2,3496,2017-11-24 04:12:00.0,615f061f_e6eb_4b67_9f3c_c77b72c169e5
8c1d5754-a8c5-43a8-b638-e3086b3d0ae1,34,1917,2017-11-24 04:12:00.0,0f918cc5_76a3_4550_8de1_6867afa27b73
8c844f34-4fd2-4b37-8d73-8d66edd2b796,3,2934,2017-11-24 04:12:00.0,831bfe0f_ae31_4fcf_a623_c8f2856c4376
8cae17b6-9dd3-4d19-8b1e-da04de0bbe4c,39,3575,2017-11-24 04:12:00.0,cf5818a5_a76a_4c60_be5b_a32ddc029edf
8d8c6e54-8067-4174-a8be-0eca49ab330f,47,1561,2017-11-24 04:12:00.0,50be83ec_b616_451e_a983_bbe13a1c86ff
8ddc2d3e-8fb0-469e-928b-d4f5cb2cbf99,68,1330,2017-11-24 04:12:00.0,24b3fb56_4bb9_45cd_a8c1_cf4d1e6c42e3
8ff14787-3a48-412d-a616-f15c53769386,89,3307,2017-11-24 04:12:00.0,d7a85108_922a_4307_ba63_c549a410feed
8ff6a719-b8be-418d-b1e8-7b18ee1f9ac5,23,1725,2017-11-24 04:12:00.0,5792375d_6b36_41f6_b757_8d5103852965
9001598f-3626-44ba-ab59-04b3557e6f3d,24,1546,2017-11-24 04:12:00.0,ecf9e19e_4c79_49ad_a20a_63c2a29116e0
92cdfdd5-c47c-44f7-9981-ea2ff84af5a7,77,2885,2017-11-24 04:12:00.0,7f375a3a_08fc_4656_9ea8_388fc3559019
95dafab8-3de7-4d2b-bb11-40f635c5ae26,15,287,2017-11-24 04:12:00.0,7f81ecb0_b5ea_491b_9083_efcc92819eb5
971d12af-30ff-4b79-9fb8-04bab1900299,33,1782,2017-11-24 04:12:00.0,3b15d45f_909e_4087_84e9_85653054dfb1
97395833-542f-4ffc-8d13-b0b745bb82e2,8,1395,2017-11-24 04:12:00.0,401ff211_9893_4afe_9a6d_1acf89f941c8
97df6c61-c4d6-4c83-b542-c40ff10f3a47,11,1321,2017-11-24 04:12:00.0,8c848911_43e8_4c11_8ba4_96279a3830ea
98248ed5-5d24-4516-865d-89d5219c5391,64,1149,2017-11-24 04:12:00.0,62b57f57_31ba_4701_bd6d_c9ee5933ba0a
989259cb-c685-4747-a092-6af51c1b3f08,59,3050,2017-11-24 04:12:00.0,4c48e5ba_d566_4d91_9fb7_7f09a17f7d4c
9989717f-75ef-4500-95e0-bf7452a59161,71,2100,2017-11-24 04:12:00.0,afc90fea_d897_4b12_85ad_074a353ad6fe
9a4c9670-f03a-45f4-9199-11f3d407412e,22,3397,2017-11-24 04:12:00.0,ecd5af23_32b4_4579_ba6a_3698f4e64e13
9ab93e98-06d8-418a-80fe-386c34674059,83,2668,2017-11-24 04:12:00.0,ad4e068f_aace_4493_84c6_66600003f031
9ac0bbd1-2a13-46c9-b36d-25bb42558913,39,3313,2017-11-24 04:12:00.0,edbfbb1b_3347_4fa8_a893_3a3e4d9b4be3
9ae46ff2-530a-49ca-8089-b8d7f57ef1ff,14,1522,2017-11-24 04:12:00.0,3c7b96d0_12cd_4a53_a03a_d70f008c8c77
9e72cd0b-0e6b-4af7-ba8d-f832c06fa92f,32,2540,2017-11-24 04:12:00.0,6cb87741_a95f_4b7d_a698_45d5ed94bc59
9fda07aa-47d6-4083-a92e-59e1c868cfda,94,1357,2017-11-24 04:12:00.0,e638d57a_2850_40bc_a99e_6c387330f4ec
a038b651-8c44-4eb4-bfc0-099ea9b59d36,19,2254,2017-11-24 04:12:00.0,2d88455b_f6f6_43fb_aab4_82ccc8579087
a17585e9-a63e-4869-9394-551f1e0e0723,78,863,2017-11-24 04:12:00.0,01449eb5_d5d7_4fc6_af96_52fd49fdbcee
a3436594-095d-4f7f-a80e-2d5a2467186b,92,3321,2017-11-24 04:12:00.0,59d45659_4f54_4199_b6d1_c335887b1c56
a5fcf787-5dd4-4299-91cd-976ee5f2d16c,20,2125,2017-11-24 04:12:00.0,0ff0c862_08d7_43fa_bfac_b734082c2669
a6d60920-fa96-47e7-a7c2-14c2cdf76ebb,71,2783,2017-11-24 04:12:00.0,d9f9eb64_59e3_4d32_b51e_97f6e593a685
a97bfde3-d386-4797-b2b0-bf47ecdebc8e,17,2183,2017-11-24 04:12:00.0,73e7dba8_07ce_477a_91a0_5c09b2485dd1
acc229f3-5979-46dd-944f-dd347f8af18e,1,456,2017-11-24 04:12:00.0,f556651e_4ac5_48cb_8789_98b00f3393b9
aef79871-d1e0-416d-a32f-e7aabfe2047d,31,781,2017-11-24 04:12:00.0,859aac43_2fa1_4169_bae1_1bc8b6b45002
b50cf833-55bc-442d-b932-835b96f9cfe3,95,1125,2017-11-24 04:12:00.0,f03db844_d182_4bd3_ba8b_37634a26b7c9
b64536a2-ed4b-4aea-9a2e-d34d70fe9612,41,1292,2017-11-24 04:12:00.0,df1f15b9_114c_420c_b127_755e0b41fb93
b8add383-96fe-43a1-b86d-0f49aa5266c8,29,2102,2017-11-24 04:12:00.0,d790867f_3fda_422e_a2b2_1ee59e7a7bcb
b8f8ec58-ca25-4e8d-bccc-e29c754eddc6,87,633,2017-11-24 04:12:00.0,2a186888_54c9_483e_b813_c8d8afbf7998
ba926789-0b09-41bb-82f1-6dfcf3fa50b6,84,1398,2017-11-24 04:12:00.0,f4843dc1_15ad_49dc_b01a_f09a9d74fa52
bc702b2c-2ec1-4c2d-ac0c-8a7f3c075fbb,93,2835,2017-11-24 04:12:00.0,44cc4dc5_e84f_4e88_ab45_efd507916571
c3ea3b5a-a7eb-4c80-9159-275fcd7af246,89,2632,2017-11-24 04:12:00.0,a9a8bb19_3e4c_44e1_a2d9_dd604da2b6ec
c46d8a14-5591-4514-927e-2603859eeba6,11,1555,2017-11-24 04:12:00.0,b6bf6c65_64ca_4bb2_a9df_1bc01ee82713
c523ab71-e2f1-4963-8301-56a2080f70dd,62,1541,2017-11-24 04:12:00.0,2110f9ef_291a_4aad_9c15_b8dadf922507
c560990d-7612-4f70-bc02-cc381d3b7af9,17,859,2017-11-24 04:12:00.0,48b3e2af_9bec_41ed_92f1_e6ee05a13e40
c6bb2171-9300-477e-ba70-b436afc764b3,8,680,2017-11-24 04:12:00.0,7ebc3af5_470b_4e38_88ad_04605a342370
c73aba98-5b41-45ee-b075-3d721ccff3bf,96,959,2017-11-24 04:12:00.0,9391c70c_57c3_41de_a7c5_0e0ac30ea1d0
c84e2ed0-5f64-4539-841a-71ffecbe12c8,18,3552,2017-11-24 04:12:00.0,520cf961_dea2_43fa_891e_0aa01974ae63
c9497047-d82e-4355-87ce-598969134a14,42,2998,2017-11-24 04:12:00.0,b0fa3a5c_b161_4902_b9f4_2ae3c26b6514
c9cf3921-59f0-4492-aed6-0f74685b492d,59,311,2017-11-24 04:12:00.0,049bf793_e352_4cee_834d_4ddbea8daf73
cf77c14c-b534-4922-8eb2-6c05081b2b8b,96,2531,2017-11-24 04:12:00.0,84992448_2bc0_4518_b177_9a3baec468d4
d113a869-deb3-428f-a0fe-0652a62463f5,27,3427,2017-11-24 04:12:00.0,94f0f525_a433_403e_b242_732520cf31ba
d1e68f56-0e46-4f46-bbdc-b70862dfab8e,20,3130,2017-11-24 04:12:00.0,902a5705_8e9b_4432_adf5_20642bd98944
d43b97ea-fd5a-4ff5-a15b-ba9c56abfdb8,44,3292,2017-11-24 04:12:00.0,f076e10d_85d6_4cf7_8b14_a2dafcb562dc
d4743a6c-a9a7-4c75-bbd8-05ce80ae102c,89,1661,2017-11-24 04:12:00.0,7aebb6a3_2804_4c3b_a7a8_d7c4ac04175d
d6587544-26c4-4af1-b38d-fccc2133244e,11,118,2017-11-24 04:12:00.0,5c45f365_3179_43b9_824d_8e61ecb7a1b9
d6d393e4-9beb-4b41-805e-6c175b0ecbc4,86,1508,2017-11-24 04:12:00.0,c9f4484e_b44a_4a2c_99fc_b7561253038b
d702d779-7764-400d-a015-3eb56cab1b35,56,3409,2017-11-24 04:12:00.0,3487f095_3caf_4e35_9457_a64079735ec0
d74afee7-c719-46d2-8191-d7993f928bd2,88,914,2017-11-24 04:12:00.0,1db7d5f7_6436_4ab9_a484_bb973b067870
d80fe4ce-eeee-4456-9042-4beaa70fbd4b,56,3540,2017-11-24 04:12:00.0,b57dff19_6e73_474e_acf1_090b5c53a4c0
dacaa3b4-3843-426f-bbb1-b985c79056f9,42,3289,2017-11-24 04:12:00.0,b6be4296_1d62_4e9a_b8e8_1fac093f3d43
db0b4a51-c3aa-4586-bc73-b8dd417ac8f9,10,1825,2017-11-24 04:12:00.0,964c67f0_ec32_4298_93ea_058db8e4687d
dc5b26cd-1c44-4512-ad56-f816efc45278,44,313,2017-11-24 04:12:00.0,15a13ad5_d365_4d94_ac3c_dcee45f2f94d
e04cbfa1-123a-4a93-a370-106afb19aa3c,69,2719,2017-11-24 04:12:00.0,25584e89_3bf8_4ab8_b4ee_e3491cfac2b3
e0583448-7b05-40ea-9879-b1c96ca184a6,25,773,2017-11-24 04:12:00.0,d24f7a10_5663_446e_89b2_a7f20c33b837
e0f8a60a-be45-4449-bad0-d2e180320314,96,775,2017-11-24 04:12:00.0,d7731c6c_af4d_42cd_a3a6_9f35a720105c
e2072ea1-4096-4013-b66a-618a02a34fdd,76,667,2017-11-24 04:12:00.0,379c04cb_df0a_4277_a3dd_bc0d09b2fe01
e2360bb1-dc39-4636-8400-b51fdfe67133,35,3516,2017-11-24 04:12:00.0,6332fe85_83a7_4646_a7f1_4ed5f0d1969d
e2998ce5-4f86-4482-9b08-3ca1e35a7a61,77,2378,2017-11-24 04:12:00.0,e1ea6354_7b05_420c_8dbe_43eeef54a66e
e3d61e77-5e53-4a45-b557-59692a70e84d,73,1155,2017-11-24 04:12:00.0,a731d35e_fd0c_467d_978c_cfe730c2b95e
e41aafb0-9f83-4ccb-9931-400f27902309,100,594,2017-11-24 04:12:00.0,37f0e1fe_7cdb_4cfb_b5a6_5936a0f2f149
e6e2eaae-95fd-4f99-87d9-7e5aedd3b8fa,3,1594,2017-11-24 04:12:00.0,fd19e770_191f_46bd_91b4_1631e595dafc
e8582f27-e190-4de9-a248-3e4aed2b7b8a,47,218,2017-11-24 04:12:00.0,4f01eb82_f172_4350_867d_db9029c0e099
e8e6c71b-511e-4443-95fb-47aea27215a1,70,765,2017-11-24 04:12:00.0,06af9cdb_dcfb_413f_bc98_56f91ca2fc18
eb6a18bd-351c-4c9c-bc90-558f0ac77a84,64,717,2017-11-24 04:12:00.0,07daf532_3e51_40d1_9418_78d722ee4abe
ebcb26ba-4436-4e5b-a547-8915882f5037,87,3237,2017-11-24 04:12:00.0,9010cb47_e7fc_40c1_af08_41a0e4bb86e7
edd1c1b5-45ac-45d0-8dd0-30faf96c48a2,72,3497,2017-11-24 04:12:00.0,13e19b9e_eadf_484a_911c_697225a4d3b4
f0299713-a68a-4f27-a188-0aa48d239fcf,64,1325,2017-11-24 04:12:00.0,53d62161_ad4c_4ed4_b9ff_0aa66f9163bc
f194148f-7b0d-4024-946a-d7ce33fcaab7,73,1002,2017-11-24 04:12:00.0,508fab77_a82d_4400_bf21_8e1517c162af
f3870483-b536-49b9-acd5-528a84dcb7ef,98,705,2017-11-24 04:12:00.0,bb976013_ffa0_4f7d_8f83_054f790edfdd
f4fae812-1a2e-49ea-9725-2757b93a38dc,24,717,2017-11-24 04:12:00.0,29c6290d_5cb3_45e0_ae90_666df4b95b60
f502a4ca-2c74-40e9-8bc4-0ae7dccdc12f,55,1308,2017-11-24 04:12:00.0,fef829ea_02df_49bb_8a53_1d75d966d353
f63bad59-14c9-4e30-9655-ec425c0d536d,91,544,2017-11-24 04:12:00.0,905a655d_17ef_42cb_827f_e28aa455e370
f78bcf77-522e-446e-ae04-eb409f737c96,65,406,2017-11-24 04:12:00.0,f26575e6_449a_46e9_bf93_ec7d25bc6ee4
f801151c-9f81-4b96-994a-dea518b6fb3f,47,818,2017-11-24 04:12:00.0,6bf9c5d8_f4af_40b8_afc9_aa09daff8be5
f9440bd8-0fbb-4d85-a297-ba1dba5bb749,65,275,2017-11-24 04:12:00.0,86bbd8eb_4590_449c_b2fa_aa38f0b25fd6
fb35665b-d73e-45fe-908c-fe345a21a094,99,412,2017-11-24 04:12:00.0,5f142597_a44b_4393_a5ca_628c77dc2a5d
fdf6fb99-0080-4328-80d9-222421c7db40,8,1668,2017-11-24 04:12:00.0,c18601ff_5ade_4aca_b12b_788cc10d381e
fe8e7fbd-8a63-427e-b150-e1c0362d1075,93,988,2017-11-24 04:12:00.0,4f172dde_6251_4a99_840b_95c57c513130
031820aa-f8f5-4105-b30b-096426dd1536,19,778,2017-11-24 04:14:00.0,6b9fed91_1bb8_42c2_9e6b_8bc65baa9ea9
033e2cf2-b942-4a94-81ca-785646a29728,59,1783,2017-11-24 04:14:00.0,d5a8ca25_ad78_4cd5_bcaa_88533550c9ed
034ac295-4483-4034-b2bb-359c760f20f3,27,858,2017-11-24 04:14:00.0,72d41198_4693_4f0a_91bc_f00477ab195a
056246b0-b21d-4787-9857-94c4917363f5,8,1080,2017-11-24 04:14:00.0,fbbf8af6_1a10_4e3f_9c5d_7ebea882b68f
0784deaa-942d-4bdc-8488-88ca8ff39b8b,98,137,2017-11-24 04:14:00.0,5b6a0e8c_8c30_40ba_aa93_5b1453024951
0a11086f-a275-4212-9614-19e95b8b18fc,14,697,2017-11-24 04:14:00.0,f6e94bba_4cd0_490f_bb52_c34474d825fe
0b4e77f3-f083-4f17-a1de-acb6c04df8d0,69,3590,2017-11-24 04:14:00.0,244f8ae5_e994_418d_953a_b6791029a2ea
0c184c2f-85e2-4d35-9d3c-0a347e5343a8,91,3441,2017-11-24 04:14:00.0,0a13dcc4_6147_4514_a2af_97c2bbb1bc28
16ee6b85-2812-4396-84cb-d0d7cd24942d,44,3075,2017-11-24 04:14:00.0,80659645_9b49_4ed3_a0bc_37e188fe8f32
172f457d-dd7d-4153-a093-7e7f56c50629,55,2206,2017-11-24 04:14:00.0,5e14aeec_0966_4dae_a970_8b412f40d16f
18228003-ecdb-4816-b941-1ee9766688d1,33,2078,2017-11-24 04:14:00.0,0542e59b_215e_4422_8980_b5c5f76d6cac
1b1aef15-205e-4960-a76f-0be9c4e81136,27,3522,2017-11-24 04:14:00.0,c89c6fe5_0856_459a_8f5b_3697a32adb41
1bc00544-7abb-43e8-99e7-20e87a64a635,42,1177,2017-11-24 04:14:00.0,46e8d2e6_0ddf_4590_b35f_fbc93115e495
1d4812fa-d250-440c-8446-6f8efa97e938,17,2388,2017-11-24 04:14:00.0,8cf0614a_7151_4b5a_84f4_05e46d9b9b02
1d75e5ba-0432-4ca0-a5b8-4632d41d197a,83,2396,2017-11-24 04:14:00.0,0e6d0211_0f8b_453a_abbe_94d4076900e7
1d90fde1-0a54-4e75-bcd3-78e1d1b4f0a0,7,1232,2017-11-24 04:14:00.0,0c9569f4_27b3_42e3_8d69_746d5af4fbb1
1eccb911-e01d-4e8b-95a3-e0465d4e1eb1,70,327,2017-11-24 04:14:00.0,8e7b5063_089a_42c4_9477_ecaf1477a9c1
1ef7deeb-f5e1-4cd6-a900-5393d456d57d,93,1610,2017-11-24 04:14:00.0,509f4c95_ecfe_4cf7_a47a_e43fb698e40c
1fc1efdf-d679-4d10-bd0a-dfdcfe2ad859,56,601,2017-11-24 04:14:00.0,f9f830b6_06bd_434a_963c_797fbd79082b
212d5bae-8f60-4106-86de-e593509f24e8,57,3511,2017-11-24 04:14:00.0,3f245eef_c033_48a2_8470_2c1ae6855fc7
21a15a21-4751-41dd-9fdd-43618b2a2ba5,82,558,2017-11-24 04:14:00.0,15a13ad5_d365_4d94_ac3c_dcee45f2f94d
22c0738b-9066-4213-ba17-db5acb70ac8d,68,1756,2017-11-24 04:14:00.0,dcdcfffb_1571_46bc_98b1_1d91db18ce42
2303981e-ec66-4576-9c07-6a4dfe44f5eb,31,3190,2017-11-24 04:14:00.0,0788f5ee_ddd3_4271_8f45_e2a2025a4748
2870d54b-d680-44a7-9d4a-84ca29ddb529,50,2146,2017-11-24 04:14:00.0,900d1607_a87a_45b1_8f6c_958453fa3261
290ebd15-f686-4c2a-93c1-8a692ffcf0fe,33,3146,2017-11-24 04:14:00.0,ddd84a69_f4ee_4b4f_a68c_282bf79bef4c
2ae40f6d-6fbe-4bb0-b368-ecbecbf6c29f,20,2501,2017-11-24 04:14:00.0,a06d66ec_066a_49d4_97de_98e87b1e8e26
2e4443f1-b144-495f-8062-1419c1440398,81,1530,2017-11-24 04:14:00.0,13edb542_3b33_4a8b_a9ba_e7e64530dd27
2e4501ef-db7c-4d7a-9f87-3e7b072ca136,21,2112,2017-11-24 04:14:00.0,e21851a4_0594_4d5a_b0e0_f1f96b5d9d10
2ed23395-f69e-4a00-a778-611476b5ad82,68,116,2017-11-24 04:14:00.0,4d8e58e1_dfb7_43bd_addc_3f64f34dcceb
2f5fec2d-6622-467f-af9c-005fec3f9e72,22,104,2017-11-24 04:14:00.0,46bfc708_6d8b_4bd2_8417_de47416290d8
2ffec04d-155c-4e90-82b6-561d42f10a95,45,1091,2017-11-24 04:14:00.0,d830ebeb_e945_4584_9830_ff633adaf582
308aca55-5aa1-4483-afb4-1a6185fc8aac,23,1996,2017-11-24 04:14:00.0,170cc47d_52b5_4982_91a4_909b37ca8c30
3091fde0-ba9a-4300-bcfb-940ab0041a17,94,1357,2017-11-24 04:14:00.0,357f225d_d4dd_4496_ae54_988a284e739f
32996386-95a8-4398-8c62-79cbcea0f339,41,1684,2017-11-24 04:14:00.0,4e30c300_74ba_40c6_bd45_8649ec11ada2
3366c911-b8a5-47fc-9bf0-3846417baa31,42,1348,2017-11-24 04:14:00.0,e4ef34c6_a96f_4783_b3a0_9bbbb8b3f295
345abe74-1bea-412f-8a22-1c17af9aa5bc,80,1375,2017-11-24 04:14:00.0,e338ef75_0b13_4e17_ba3d_4383a2edfece
3602d6ec-c8cc-4e2e-a3f4-1f4af2a1830a,39,2311,2017-11-24 04:14:00.0,e8cebb81_8f75_4d2e_9340_802953405c75
36b187be-a7d7-4ad2-896f-edc38217c05f,64,1206,2017-11-24 04:14:00.0,a3185c5d_5f3a_4273_8b8a_d0e70a94c3c0
371a9341-8981-49cf-91b6-deb99baa3064,98,1328,2017-11-24 04:14:00.0,049bf793_e352_4cee_834d_4ddbea8daf73
372ea44e-77ab-4475-83c6-a8603bff2769,88,2668,2017-11-24 04:14:00.0,821daee9_5377_414c_a96e_b0a6b547c854
39b7350f-e5c3-46d4-9690-45519fac3fbe,1,3178,2017-11-24 04:14:00.0,746f367c_d6f0_4e73_a778_f2320c5377c1
3a81d700-01c4-41e2-a33b-5d1c242374af,24,937,2017-11-24 04:14:00.0,50c19014_8d66_40b9_bbd5_de1c0c676203
3e6da08c-ad1c-4259-b7c5-334c20a73288,57,1185,2017-11-24 04:14:00.0,548573fc_1718_4276_a8e7_317b4627b069
3fd7a85a-7e72-411f-ae03-a1d14b502f64,90,2660,2017-11-24 04:14:00.0,ba20fc00_2128_44e8_929e_360734c421b6
4256297c-bcfb-4994-92d1-7543a70ad88e,44,1659,2017-11-24 04:14:00.0,87340b66_8735_421d_8748_7a277d2d7fb3
42a1115b-6bb0-4b2a-bb87-42e410118030,56,303,2017-11-24 04:14:00.0,c8b49a83_6960_47f8_80ef_d7a5437f0682
4381a1d8-003b-41e4-988c-de2bdf10d741,1,2247,2017-11-24 04:14:00.0,e88eb477_a9b3_4d7d_8b95_33856168037b
439728ea-8708-4e9b-b1fc-65a2f01d9f67,82,3385,2017-11-24 04:14:00.0,96300154_4367_4c2a_bfd3_689a023de1ee
4461b4a0-de23-4dc0-a3e1-2943b27aaf13,92,508,2017-11-24 04:14:00.0,ab675986_1027_452b_8b0d_2d071b23d23b
452e0ef8-81ea-4ee7-88a4-def39e3f148e,99,765,2017-11-24 04:14:00.0,190320dc_9f06_41f8_8e9d_f613e25eba45
465ff511-5acc-4e40-b506-b234b223a177,61,1647,2017-11-24 04:14:00.0,92c52505_6fcd_4627_a5cd_80f4c4b46f3c
494982c0-71b7-483b-8784-b0170484f3ec,52,208,2017-11-24 04:14:00.0,fbdd6198_5d24_45ec_9468_4b42e5a174d6
4b28f80f-98b8-42a1-99f5-7a082517155c,36,757,2017-11-24 04:14:00.0,0d3255dd_00e5_4cb8_a280_4fa262f95287
4b4cd0c5-631b-4ca1-b80d-8f0e6c2d3135,51,1521,2017-11-24 04:14:00.0,37f0e1fe_7cdb_4cfb_b5a6_5936a0f2f149
4c586649-8c02-4efc-8a7d-2e24d9c7ac5b,13,2328,2017-11-24 04:14:00.0,539ae7dd_69e2_490e_9035_e55f492992fb
4d5c6172-30c6-4d1e-b286-9daa0f117962,94,2983,2017-11-24 04:14:00.0,7843ba48_b79e_4cc3_899d_6fb1026c8d84
4d7b5ad0-4979-40a2-a55b-58200af9f7ce,85,2587,2017-11-24 04:14:00.0,08f4c50a_d34d_401b_a20b_b08c062e5732
4d7c190f-e049-4fb4-bdf4-7f6216eba7cc,27,2451,2017-11-24 04:14:00.0,38edb2a7_0a5c_4464_87c3_3e2f7acb81c1
4d880342-df18-433f-a9c3-0fa90658d318,39,2738,2017-11-24 04:14:00.0,30f455d7_2174_4d12_96a6_770570ef25bc
4dbcbba9-c858-4511-9dd4-813b77e1e8ad,78,1627,2017-11-24 04:14:00.0,cb3fab35_0a9e_468e_aef3_d832311ac2c0
4eaa3946-4f5f-4721-ac18-f6ec52912f1d,4,1913,2017-11-24 04:14:00.0,e27243cd_7b02_46c5_a6bc_1b143ef36366
4f59744a-dd36-433b-9ac7-345196cd40d5,4,605,2017-11-24 04:14:00.0,ea570f00_0d20_4704_9397_9f1b8335de95
508de3ca-2ab8-46b5-9cc7-555e69bc995b,98,2050,2017-11-24 04:14:00.0,6ec2f028_a719_4c3b_aa8d_c0ace305e1ed
50e92e94-200e-4af5-9b1a-a4da785786b5,1,1559,2017-11-24 04:14:00.0,5d0f1cb0_ea81_46a6_8f80_03f4ebd8feb3
512413a7-0d34-4a79-a98a-d465d9b3e6d3,25,1525,2017-11-24 04:14:00.0,ae1c3b27_579e_448f_9617_197a98b0ae89
532135fc-5e1f-47c1-a6b7-5d0a731efce7,59,1868,2017-11-24 04:14:00.0,14b618e1_4aba_48dd_b4e6_7fa96f0ff0e2
53cbbc76-2a46-41d6-816c-aeb9a86599eb,59,907,2017-11-24 04:14:00.0,7503c550_a671_4599_a583_b1d6eefab4e8
58550351-6dcd-4d87-b2a2-7e76b34d087e,6,3113,2017-11-24 04:14:00.0,5825bac6_b2b0_452b_83af_4a884413bc4d
589e161e-3846-47a1-8b13-35c871379f05,71,1877,2017-11-24 04:14:00.0,e1390499_cfbb_4ca0_8bb6_70793c27cd94
59355f9e-41f5-4901-b46d-97690f1109f2,85,3491,2017-11-24 04:14:00.0,f99eba38_710b_46b2_9218_19a7f5e7e62f
597f4e84-093d-464d-ada3-198301e9ea81,29,693,2017-11-24 04:14:00.0,08cfc091_f53c_4c68_b74b_0594939c7f47
59eb8f68-098d-4e7f-b8e1-d4c4eb3821fa,78,2769,2017-11-24 04:14:00.0,eec8dbe6_dd60_4462_9a80_c3725a7afe74
5d9e6ef8-9c8a-4d88-9c8c-aafff6bed928,91,1431,2017-11-24 04:14:00.0,848db405_a5ab_4903_ae90_aae9eda5ccbe
5f685e84-813f-45cb-946d-fb06ebefe47d,42,3566,2017-11-24 04:14:00.0,af259072_be26_4f5e_b5a3_513e73666f3b
5ff1f383-5717-499c-96cb-333503701601,35,1895,2017-11-24 04:14:00.0,ed7908b7_3864_4b6c_a72c_8219e437402a
60f8aa55-9abd-4b4f-ae8a-a2ec0d927cc8,100,937,2017-11-24 04:14:00.0,4b0bbd6f_aac0_4654_9661_052c4608f8ec
616d95f2-781b-4613-ae89-5470490edae9,63,3243,2017-11-24 04:14:00.0,9a0a36a7_d4b3_4ed3_bcd3_5c192a72d83a
636cc470-0b03-407b-a1f4-a4a5abb40e03,39,2929,2017-11-24 04:14:00.0,6a48f511_ecfc_4703_8db8_56a3d7babb74
644a26db-649e-414e-a332-47cbc610b8b2,93,575,2017-11-24 04:14:00.0,a8c43027_9e2c_4621_9e14_fea710fcfd54
64bc3d05-6674-45b7-a311-e07ae71f279e,45,3037,2017-11-24 04:14:00.0,1e296a77_9b89_42f0_8c41_4a45fe392829
64c83e1e-3b7d-41fd-bbf5-c618089cd7c3,30,1932,2017-11-24 04:14:00.0,c9f4484e_b44a_4a2c_99fc_b7561253038b
656842df-100f-4e7e-81f9-a7f8c18d3b75,45,1416,2017-11-24 04:14:00.0,3139b8a2_3173_4860_af23_b2a09651c3d0
658d1931-fb32-439c-a622-8e5350e6c9d6,41,1495,2017-11-24 04:14:00.0,d24f7a10_5663_446e_89b2_a7f20c33b837
67fc0b17-7ad1-4e56-a93c-e729d27910e9,84,2380,2017-11-24 04:14:00.0,f8f51c81_59cd_493f_b9a9_12d9ddaf9b9b
6c69c09e-c991-4bbe-b711-46ee1ada18ab,13,128,2017-11-24 04:14:00.0,a8f08559_e6e5_4aa7_ac6c_e0e451b1d707
6d53ce15-3810-4a76-80a2-8352e22bd6c2,79,2174,2017-11-24 04:14:00.0,57af77f2_a04d_4238_800a_2c10086a0bf9
7372fb43-a3d3-4ca3-b362-e797ba2432c5,23,789,2017-11-24 04:14:00.0,765da26a_685e_4336_bcea_5215a32ccb8c
73b24798-4a75-49a9-90cc-34c92da2f51e,34,472,2017-11-24 04:14:00.0,3630bbd4_a6cc_41af_96fb_46e3734924c2
742b4aed-3c3c-4796-be0b-458632393837,28,917,2017-11-24 04:14:00.0,d34f032c_1431_448a_92aa_61862bab179b
7441cbf5-e441-4562-9f8c-95cd584be99e,94,2806,2017-11-24 04:14:00.0,94f0f525_a433_403e_b242_732520cf31ba
755f3bc8-8c0f-4633-884c-a907cefd6ff5,91,858,2017-11-24 04:14:00.0,271984a5_91b5_4957_9f81_60c5a0693a71
75826166-bf40-4b71-8d55-a904c1c12398,7,1379,2017-11-24 04:14:00.0,0eca710d_6225_4327_8b1a_d79e6a21ef6e
7ad92f43-208c-402c-b84f-e53efdf11f18,30,2383,2017-11-24 04:14:00.0,338b446e_e300_4a00_83fe_7b603f497654
7b9e3166-2fd3-45e0-934d-fcf09965da18,4,962,2017-11-24 04:14:00.0,b1e082fd_b168_4b25_b53f_9cd481ddf3d9
7bc8387a-4abf-4549-9983-fd96d974e981,25,720,2017-11-24 04:14:00.0,50c98ff6_1052_4205_8c92_6ac2466e91f1
7c2fe5e9-7d74-4596-9a87-464be7d852e7,2,2131,2017-11-24 04:14:00.0,23dc2f26_c67f_4318_95ae_b834cc3fc318
7c794821-c9ab-49f2-9d27-d3712869cd85,60,123,2017-11-24 04:14:00.0,0bae5dd2_66b4_4f2b_81b3_56bf032b9fbb
7dd1aeee-be9b-4025-b0ad-fbf64f32645d,85,3492,2017-11-24 04:14:00.0,803f2e2d_373e_421d_8584_1bd32e520302
7e941378-d070-42f9-a213-ad8558acb686,74,389,2017-11-24 04:14:00.0,f0183ecf_5681_4eef_ac6d_ac7280d32f29
7ebe0de8-d402-4e11-aeee-644534d9353f,45,2882,2017-11-24 04:14:00.0,8bb14e53_6954_43ee_85a4_5f25ae0d8afc
7ec54073-0ef9-41da-bf36-bbdce7fc53fb,43,905,2017-11-24 04:14:00.0,a617f1f9_992d_44b0_9aab_b5308c545c85
7f123ca1-6a79-4aee-b6ac-2d261265c04d,95,696,2017-11-24 04:14:00.0,872bf2e6_8127_4697_9d69_637bef660c64
80eb4470-4c64-478e-bdbd-c865a29e9d01,70,2130,2017-11-24 04:14:00.0,e14eab61_2ea8_4291_8f7a_c5ad7e032d90
81c76ce1-7cea-4db7-8dfe-fcb3eb0139a6,32,951,2017-11-24 04:14:00.0,4674bdf7_0a4e_4908_ad68_604ae2e4bb36
82c857f9-411c-4743-ae18-2a71b9944a53,61,2962,2017-11-24 04:14:00.0,7bb02809_6138_4a83_ba38_0eda9171f1c0
82d36d0b-b752-4f53-bb13-96de0a8c363b,10,3331,2017-11-24 04:14:00.0,e074faf0_3b56_49a0_a97b_37110ccbfee0
845d9572-661d-4191-b79e-92278bc5895d,4,894,2017-11-24 04:14:00.0,1a098a38_9312_4135_854c_0819ac324bcb
84915f7b-3ee4-4e86-a978-f9bd71d68c7a,43,2168,2017-11-24 04:14:00.0,d6f4b132_e421_471e_a88d_1c92edcff9eb
85112cda-83c8-49f7-bea1-e67899379a45,17,2017,2017-11-24 04:14:00.0,5dd405a1_aad1_4c34_801f_f6e6c6e333f3
85289d47-7e4e-4e4f-bc5f-b6c6194b016d,85,3266,2017-11-24 04:14:00.0,c970638e_0e5e_48d7_a163_c6cb2d45d175
85dafb15-155e-4cdf-a222-0925a006c765,15,241,2017-11-24 04:14:00.0,3719055c_fb6b_4322_935e_0e4a65f50733
860095d2-9413-4e68-a663-c7c98ce0abea,74,2191,2017-11-24 04:14:00.0,5aa3db87_b510_4f81_ad37_e056453ac803
88891842-fb1a-4984-804a-41ff8c572263,28,552,2017-11-24 04:14:00.0,c098aaa6_cdb9_461d_8baa_68c62dafeb81
8b77dbdd-1dac-4497-8c6a-682db2db5fc5,64,2212,2017-11-24 04:14:00.0,606f6885_97b1_446b_902f_13a763ef9f99
8bdd6abc-8afb-406b-b76b-8d345a02e346,67,214,2017-11-24 04:14:00.0,b51cd382_5c0c_4681_a30e_e3c442e2232e
8cd0f6c3-2aad-4de4-9bef-23560d6d2d45,1,3088,2017-11-24 04:14:00.0,0cd1a912_1c81_4f32_8beb_41323849bdab
8d74cd7a-ae49-49d5-a91e-b672dc1ff6d0,24,391,2017-11-24 04:14:00.0,d875fa20_73d2_444f_a4df_0f85d8f16e17
8e19074c-d6f0-45cb-8eb0-737bc2fef685,31,601,2017-11-24 04:14:00.0,4f78418a_4fd2_4422_853f_2c0318d18843
907706fe-0f57-425d-96f0-27a649e6cb84,61,798,2017-11-24 04:14:00.0,38720d0d_524a_4781_9663_1eca0f1d8526
908d9706-017e-4583-b855-57003f3d8648,35,1189,2017-11-24 04:14:00.0,653ed9f8_c469_4c19_b112_4fcd1fe47ffa
930fb705-ea3c-4164-a7d1-9a766538b5e7,30,1675,2017-11-24 04:14:00.0,1ebea9aa_0e32_473c_a712_8d30557affa0
93ccf54c-984d-49ab-8fc8-c2600d528b7f,34,2703,2017-11-24 04:14:00.0,615f061f_e6eb_4b67_9f3c_c77b72c169e5
944c6b07-adb6-46bb-bbe0-7f9ed6d3f485,55,285,2017-11-24 04:14:00.0,cc8b6a53_0c29_483a_904a_734e1a9560ec
945a3790-78c0-481b-bc5d-e0a2d92ceff2,70,1244,2017-11-24 04:14:00.0,ba8cc007_a86d_4fe8_885e_729dff31de55
945d20d2-97ae-4e73-b406-780ae69b12ab,91,2318,2017-11-24 04:14:00.0,f162c1e8_1928_41fa_bb30_6d0b62600e71
94891319-fa8b-4ac6-8ff8-ee62ef99d712,30,212,2017-11-24 04:14:00.0,298f1ff2_3bfb_49de_8b65_544b637b0cf3
94b26940-21a3-43e1-91ce-8b299a0e6734,12,1990,2017-11-24 04:14:00.0,5231b85c_85b4_4f0e_8fa3_99cacd1e7cd2
9775cfef-748c-4372-b277-5724c0f70d51,58,2289,2017-11-24 04:14:00.0,4139d980_2071_4db4_aa6e_4f7dfcffdc53
977da68b-cfa1-414f-be72-a5446941e8cf,71,1574,2017-11-24 04:14:00.0,475ea2bd_474e_4a0f_80ff_cefe19d71bdf
9c03fd02-87ac-42ad-8118-e7b6ba3dcf6d,15,3326,2017-11-24 04:14:00.0,646e468c_e42f_4c3c_87a6_46c568c44642
9c11bd5a-2850-481a-a705-c347a853a311,44,3584,2017-11-24 04:14:00.0,74a5910d_0f7a_4e6e_a0c6_7f442a824f30
9c94a4ab-c26f-4207-af73-7ab293d831b7,39,1319,2017-11-24 04:14:00.0,feb6144b_287c_4f88_bc7e_710f330fbd1b
9dde53aa-cc86-4bfd-98aa-cef02f1748b6,33,564,2017-11-24 04:14:00.0,7112c17e_a989_4c9b_aedb_6586fcd6cb9c
9df485b6-02e8-4ae5-a564-d531e7f659d2,41,2302,2017-11-24 04:14:00.0,03d9d4a7_98bd_4a9e_8edc_5276450d8621
a015b118-0da7-46a7-aea3-a1530d16ec54,18,3506,2017-11-24 04:14:00.0,e4af1fb1_0f73_4d9e_98ad_6f70bb47210a
a02b7f23-dce2-43ce-810d-0a1f92557ae0,48,431,2017-11-24 04:14:00.0,3b826321_60a2_465c_9d21_32a16dee7d7f
a3aac4ac-1ba3-475b-b665-ae6daef5e01c,60,2318,2017-11-24 04:14:00.0,bff852c9_5072_4f33_bfe1_fb9a5f560653
a4ed54cd-99a4-4154-94aa-a6f989d49185,36,2864,2017-11-24 04:14:00.0,2edaa8a8_4b77_4467_a3e1_52c5105a3730
a5623653-977d-48db-b42a-9d4422edd21e,85,640,2017-11-24 04:14:00.0,cd5a8a78_55dc_40fe_b1f9_449d11f7e2e4
a6f9b130-6956-4206-b384-683811b362ae,20,878,2017-11-24 04:14:00.0,61ec4934_6aa6_4f07_a662_6258770c6dad
a9ccaed3-47b5-4584-9d19-947a24de1021,37,1130,2017-11-24 04:14:00.0,c4dc496f_725b_4e4c_8bd8_3f0e672389eb
aa969d40-e2ab-43be-a8b0-e9d51824c60a,66,1587,2017-11-24 04:14:00.0,206699d9_e932_430d_858c_f247dac40956
ab2855a4-c91e-44ee-aed5-cbf0eab483dd,63,1970,2017-11-24 04:14:00.0,0b4bc6da_797f_4872_92ea_cb99e2eb46c7
ab5c2d45-952d-49cf-a4e5-9f35153acf4d,40,2197,2017-11-24 04:14:00.0,71a2caba_fee3_42e0_a0f9_083cf562a350
af37a4f8-282a-4587-82f5-92a1ce3ee6da,36,2745,2017-11-24 04:14:00.0,c2d3cbd7_7a12_4d73_b69c_e898fe31d2bc
b0312104-9a6a-4d98-b50b-d410a41ef0ff,36,299,2017-11-24 04:14:00.0,4f797657_f887_467b_b70b_928484d71bf9
b2fc7cfd-e88f-4bb2-a816-929e07c25aca,48,158,2017-11-24 04:14:00.0,3c7b96d0_12cd_4a53_a03a_d70f008c8c77
b33226c9-8eaf-47da-bd19-c8b53dfdff90,47,1120,2017-11-24 04:14:00.0,498e2416_f0ce_46bf_b216_d1b513d7af4a
b3a42c67-7486-4fab-87ac-5849e9861643,59,1845,2017-11-24 04:14:00.0,f59de558_fb71_42f6_ab53_7107ee8e9cc6
b438be1d-e9aa-48d9-8149-32bb03bd730d,61,489,2017-11-24 04:14:00.0,fa203154_086c_4ffe_a769_f7272e25be9f
b4c876b5-12ff-4751-a8d2-c915beb8f628,97,1044,2017-11-24 04:14:00.0,4379ff65_63bd_4e27_b478_31507344ca67
b76a69fe-5f98-4419-a7a1-ffc5fafaecd9,56,1859,2017-11-24 04:14:00.0,8ead86be_8477_42aa_989d_4cc60d180ac7
baa7cfdb-7106-4156-b214-e6f25ecb0e21,12,1931,2017-11-24 04:14:00.0,e952bf24_1dc2_4dc1_aed8_5e1a1eca5813
baaf2fb3-7b56-414f-99ef-f31422b9b036,87,592,2017-11-24 04:14:00.0,de6f03c4_b63f_4f10_908c_a885425b45e5
bb30bb05-e663-455e-bf36-e8c5ce46073a,54,2598,2017-11-24 04:14:00.0,0b0b69a3_649e_4c32_854a_b34a63a6fe4d
bb36f268-5a74-498b-bd88-168cfff872e7,4,27,2017-11-24 04:14:00.0,defb03c4_fde1_4fbf_8049_f64af6eceb4f
be40a8f9-b104-4b4a-b5c5-f6541b4c251f,88,2399,2017-11-24 04:14:00.0,6b0a9848_db88_4cd0_ab93_9b691e01cf80
c0172353-b108-4113-897f-792c57a444ac,51,2724,2017-11-24 04:14:00.0,51a50970_f09a_47a4_ba41_64cbf378c4d7
c129cf2e-0208-4994-9b0a-6b382283cb7b,17,2118,2017-11-24 04:14:00.0,907095db_3d20_418d_9f12_c79a87095220
c4b1e4f8-5f7d-4edc-98b2-2f9fb3cd6666,18,3077,2017-11-24 04:14:00.0,12ef4aee_1185_4ab3_98e2_3242268f42be
c5175903-e284-477e-a843-109ba9507081,98,2791,2017-11-24 04:14:00.0,6f9e9a8e_d807_442c_abdc_c2135359f947
c59a47ab-777f-429e-bb82-55ebf0a7bc72,10,1781,2017-11-24 04:14:00.0,02f40ca8_4b5b_4785_965b_c3913c515fbf
c5d19b0f-1341-4928-9999-502ed8c322e7,63,852,2017-11-24 04:14:00.0,ac337cee_5afc_4a9d_8458_764ad3ef3cf5
c7a1ed2d-386d-476d-8537-e958fd4bd055,19,3202,2017-11-24 04:14:00.0,ed9924ff_1dca_489a_94cd_10690d84e825
c7e57115-1a1e-4d34-88a1-7f5fadae88b4,74,2771,2017-11-24 04:14:00.0,3bfab766_c0de_44cd_ad9e_86dee185fe73
c7f62754-725d-43b0-8cb2-34ba15ef7827,44,1517,2017-11-24 04:14:00.0,417a2112_f8ca_4305_b601_4a9fa8dad5e7
c88d6a54-e48c-4c0e-b090-f46b49e929d3,10,983,2017-11-24 04:14:00.0,65d6faea_dfed_4256_93f4_5ad903343003
cab89891-23b1-42e3-a05f-3751f740ba38,38,841,2017-11-24 04:14:00.0,32b8c985_255f_4bfc_bfda_b3dbb1bab8fb
cc5f252e-170b-45d4-b673-27c839161c15,98,2975,2017-11-24 04:14:00.0,028a0c13_0561_47ee_82ca_89c544c3ce5c
cd2c1864-1d43-4450-8572-f7c6447f5af8,14,3316,2017-11-24 04:14:00.0,c4569115_305f_4d2e_a9ce_c82517c95e39
ce9fae70-3de7-41ec-96b3-e3729dd92e14,85,2795,2017-11-24 04:14:00.0,aee5461c_a481_4f4c_a13b_4a9147ee494e
ceca264f-524e-495f-b450-59959e5efbeb,67,1490,2017-11-24 04:14:00.0,467e54eb_2c56_46e1_8ccb_84165400a511
ced4c485-a8cf-4af2-8a60-fdc30baaf72c,51,15,2017-11-24 04:14:00.0,7eb4241d_a91d_4cc1_982a_8c1a14df2558
cfa215bb-ef10-4a40-8a98-93289d48a4b4,11,3118,2017-11-24 04:14:00.0,b292c6c5_5a63_4766_84d1_17a3adec64d5
cfbe5c71-7a5c-4371-97e5-b0a5caff3728,91,2228,2017-11-24 04:14:00.0,05761c61_f29c_4c79_b849_b7fa3425744a
d4386355-ac95-46ac-b6c5-8966e52e8c63,53,1836,2017-11-24 04:14:00.0,d34fdb97_e1b3_48c9_9b29_317b7555f8e4
d640b9ee-42d3-436b-a917-57247363ec78,51,756,2017-11-24 04:14:00.0,3753d2c2_6c55_4292_b1f9_2b1a78b09f7f
d938aadb-6fe0-4047-bb82-73db22539fb4,23,287,2017-11-24 04:14:00.0,3ef1f726_dba1_400f_899e_ee44203cd0e4
d942f63b-47e6-4cf6-b4e9-be03cf367044,98,1729,2017-11-24 04:14:00.0,4c1cc496_c806_42fe_8756_dcb792d054ee
e12e729c-3dd7-4197-8f74-787f67c1cc43,89,902,2017-11-24 04:14:00.0,225f4af3_1a94_4d02_818b_8201b0809dfc
e20a3b5e-d35a-4b33-a7ca-7447b52c7ba5,55,2355,2017-11-24 04:14:00.0,7780cc5b_b65e_4acf_bcec_a30886f33bec
e42406c8-a2a6-4bd1-aa5e-eea30f37b78b,83,841,2017-11-24 04:14:00.0,a356441e_51c4_467b_b39f_db72b18d015d
e5fd70b6-00c4-4d5b-91d4-50c1d2b7ce78,77,3029,2017-11-24 04:14:00.0,wemo_06
e7a96273-ebd5-45d9-bba9-2c95582855da,69,1068,2017-11-24 04:14:00.0,6bf9c5d8_f4af_40b8_afc9_aa09daff8be5
e974f3fc-cb5a-41e9-89c0-a11185862d8c,88,2967,2017-11-24 04:14:00.0,18bb16ec_2124_44b3_89eb_e31a96cae208
ebe69e98-c0c4-4a76-9661-b00123e9405e,67,1645,2017-11-24 04:14:00.0,3ac87264_6c2e_42fd_917e_67ec920e3800
ec1bd6c1-811d-4740-a230-c4b5e0b0cd7a,24,3063,2017-11-24 04:14:00.0,fb19cbde_aa51_4cf6_b127_fce56ba77b0f
ec3b2738-1b5e-4d1c-8965-ece5f8c141ed,83,1590,2017-11-24 04:14:00.0,e5383b74_52c1_4eef_8d9c_4ed206a014fe
ee855782-2f32-42ec-bc70-4c868748dc7d,37,1129,2017-11-24 04:14:00.0,c5ac72dd_330f_4ce6_a030_5da744f9b330
ee89587d-dbae-4ce8-bfa5-5dec17a104d1,9,1269,2017-11-24 04:14:00.0,088d0c88_f77e_4fcc_aaae_9681e456e950
f23ba475-4a88-4591-b612-842b60b8a239,44,2153,2017-11-24 04:14:00.0,ca40ff7a_7226_4be3_8377_c405c13eca33
f305dd81-ffcd-4dec-a664-6c22f2ef11b6,70,1733,2017-11-24 04:14:00.0,d3d5d284_2298_4e81_a3f9_b231c7a33851
f31c877e-f6ed-464c-95a8-a91764579cea,46,3228,2017-11-24 04:14:00.0,678677df_54a2_42a8_99ab_fca2d7705e9c
f4410cbe-f7f7-4f53-b7e6-260336423784,80,289,2017-11-24 04:14:00.0,d0f3d704_2707_4921_acf0_71b6be1ca77e
f459b153-1eda-44f7-9146-ddae58c25de8,17,2799,2017-11-24 04:14:00.0,b550951a_addd_4702_9816_d57e2f027d55
f834b900-7f04-45b0-a772-923db4de499a,87,434,2017-11-24 04:14:00.0,9b2dcbf1_28db_4c95_bcd8_1223dce562a6
fd035928-b208-495f-b41a-2bd77f81df59,67,36,2017-11-24 04:14:00.0,86bbd8eb_4590_449c_b2fa_aa38f0b25fd6
fd18797e-7cc7-4c4d-a482-9ea6ded1d1d5,22,3592,2017-11-24 04:14:00.0,00494232_2708_4b84_b019_9a9686333bc8
fec15cd3-5864-4234-97aa-575459362869,8,2022,2017-11-24 04:14:00.0,4be6198d_0828_43fd_bf01_0c3ecab916b9
fff1fdb3-e0be-4236-9943-fe9fcb7310a4,6,313,2017-11-24 04:14:00.0,69edd8f6_f4f2_461e_8b2b_3bd4e57fedbb
