0029a7ac-9cf5-4791-ba32-c8298b564b77,70,2017-11-25 09:30:00.0,465dfc01_e3e6_4d7c_a562_50781892269b
021f3611-1813-45c7-bfa7-937b1e09221b,71,2017-11-25 09:30:00.0,23ed1f11_b433_4741_b274_29f665e76377
05226d96-23df-4ddd-8f75-40e1ed6c3839,83,2017-11-25 09:30:00.0,13bb1bc5_309c_4a1f_86b4_070e1f2dc8e0
0524e644-9c5b-4143-9176-403757865841,12,2017-11-25 09:30:00.0,4827568d_1db3_4329_9931_9ca20104b8bf
05ae3dbe-0c05-4d33-8cab-00d24c8c9773,89,2017-11-25 09:30:00.0,1885e7c4_2bca_4fa8_968a_81e274bd6478
0684c373-9551-40c1-a993-2f97dc443ed3,28,2017-11-25 09:30:00.0,55444b53_4456_42c5_bf1b_93b549385e0a
07cd5f0e-03d7-4bba-a8e6-ea0503690cb8,31,2017-11-25 09:30:00.0,6e3498ba_fc05_4b21_8739_51fb34efb63a
08177b0f-5b9d-41df-be95-f69bb6b8475d,66,2017-11-25 09:30:00.0,c1a62ead_26a6_4c5a_b468_b433cc48f3ed
0a416fe8-864c-46f1-8dd4-e32c1e9a17af,87,2017-11-25 09:30:00.0,26679d97_8d67_4ddd_939a_dcb1fbdb9df7
0a6f626a-23ea-4625-aa1d-cce960a5b02f,67,2017-11-25 09:30:00.0,68f8997b_c92c_4ef3_a433_8ecb40999414
0a8928a8-749c-48e0-8db9-ffcb09b57244,75,2017-11-25 09:30:00.0,3f900cf5_87bd_47a2_ab79_536601fcd9dc
0cdcefe5-f82c-4288-9aa0-3ced06b5591e,51,2017-11-25 09:30:00.0,bd9313e9_d462_43ac_9946_4496332833ae
0e006af7-c6c3-4e23-b2b2-aa191d6d58d2,52,2017-11-25 09:30:00.0,eb2c811b_4e4b_4f67_838c_d79aacd6c9de
0e4bf0f6-8ce3-42ff-bd70-c4d750657a94,57,2017-11-25 09:30:00.0,50d16360_4d3d_4cba_b99f_839186f8d594
0eb8deeb-675f-498c-bc4a-e6b495392fca,100,2017-11-25 09:30:00.0,21c6fd11_e0c1_4c76_a8dd_6f6efade623c
105351bb-89f3-42dc-8e35-4aa2154e6518,74,2017-11-25 09:30:00.0,83dc32ed_35e0_448e_8594_db6f36d4fb4c
1236fdfe-9fb3-484d-844e-58f3960d1d77,81,2017-11-25 09:30:00.0,3939d7ca_b788_476c_84b5_8269f5ad036d
12af0868-4973-4f6a-b4c0-59c5772ff068,29,2017-11-25 09:30:00.0,a26f3d67_b562_4bed_b8fa_53c4a2f58e51
1502ba07-45b5-4715-881a-11abe598eff3,43,2017-11-25 09:30:00.0,8b1750bd_96af_4dbc_91e9_568b21c682fb
160eacc2-2981-407b-ab74-2d7d2eaaa5ba,83,2017-11-25 09:30:00.0,d27c9867_35de_4726_83cc_438be2d443d4
16138cb8-e9cd-41e1-a637-6bf465974e2d,92,2017-11-25 09:30:00.0,a001cadb_20af_4b1f_a819_e08220b22259
17118b83-f4fd-4de3-aeef-a073906dac85,50,2017-11-25 09:30:00.0,dc1bf19c_60bb_46a5_9567_6586464169a8
17483c2c-f2d3-4281-8541-151668fda67b,18,2017-11-25 09:30:00.0,934b8886_e946_4f39_9636_a9d356b8a151
19b2a85e-079a-426d-9d7f-7bb64796b842,74,2017-11-25 09:30:00.0,c1b269ca_1480_4279_91c3_5d507e4311dd
1a19d764-2006-4106-9e2c-cda746880ddb,6,2017-11-25 09:30:00.0,12da8489_d677_468c_b536_e79ffee2c59b
1ae971df-c56d-4b7f-97fb-aba88f997b2c,39,2017-11-25 09:30:00.0,ae05b6a5_c85d_4202_ac7b_cf818420e4e9
1c55ed0c-0654-439c-9e16-f37819e61953,82,2017-11-25 09:30:00.0,37e1b4cd_4bd5_4610_b53a_16e5b1d6aa9a
1cc0c2ee-c533-4833-ad59-a183c5c77482,26,2017-11-25 09:30:00.0,90dd3e51_72c9_4e6c_92e5_8be430b7c60d
1e05068e-8abd-4fbd-afce-f8fd3e9ea522,87,2017-11-25 09:30:00.0,637b31c8_4da5_44f2_b757_9a1cef8de062
1e1a0ab3-fc63-4163-93f1-da2b494998db,17,2017-11-25 09:30:00.0,856f795c_6642_48ef_b27a_4eda99922467
1fab94aa-1e47-4938-aee3-e66d14934a4d,12,2017-11-25 09:30:00.0,3823a645_ce6e_47b6_be0a_49c34f4d6540
1fd70c77-3c0f-49ee-84ed-41cd0a2ef394,76,2017-11-25 09:30:00.0,3ab38320_7d78_4f30_b334_be20de732d9e
1ff2bcbc-14fe-4b0b-b393-65acc6521554,20,2017-11-25 09:30:00.0,38e3b1c5_ddad_4411_9983_14363606d11f
21e9cf10-17d3-45bc-a94b-eac2cf1fc10a,16,2017-11-25 09:30:00.0,0920fd5b_164a_4099_87e4_d32c8c79273c
22615667-d118-4ded-9516-e728bc5fc790,92,2017-11-25 09:30:00.0,c60829f9_749d_4d07_b383_9b04009e6280
22f9802f-d753-4d38-bd9e-ebcdf8d9409a,43,2017-11-25 09:30:00.0,5432bb0f_4fd6_48f8_9f92_99fa18a86e2c
237e17d0-0b48-4765-937b-be3544298636,38,2017-11-25 09:30:00.0,c97f2d61_b7d8_4210_abe3_7e4843c08e1e
24d6ecf1-bc57-47d7-9358-fcda05d522ae,38,2017-11-25 09:30:00.0,e5896b56_d946_4291_8f10_a209de9aad65
2c1f6467-59e8-4030-bfac-0da5a3574bae,84,2017-11-25 09:30:00.0,125fe7cb_0287_42e4_a2bd_aff538bdeb2d
2d549159-809f-4935-b67b-6a6a5347295e,14,2017-11-25 09:30:00.0,6ef895cd_fab5_4c27_8538_50ad37f66648
2e391e88-649f-4ff6-9cf3-76b66ef1b210,72,2017-11-25 09:30:00.0,12242f82_8a7f_46c8_b620_24b8c2748231
2e9cb303-001c-4044-b65d-0e9ba3819eb3,85,2017-11-25 09:30:00.0,b0563fc4_73fe_445e_8d73_6e7d9beb8881
2fed04cb-664d-4145-89f5-4c7f355f96b0,60,2017-11-25 09:30:00.0,d67548f4_acbc_471d_a2b1_805c8f80aa58
30354972-e931-403e-b147-4e30b2801413,71,2017-11-25 09:30:00.0,c639bcb0_b8ff_4a63_9444_db2ce989e8b3
308b3797-c294-40a4-80ac-c1d59145925c,63,2017-11-25 09:30:00.0,ff67ca01_ab4e_4767_8969_6a626d4d6f4e
314980d1-039c-4903-bac2-ce702aed4570,27,2017-11-25 09:30:00.0,c61d26d7_a1ac_427c_928c_5f579636c5db
345736f7-6249-4740-a6d4-6036bb0648ce,10,2017-11-25 09:30:00.0,92e71dd6_9f1a_4a52_aea8_2706f123c171
34e0c1e9-fcce-4f88-9d91-67ddb2884fbd,57,2017-11-25 09:30:00.0,fe2af187_60dd_48a9_99f3_4540684b6080
3590e9eb-9def-44cf-9216-755e2231b81f,64,2017-11-25 09:30:00.0,12626405_4464_4889_bed9_9b371930598c
38a5d34b-c968-4db2-956b-82afdb77954b,67,2017-11-25 09:30:00.0,a25d288a_9565_48c7_af64_b110713f7c62
39074b35-1529-49e3-a314-086e7f058d36,81,2017-11-25 09:30:00.0,cdbca035_2818_49eb_8441_b8c234a77b59
39a6fc0b-b59f-42de-995f-18774a98d424,48,2017-11-25 09:30:00.0,24e7b522_9d3d_4096_959f_e62ce7b23674
3a27e3d6-6199-4078-83cb-b64a33e8e51c,52,2017-11-25 09:30:00.0,ab6e71aa_23bd_46a0_8e01_bab86d934cc9
3c022239-d5de-4a8a-aacd-de2638040903,63,2017-11-25 09:30:00.0,33355410_dc2a_491e_b865_868d4efa9282
40d3bb0a-d66c-4390-a80d-a1be7f7b560e,58,2017-11-25 09:30:00.0,c5cae245_a8b9_457e_bb50_b61d88218f0b
40f2b933-a33e-4ac7-a3af-7e371d3fa61e,55,2017-11-25 09:30:00.0,dad9d142_e38e_407f_8e21_87608d8162cb
40f6189a-a04f-4ad1-bf5e-0903806dfc07,20,2017-11-25 09:30:00.0,c6ff30d5_3854_490c_bc44_38b82698c62e
423fc0eb-e64a-4312-b4f0-c0a59aa38642,15,2017-11-25 09:30:00.0,2c8fda8b_e013_443a_9487_2f5f98e42b56
42e0cdce-c706-4ff4-83dd-2fe988de4834,6,2017-11-25 09:30:00.0,95ad844f_b1ae_41be_8f06_848af8aeda89
42e7b64a-8503-48ab-866b-e2d171684078,61,2017-11-25 09:30:00.0,4728226c_aa5c_4575_a888_16f8928ff411
43eee9f6-b4dd-447c-86d1-be159dfc8ae4,39,2017-11-25 09:30:00.0,230eee2b_ad1e_4ac9_b412_84ca5a386d7e
43f7084a-4226-4cc6-9b8e-7f385338182f,88,2017-11-25 09:30:00.0,2070c434_a1fa_4fc5_9f46_873afd03a808
452f4a88-5009-4602-aa80-cdb6ba19f2e0,81,2017-11-25 09:30:00.0,70fe2e8f_4baf_4ef0_a133_205d302190eb
45ce2d45-63d0-4def-9e48-5a753b0c6887,95,2017-11-25 09:30:00.0,7431ccc8_69ed_4fcd_9d82_7dd67172c611
473aa4d3-f3fc-46d1-bc45-015cb352997c,95,2017-11-25 09:30:00.0,bc2ee943_42f7_41ea_8276_3cff63e5399a
49720d75-c2a5-422d-8008-8b4d2d5e8881,45,2017-11-25 09:30:00.0,5b70cdc3_2532_4105_b54e_40f0733c68cb
4a2f74e0-38a6-40c3-b912-94545a603f0d,95,2017-11-25 09:30:00.0,4853b648_ebd5_4168_b7dd_0aa480a6c224
4e02e779-df77-4bdb-a059-f0ef4728be92,16,2017-11-25 09:30:00.0,c8918e25_3f33_48bf_971a_015d67dafb77
4e18723c-f76b-4d7a-bd2b-97ab6b784c09,50,2017-11-25 09:30:00.0,fb88292a_2c64_4b91_819c_253d1ed2364d
4e7865d1-2fc4-4157-ab8f-3a370f8cd2b6,93,2017-11-25 09:30:00.0,7b9039e5_fc5a_4cc2_8cc0_2d7f9ea2b9e2
4f96e681-5795-443c-aeaa-887d413e1747,27,2017-11-25 09:30:00.0,7fdf1862_6be4_474f_9f01_84ea9112c9fb
52f00ff7-83fb-4982-8097-d575883e107e,5,2017-11-25 09:30:00.0,6b70fd4e_edbc_4964_b5dc_3735620cecca
5475da89-0f9e-45c2-9892-62eecb8737a7,71,2017-11-25 09:30:00.0,60674de8_5303_48f7_b0ac_05876a3615ff
547f2d70-f7e0-4d37-bb4d-cb7b51eaf53c,39,2017-11-25 09:30:00.0,16c9e927_77eb_4fbb_bd82_6ce6bfd786ac
593bab2d-6aee-4881-9178-bb0c9d9ba495,100,2017-11-25 09:30:00.0,13908565_cf89_4d88_b90b_c609ed2dac80
5c5bd50d-30fa-4ef9-9e55-528228ff05d9,93,2017-11-25 09:30:00.0,59617139_9053_452d_b30f_3dffe1348723
5cad578d-c575-4d19-bf05-23d9629beea8,2,2017-11-25 09:30:00.0,d561a0a6_f990_4f84_8226_3e96f3fa6f1e
5e1cb988-0692-44cb-b0f2-4ffc50db771f,27,2017-11-25 09:30:00.0,194f6244_c450_4c9e_8f67_bb904bf8aa25
6087aa7e-9763-4633-931f-9bea3644d295,92,2017-11-25 09:30:00.0,f6165efb_7e8b_430d_b70e_135aa48d6f85
60a1710d-0d08-4e52-b294-3f29fd2ce4c2,40,2017-11-25 09:30:00.0,1221af48_14f2_4c35_b607_eb5c68dcc74b
60d0a445-2017-4900-8493-7486e082fb9a,29,2017-11-25 09:30:00.0,ff4aabcd_5a75_4fc3_a5a4_a647642a12bb
638fea71-d854-4ed3-a7f4-0c9f69485953,56,2017-11-25 09:30:00.0,4d406aed_66b2_4431_a61e_145dd5c00c0b
64e1eba0-237c-4cb7-843a-45915b4e3ce0,71,2017-11-25 09:30:00.0,c169773f_53e3_42fb_bbc4_17a4ddd5b986
66b19f90-d495-4d06-8e88-b02936a4015d,13,2017-11-25 09:30:00.0,088af802_d2fb_42a8_b519_ab9dc8a29038
679817d5-e3a6-4f7d-884b-03e5a98a362e,23,2017-11-25 09:30:00.0,81a18f4e_715f_493b_952d_c9305f60bd66
6828c4c1-5431-4038-8f24-91765f1d7f7b,98,2017-11-25 09:30:00.0,a9f3e1ff_3019_4165_9121_b56b26b51b07
685b5654-92a2-464b-be54-04ecb8d60f08,94,2017-11-25 09:30:00.0,e634c636_35df_4e6e_b988_cc29da9f954f
69121f5c-a4ff-4bcc-beb2-f593bc78cd7a,76,2017-11-25 09:30:00.0,b4f5d8b5_d864_4530_bd94_30f66488fe2d
69fafcfd-324b-46a0-87f7-4edb69f401e5,82,2017-11-25 09:30:00.0,e0d41015_df0f_480a_a085_2efdfad4e0d0
6b3ff5e2-7732-4b08-87a5-c61d5b309550,24,2017-11-25 09:30:00.0,57d40c5e_1805_4125_aa4c_728ab3f21665
6dd40074-14bf-461e-a42e-07d018d571c2,81,2017-11-25 09:30:00.0,76279beb_d920_4583_918f_1c24cc4d8a95
6e7597ab-89e1-4709-aac7-2942e4131cfb,15,2017-11-25 09:30:00.0,2bba86f6_d347_4a73_b78e_b2413b084216
6f7b37fd-025a-4f3d-bb65-7d72e474b1fb,53,2017-11-25 09:30:00.0,7d97cd8c_a27e_4c58_8307_9ef4c0852ee9
6ff31ae9-2f8d-4845-846b-ce272ce5b0bc,12,2017-11-25 09:30:00.0,af1ac1c3_f0dc_4246_911f_0b547ae0bfc7
6ffec619-6333-4b8b-aadb-53d3acbc1ec3,15,2017-11-25 09:30:00.0,f0080878_26cf_4b5a_91ea_e39bf3729f9a
70b580fd-ef73-48aa-a609-e80cdb93216a,71,2017-11-25 09:30:00.0,a4cb5787_051a_4bc0_9c03_f8f2c226589d
71c50f1d-f0be-45d1-8b8e-b5ca1443da3d,39,2017-11-25 09:30:00.0,c9d8a025_4d62_444e_a667_9eda805236ff
7236c8af-9a95-4be0-821e-85a2e0590d1e,59,2017-11-25 09:30:00.0,ea3e7c59_055e_4600_a74a_095962836c3a
73d4d1b8-60be-4259-b7a5-9ddae1e18935,10,2017-11-25 09:30:00.0,2dc52273_e513_4a6c_98b2_b394dd67f237
753a767d-a4ef-499e-ba8c-788175ef6baa,40,2017-11-25 09:30:00.0,e642681f_92a2_4fc5_b77f_140f3bcde28d
754cb414-9f47-4201-bdb9-6a67dcd10020,90,2017-11-25 09:30:00.0,a319e568_f4aa_4fbf_a68a_0fc7d9e456fb
78eb0832-5990-48c5-8ea3-39300e8577d4,96,2017-11-25 09:30:00.0,aae1d3dc_3001_4e6b_be55_df5e86b7adc4
79c20397-770d-46e0-84e2-a5a889a10d9f,80,2017-11-25 09:30:00.0,8f4ff99f_ba1b_43b4_ad22_262c56e204e5
7e1e1a28-6197-4772-a0d6-8361eb991875,28,2017-11-25 09:30:00.0,ce9a5f4d_795e_4547_a7d4_ec37ac30cb8e
828b7540-3e5d-4347-8d87-b582060466b9,13,2017-11-25 09:30:00.0,871fd065_91dd_43cb_839d_447f3250905d
88f1b07d-2853-4b53-b22a-498f35db645e,22,2017-11-25 09:30:00.0,907f1956_cc5f_4305_976f_abad84fcf4d0
8a00ea62-4f3d-4adc-9cb9-81b8ff92ab5f,27,2017-11-25 09:30:00.0,aab00100_e641_46d6_a9a7_4823cd2561cd
8a1925df-17db-47aa-a356-9428a5645374,90,2017-11-25 09:30:00.0,9bf58875_d609_48fa_8f48_c84e8d34714c
8a3879ba-9da2-46b0-8373-1f55fcdc87e1,92,2017-11-25 09:30:00.0,7182630d_39ba_4f4c_9034_f2c61f53f20b
8ba6aedd-7419-4cc7-935b-89c63bbd6aa8,3,2017-11-25 09:30:00.0,2c3611cb_27d8_4ed0_ba11_fb50d317ed03
8c774279-3604-4b95-b6ef-488fa94fb490,19,2017-11-25 09:30:00.0,f54ff2e4_27e4_483b_ae95_f4af2c53e22f
90297fda-868a-4b57-b484-7c69d61fd360,73,2017-11-25 09:30:00.0,70008bfa_c260_4456_887e_a874c36ea63b
91c9bb8e-a25c-405c-9e86-a7401693a6d7,21,2017-11-25 09:30:00.0,bb78cfc5_b3d8_4022_8753_02ebbc92ac9a
92955f6e-c3e1-4b2d-9dc0-1b0df7010f8c,27,2017-11-25 09:30:00.0,acf15f56_221e_4afc_beb4_1a1dc120bf0f
94fbf891-e0fa-4706-b906-b7d743d68106,6,2017-11-25 09:30:00.0,d6a55df0_bc0d_4a6f_aa95_d41ce268abc5
950dd441-0492-4694-bccf-8d697402dc44,21,2017-11-25 09:30:00.0,fcebd0c2_6762_4f87_ad71_491eabcdb0db
96b1ebac-2fb3-428b-9b4a-a3f4a4d639fa,38,2017-11-25 09:30:00.0,1a3cf7a0_f21f_4b23_842f_bb467fab76b8
97305b70-5b10-457e-b2e7-a5059b712796,19,2017-11-25 09:30:00.0,6be868dd_f3aa_49a8_8233_37fc415de0ad
97e45730-377b-4671-ab40-b6bf256a3a1f,47,2017-11-25 09:30:00.0,5d11c923_534c_41ff_b51e_2880afc90c1e
98c1fbe0-6191-4124-956f-38c48ee15c52,11,2017-11-25 09:30:00.0,13ee5c98_7151_415c_a10c_4fd27fcc0b53
98f97dbb-f7a6-43c6-ae41-2c7909ad09f2,57,2017-11-25 09:30:00.0,b295a8ad_0a67_44e2_bbbd_4224be69b00f
9bdd5256-78b9-4ba3-b06e-8c153435e163,77,2017-11-25 09:30:00.0,ec49c7f3_efe2_4b64_8c3f_969e2f86e8ad
9c259102-a999-4389-9825-d66a7ffb1d56,75,2017-11-25 09:30:00.0,370ccef6_d88c_4291_9f81_9644bc7e88b9
9c74bf82-e910-4298-91bb-3ed175441e0f,76,2017-11-25 09:30:00.0,ff518acf_2b4e_4692_b42e_9a84c38f4a1e
9fdb9df3-df86-4537-8c03-56c292ad64bd,25,2017-11-25 09:30:00.0,0150b076_995e_4211_bf17_15fa49cdec9e
a2611eec-cde4-4a0f-b7a9-91c3e5d93d0d,78,2017-11-25 09:30:00.0,3507ba35_512f_41f2_b9e7_4ccfcda55ed8
a2eb096f-f49f-4bd4-b360-645fc48c1f95,54,2017-11-25 09:30:00.0,ccab5fc9_1b43_4725_9677_f70c999bb732
a43036cc-ecca-4dc0-986a-de0f4efdd8cd,95,2017-11-25 09:30:00.0,21150616_47a6_4849_9dd1_856a0a5042a8
a4aa8a02-bfa4-4a15-90a1-6e14ad569a64,12,2017-11-25 09:30:00.0,afa49397_9b8b_4468_8d26_189e95ae819a
a5cf98dd-7599-4060-a310-4f0786f63d7b,18,2017-11-25 09:30:00.0,fb35074f_806d_4c89_8e57_7d0caab2fb6b
a5d8dd43-7879-4c30-91c6-82b28779fab8,65,2017-11-25 09:30:00.0,2d31d330_8ab9_4179_ac25_3caf82960eaa
a6ac191d-05d7-4e2f-b8e4-7bfa4cb728e5,52,2017-11-25 09:30:00.0,86a81d6b_6b7d_44cb_8347_70f8233ec76c
a843d1d1-4d8c-48d3-8316-27af364be7c8,98,2017-11-25 09:30:00.0,54c413d1_24f2_4d83_b422_d6ae56b09a06
aae67a92-d97d-406e-a9c8-090e59442b86,74,2017-11-25 09:30:00.0,a4b65299_7295_4478_b831_e4223a4f07bb
ab3b68d8-88be-4d29-b7e4-6b653d9536be,8,2017-11-25 09:30:00.0,44c3ec22_728d_4a40_847e_e5bef45baa5f
ab7d650d-fe2e-44b4-8003-f7f932f66c2b,65,2017-11-25 09:30:00.0,4fbf0bf6_9ace_4c0b_94ed_6a3f28c2efda
ac3ca1e4-815e-4770-a6a4-2e11bedb56bf,18,2017-11-25 09:30:00.0,c5a06957_5330_4bf1_b745_73ab30bf7677
ac75c36d-0814-4166-afcd-dfb55e28b143,94,2017-11-25 09:30:00.0,799c5a7a_877b_47f0_9d2e_0ef4fb0358c1
ad8e36a6-9e2b-41d2-878c-9a6387bc8df4,5,2017-11-25 09:30:00.0,3536ec5a_84e0_49c2_96f8_7ac2e8d64a7b
ae6605a8-e756-4a1e-9fc6-9f89889b5efc,51,2017-11-25 09:30:00.0,1514d13e_5690_4a7e_a4a0_40e6dd4d5d1f
aedd4f0f-952d-45df-aead-cbda56c9742d,95,2017-11-25 09:30:00.0,6674317c_63f7_40aa_a71a_c0ce15abc811
af4948cc-2a83-41c6-9b60-1c27be1ac2b3,29,2017-11-25 09:30:00.0,d0b690e4_516d_4922_9737_7b7f592c7111
b0549825-613c-4691-8238-3496a41df75d,57,2017-11-25 09:30:00.0,b9a4d009_ced4_484d_9f46_f30f2935dac8
b324a65e-faff-4ce2-8881-cbf56845b935,51,2017-11-25 09:30:00.0,9f8adeb8_3d68_49ef_9765_780babea4467
b4d333d8-bec2-4a38-839b-3b0c25631be8,95,2017-11-25 09:30:00.0,b35be094_d8f0_4e53_b322_2d4d2c8798e6
b61b8648-5354-4c2b-a30a-f0fa6b420445,36,2017-11-25 09:30:00.0,c4c28678_422c_468d_aada_9a9678c8d48a
b686473f-c5f0-448d-b40e-0bf590d2ea78,40,2017-11-25 09:30:00.0,1ac2663d_cca6_4ba8_af4d_0eba94600311
b70bf17c-9321-4388-8b4c-c12ed32d1f0b,46,2017-11-25 09:30:00.0,a09d0b20_9fb0_4c00_8a9a_f62168aff775
ba42b2a2-45bf-4029-8de7-9c47becea356,65,2017-11-25 09:30:00.0,82c1d21e_28bb_4b27_a6cf_d9135696a0ce
bb14274d-537b-4e0f-abe9-dc8961074948,41,2017-11-25 09:30:00.0,eb2d8813_2a56_453d_a7ab_8793c02a9c4a
bb808956-3d8f-403e-a38a-0e49f0edb966,11,2017-11-25 09:30:00.0,3c087e69_368e_40d3_8cf7_e1aa1cd2e180
bcc1e5f5-f34a-44d9-8179-e10af11f363b,6,2017-11-25 09:30:00.0,6d8a0412_9000_4292_a170_794d851c0a94
bd5d279b-ff5b-4cf5-a134-1b5a9953a4ff,21,2017-11-25 09:30:00.0,5c519af1_3ce3_403c_867b_123656107e6c
be581143-e46d-444c-9174-9321a7f1eebf,94,2017-11-25 09:30:00.0,2b09c37c_5a17_4bcd_a1b9_2b8de1ab6ad7
bedd3e3c-6689-4afc-a549-8c9ecb895890,56,2017-11-25 09:30:00.0,dce8a700_d2a9_4077_84f1_3ac578611e1b
bf620d97-ddb1-4497-8182-93801f861253,74,2017-11-25 09:30:00.0,bf7b12a3_b055_4b37_9e1c_7d53592fa875
c1d6f5fd-6de2-4bce-83bf-732cd8799d03,1,2017-11-25 09:30:00.0,f179cc87_c65f_4277_90c3_a2589b503f1f
c34a2da7-509f-4d91-ae9c-06ae1bab1a41,39,2017-11-25 09:30:00.0,bd025468_18c6_4345_823b_347165a0ca94
c530d801-4221-4258-92fb-49985dca9678,28,2017-11-25 09:30:00.0,3cf68924_d18c_4dc7_861d_4265f97fced0
c6597901-e7e8-4e90-8a5b-de8ae43b6b6f,36,2017-11-25 09:30:00.0,9ea45916_f629_4217_8ad8_7e82bfb6bbd7
c71a9963-881e-49e2-86ba-4c70987a2140,2,2017-11-25 09:30:00.0,a21f5f1e_bba5_489d_9e62_471021358e84
c7a486d0-55c7-4941-9f46-0e7526bb16da,51,2017-11-25 09:30:00.0,d6a46a77_8716_4653_bc64_347bbccca4d4
ca012803-2499-4734-9f3e-7fa4bcc51ec5,60,2017-11-25 09:30:00.0,8c7f4cbf_ef1e_45e4_a7e9_84665fd6b6f8
ca66a846-80f6-4e55-9389-7149beeeae50,7,2017-11-25 09:30:00.0,11e8c82f_ebd9_4d7d_b73e_f30508cdb4c9
cc8ab724-c6f0-4876-9d13-0b07b7f9436b,4,2017-11-25 09:30:00.0,87299a07_4147_4b82_ac97_9879866ff2cb
ce457a85-6368-4795-b2f3-04b5e25a45ad,10,2017-11-25 09:30:00.0,b81c66f9_0bb8_4a63_9bfd_874bd7607989
d0c178ae-d136-43db-9dc9-f84a9f7f0a0e,22,2017-11-25 09:30:00.0,c1bece61_0479_4ed7_8344_710dafe56064
d174d6d1-7da0-4c8a-b7ac-430fe76f748d,97,2017-11-25 09:30:00.0,395bdb28_54bd_4716_bee3_9ef367e51ecd
d43af768-7af1-4af8-ab7f-50e723703f17,99,2017-11-25 09:30:00.0,baf19fac_9ad8_4724_bbb1_ff579cdf1b1e
d65a31fb-9f32-4c65-8a54-7ff1400c053f,96,2017-11-25 09:30:00.0,9734d485_cf5b_4b33_97cc_2f13d6464816
da2d5718-f4b9-4b5b-b868-00d815181130,39,2017-11-25 09:30:00.0,b790227d_09d6_436c_8e3f_5fb62ffd8071
dbfe00ca-b597-410a-9c48-70515099c566,69,2017-11-25 09:30:00.0,7cb525b8_20f5_4e72_8e23_a1b7da51707d
dd2a636d-1c23-4545-a20f-3c06af5f715f,84,2017-11-25 09:30:00.0,bb547f2a_f10d_4f0a_8eb8_0911445ce06e
dd3fe76c-bc6d-4bf5-bf98-73e50f094cb8,93,2017-11-25 09:30:00.0,d22baa5f_aff4_40cd_b73a_129d302f8de2
dec4e003-908e-4707-9924-b56c9a67a7bf,47,2017-11-25 09:30:00.0,d11c6da3_0575_452c_96dd_e957b1687916
dfd6b1d8-e42d-4479-b19a-02dd9fb5f4db,63,2017-11-25 09:30:00.0,e52bbde2_19a5_49eb_97b2_e01afc071293
e0a1b417-717b-482b-a2f0-08cfb762a538,14,2017-11-25 09:30:00.0,e68e862a_3ccc_4cb8_9a6f_d0bfc9727e3b
e3ea4f7c-1aa3-439c-94c5-3bd34ac5f748,31,2017-11-25 09:30:00.0,83aa2d21_cb29_4797_aaa6_8c41ca3d0fc0
e49453de-6054-4d28-a655-9e3b9fa6c475,88,2017-11-25 09:30:00.0,037bb794_4cf2_4162_a9d0_101a847d35d7
e714058b-0689-49fe-b237-dd1abd49b7f6,51,2017-11-25 09:30:00.0,19f3b9b7_5360_4c91_b54d_c3cfa6da4be9
e9051151-2918-432c-a927-67137c603b4c,30,2017-11-25 09:30:00.0,0430d70a_393b_4741_9594_e76a8634e33b
ebb33455-1b57-4440-ad56-660c91261a06,51,2017-11-25 09:30:00.0,f78a5a7e_c2c1_466d_8130_45a6923d9b7a
ee0fdf5c-751a-49fc-b592-09821310fbc5,99,2017-11-25 09:30:00.0,59fb7c15_9d1c_4d26_94a0_fe724a5c1007
f0ee359e-6c4b-478d-99c6-05f603701bbf,20,2017-11-25 09:30:00.0,7ca397fe_1a15_41cd_80f7_959d505edcd6
f1d25e08-5f61-44b2-ad55-f7dfc5fc0ebb,18,2017-11-25 09:30:00.0,ec043bc4_b33f_41a4_bc6d_f91d5d7bef4b
f31758cf-fb4e-4ae8-882c-362663dc4179,13,2017-11-25 09:30:00.0,75f6d7b8_58cd_436a_9e27_d562c0002342
f4fdf56e-d469-44c9-bad3-d00fec118302,93,2017-11-25 09:30:00.0,e2dd3c1b_b623_40c8_9176_fb00110626b6
f5f12db3-4adf-4db4-b1a9-5e268bf88a8f,19,2017-11-25 09:30:00.0,1fe64f9d_2fec_4624_afcd_71cc2b516caa
f7bbd493-0fcd-4b40-9e81-83b4b9da2f9e,42,2017-11-25 09:30:00.0,be71b045_b4b9_4c55_92e1_8ccd80248e17
f850e912-5ebc-4faa-9e09-85a87a84241b,83,2017-11-25 09:30:00.0,6ed36721_63d2_48b3_af93_0066ffb20308
f90b3739-fb2f-4a4f-af81-f0f35b607ec0,84,2017-11-25 09:30:00.0,49522ab5_19e9_4059_af53_d151daeaf7b7
f964e74e-46f0-40d6-9672-925a202f10c6,9,2017-11-25 09:30:00.0,56824634_876d_4d2f_abcf_120c930a63e5
f96c566c-e554-4630-9b40-ea03253ff495,85,2017-11-25 09:30:00.0,cf1ab35d_d2c3_4531_b093_706e0d1cce50
fae07397-7145-4be4-9824-78f5e053a515,88,2017-11-25 09:30:00.0,45561964_cd4d_4a25_bb9f_c5ab67860fc0
fb03dae6-4063-4ec2-a0f3-5b0dd2d25f7f,83,2017-11-25 09:30:00.0,1d3a6221_3be0_4449_9ddb_b47de53fcd27
fb60a22c-930b-4ca1-a7d2-9e711a6b0977,20,2017-11-25 09:30:00.0,f9e5d37c_4230_44d5_8dbd_cd312174dfa8
fc19268c-5b13-4912-9fd6-26d81dbb967e,87,2017-11-25 09:30:00.0,584ad761_0097_417e_b8bb_0a624338d673
fdfbadb7-8840-4a08-b5ca-485efd095f6b,59,2017-11-25 09:30:00.0,48bc18c0_178a_4bef_a6d1_059e6cd8b2a0
fe88173c-8430-4786-916e-bcdace63f2a4,99,2017-11-25 09:30:00.0,f8df3e20_b7c6_4204_8184_5e4716dd3725
ff542935-be53-439c-9e62-b924b2774933,63,2017-11-25 09:30:00.0,b6f87086_afb3_4a73_9ed5_271ba872489e
00e8d591-812d-4305-bd3d-06273f42a04f,17,2017-11-25 09:32:00.0,230eee2b_ad1e_4ac9_b412_84ca5a386d7e
025978b4-4c8c-47b0-87e6-c6e077735e76,65,2017-11-25 09:32:00.0,2c8dfab1_26d2_410c_b185_141822a83ca8
05f94b53-2f0b-47b9-aca0-3562b4f2853a,18,2017-11-25 09:32:00.0,20a456f8_5f01_4401_8a0a_6ae9352e4ba6
063260fc-feaa-4aad-ac3d-f9afb08d63a3,82,2017-11-25 09:32:00.0,12242f82_8a7f_46c8_b620_24b8c2748231
063a7d1c-c7a6-4a26-89b1-05d9302c05bf,68,2017-11-25 09:32:00.0,8b72bf88_3b96_485f_8950_ba7848df8f70
065190bb-f262-4091-b17a-5a76b3085487,31,2017-11-25 09:32:00.0,723f62a0_b6b2_40bb_8cd3_7dab25ac149b
071d2169-2d4f-4a1c-af47-a2107844f500,7,2017-11-25 09:32:00.0,4c7433c6_7e10_430c_9a4d_a3ea48a636f8
076526a8-d47a-453e-9305-ddbe66076c98,88,2017-11-25 09:32:00.0,0e7431be_db65_48ae_ac4c_7fe1f4072951
07bab877-789e-469f-a069-d2bf9d154656,99,2017-11-25 09:32:00.0,37fe499f_3773_468e_afbe_6564047cb81e
07eafdf1-d4e0-4c0b-a2ac-2986078679dc,77,2017-11-25 09:32:00.0,b7d87099_92ae_4f05_98b9_0dc54bdf9ddd
0a6108dd-5164-491d-b364-9d24f606679c,8,2017-11-25 09:32:00.0,c72b3ce2_bc46_4cc5_a766_7cfa182a0a84
0b20a10b-9c01-4840-ad42-a57a8a996a9d,85,2017-11-25 09:32:00.0,364f9fb1_6156_4fa4_8d32_a853c07c14d4
0cdc3454-e12e-4c83-9f7b-0caa16256eeb,89,2017-11-25 09:32:00.0,ce22c962_ec3c_43b6_861a_33713c2d6013
0e4c2c0e-2cc2-40f6-87eb-ec73bf9b3b74,6,2017-11-25 09:32:00.0,24811836_b705_45fa_9058_37e0675261b6
118b80ea-31f9-4e5f-aba4-af4f76264222,90,2017-11-25 09:32:00.0,b9c1c69e_265d_4dad_91d4_1fad073ed215
11eeea72-aab7-4551-98ad-d0778ae7a93b,65,2017-11-25 09:32:00.0,8b508d6a_f12c_4b93_91c6_8754271c2f16
157d79f6-5a75-4d41-9dad-b1c7d0ba33c7,84,2017-11-25 09:32:00.0,431a254c_e30e_41a8_afad_ee9c3da4a085
162dd30a-91ff-47b4-8cea-91261791f5b5,62,2017-11-25 09:32:00.0,51538d2e_4824_46d7_8a74_1c8162d0c743
164fd115-20d6-4f1f-8998-ce6636a678fa,74,2017-11-25 09:32:00.0,cca0e04b_d827_4b80_a9c4_6b4805206708
18a983c7-6255-46f1-a278-96fcf7d0a369,21,2017-11-25 09:32:00.0,95d36f71_a270_4f56_b86a_16115a68ad9b
19ae916b-8b9e-43a8-acec-683f46a03f90,74,2017-11-25 09:32:00.0,740d6010_def0_4581_a737_31e60bd59779
1a4a80e3-8332-4df2-bcf5-82926b2fe5a2,51,2017-11-25 09:32:00.0,59ad3d11_b85c_44c3_a2d0_6aecf65869ae
1a76e7f9-4686-42e6-bd99-a6a5f7861c83,12,2017-11-25 09:32:00.0,8fe559e6_ab25_42d5_b055_73f63ad799b0
1d61a7da-1b28-4bbc-ad25-fd073dd1d6b2,53,2017-11-25 09:32:00.0,00f2486f_6c9f_4a82_8c8e_e14cb970f75b
1de06ec0-a5b4-44bd-a762-b00a95622aec,32,2017-11-25 09:32:00.0,034a2a71_ccce_4f22_b39c_c5a86308bfd4
1e234bf4-a4bd-45aa-853f-e281098e3aef,96,2017-11-25 09:32:00.0,465dfc01_e3e6_4d7c_a562_50781892269b
1e38e0c5-5072-4927-ac77-c44dde1ce65f,28,2017-11-25 09:32:00.0,d6e55a41_6130_4890_a586_f459bd82f662
21c12292-d045-4113-aaee-086597ecb5e5,71,2017-11-25 09:32:00.0,7c171e2c_8547_43d6_9eb9_d1a53474dff8
2329a742-3ac1-48c5-8f7a-0dbb2c56dd6f,30,2017-11-25 09:32:00.0,39014de7_b857_494a_84af_eaef79ffa12a
24689e83-284d-4424-b5a5-b9555819f76a,34,2017-11-25 09:32:00.0,42ab268d_0d64_4ed7_a7a0_9780c716d636
296767f7-fc4c-4eab-978e-e22d50d0c3e3,67,2017-11-25 09:32:00.0,59617139_9053_452d_b30f_3dffe1348723
2bf9da9b-9499-447d-a52a-c86684adc0d5,17,2017-11-25 09:32:00.0,897d7d78_0de3_483c_82b5_6e4258d853d0
2d6b9416-c0b6-4380-9214-ad5bcbce840b,75,2017-11-25 09:32:00.0,beace017_b726_4f5c_9c45_0a63179a0e9a
31a7ac6e-6a12-45d1-87bc-c4ef98e91c12,86,2017-11-25 09:32:00.0,5ddaeceb_2f5d_4769_a309_7bd0f9c022d8
31ac6875-c33f-44f5-b835-e3e24b0a76fe,92,2017-11-25 09:32:00.0,a09d0b20_9fb0_4c00_8a9a_f62168aff775
326571de-1687-4552-9333-9b3629abd418,81,2017-11-25 09:32:00.0,799c5a7a_877b_47f0_9d2e_0ef4fb0358c1
36c00e42-3fa5-4e5f-8681-198b0df22978,9,2017-11-25 09:32:00.0,990c19e0_2c27_4af3_bada_a8a7ecaf3584
373dcda3-e99a-4816-8cee-553f97839370,54,2017-11-25 09:32:00.0,12626405_4464_4889_bed9_9b371930598c
38cb9aae-5260-4643-8784-b9921e94c394,24,2017-11-25 09:32:00.0,8b152745_a98d_482d_a4bd_b624a03aa930
38ccfceb-0b96-4054-9a31-7671a8387478,28,2017-11-25 09:32:00.0,dc8fcb86_3a5a_42e5_886d_7b51bab2c980
38f4a00d-7425-4341-bf53-434473ea9647,63,2017-11-25 09:32:00.0,30880a23_68cb_4919_a7de_26afbc35f261
398a4e9b-fe28-4005-b67e-c8d7d8a5843d,76,2017-11-25 09:32:00.0,6d35ea2f_bf6e_4bb6_af15_eaf1eeb19b62
3a9b438a-a167-45a8-a96d-9ba04797d831,75,2017-11-25 09:32:00.0,962fdc2f_0045_4e31_870e_18185a0bb270
3ca45d48-22f7-44c7-9a47-a9571cfd2c9b,36,2017-11-25 09:32:00.0,54efe46b_ce4b_4993_8230_0a64c26db216
3d0d0543-b0fe-49f7-b281-87a9a14b0661,93,2017-11-25 09:32:00.0,f8017ce2_b8ca_42c3_8c6b_fdabbfa79ceb
3dfac492-23c9-4357-8e8a-183269872153,85,2017-11-25 09:32:00.0,4c4a43a5_0b21_465a_b3c5_3efe13a5a213
401fa9d4-af61-4f34-9dae-42ab5c5195f3,91,2017-11-25 09:32:00.0,33e90618_b8e9_41c0_9a0b_f49087ed413a
406c5550-04fd-48d2-b7ba-2037674764dd,80,2017-11-25 09:32:00.0,bfdc978e_1357_47ed_8e56_53cd2c051606
40d11df5-d3e9-45cf-90ef-dcfc85a5fb86,32,2017-11-25 09:32:00.0,393fba75_d0bc_48e6_b1e6_cff20a4ef3d6
41deab60-04d1-4897-b06e-fc0bffc11aeb,22,2017-11-25 09:32:00.0,1f56c7ec_68a7_4d15_9b36_2173d04ab7b9
4518f33b-3ffc-42ab-91a9-37025f873efe,26,2017-11-25 09:32:00.0,64d84353_18cb_494d_95d1_62754cf2fbc0
451a9cfc-30e8-43dc-a356-f763d28ed2bb,96,2017-11-25 09:32:00.0,bfbe9e8a_6f7b_4eee_8d51_fde3ae0b1826
45aab389-53b5-45cc-9bdb-6297d36de752,38,2017-11-25 09:32:00.0,063be5e2_65d9_4476_a5b7_7ac504a2ffc6
47ecf81c-1b82-4389-8381-9da879fa2a45,33,2017-11-25 09:32:00.0,6c36c7c7_ab65_4f42_a59c_4499f3d0c2e7
48f07642-f8f5-455c-9523-e51fe0a7a57a,28,2017-11-25 09:32:00.0,b31e2302_2cd3_47c4_ae85_b8a0f4935ca2
492bdf0b-bddd-4ec5-9f7b-029274f97d5d,44,2017-11-25 09:32:00.0,c97f2d61_b7d8_4210_abe3_7e4843c08e1e
4d4b3e2e-0427-4573-85d4-1d2e10e28d9f,55,2017-11-25 09:32:00.0,de819542_8fb4_4a0d_b151_763a3a826709
4ea7847c-64b9-4ebf-949e-2984f431db3c,6,2017-11-25 09:32:00.0,8d8cc3cb_87cd_49b5_9770_1786f8fd8170
50f76afd-c97a-4479-8614-5be42aecf865,83,2017-11-25 09:32:00.0,d56bf1f1_bdc4_4fd1_9061_a61105d9810a
529ef71b-df5a-40a5-8037-2ed993a78fe6,87,2017-11-25 09:32:00.0,5a211b3f_31b5_4b82_8a45_60df42836229
53e23ada-6740-45da-8a05-2d1fe02f484f,44,2017-11-25 09:32:00.0,70fe2e8f_4baf_4ef0_a133_205d302190eb
55f249d0-cdf7-4a77-a632-2705b1a5c987,45,2017-11-25 09:32:00.0,2ac1c7d2_2e3a_440e_9210_a35953c53b0e
56860e8d-06ab-4ae7-bd23-700eae4aa555,71,2017-11-25 09:32:00.0,250272a1_4174_4487_9342_951af42dace6
56d8c4e7-0f96-4c8d-8906-d57085edc1fa,84,2017-11-25 09:32:00.0,751f8788_78d1_47b2_b5ce_88e61babfa9f
5742527b-bf5b-43a7-b3b2-ccc1bdaaee12,25,2017-11-25 09:32:00.0,2de7c1f4_2aac_4dfb_b6cb_6a7729833b69
57e640da-a7ce-435d-b1fa-2dec0ecee959,99,2017-11-25 09:32:00.0,87299a07_4147_4b82_ac97_9879866ff2cb
5888ae1a-5672-4ac7-8dc7-ed2707f60605,18,2017-11-25 09:32:00.0,eac924a2_5259_4033_9c63_bbe3812893b7
5b18bb38-d22d-42d2-a3cb-bdb4bf328c5c,7,2017-11-25 09:32:00.0,214c0dd5_dbd6_4249_ab6c_43bce675d2a3
5d3e115f-39cb-4e48-84ac-765f405f4ca0,3,2017-11-25 09:32:00.0,1eb99a46_c887_4434_a389_8e3bd5298426
5e1c41a7-b9b0-4bec-8317-24ee5e3e2e76,66,2017-11-25 09:32:00.0,57d40c5e_1805_4125_aa4c_728ab3f21665
5e907fc2-7513-48fb-88ce-a8369970cfa6,40,2017-11-25 09:32:00.0,2fe61fca_cd04_4ddc_a876_9e81a357b983
5f274949-7d35-4f73-a29f-375b09802d6c,61,2017-11-25 09:32:00.0,fb35074f_806d_4c89_8e57_7d0caab2fb6b
604174d0-51c7-4f4f-944b-f5c04ab449e3,19,2017-11-25 09:32:00.0,609d8e39_9306_4f47_9b4a_3c3f71e33f8f
628e0325-d35d-4003-a801-09d065012542,46,2017-11-25 09:32:00.0,75934d45_525f_4508_93b5_33448d198192
6464f072-b683-47e9-ba8b-5c2263b4d98f,12,2017-11-25 09:32:00.0,2317d025_9728_4afe_99ef_da7e2eb9cc65
64fbd966-26e9-4910-a34d-fdb939f0f707,28,2017-11-25 09:32:00.0,a797d6e8_cb07_4c26_96c5_5771a5b65df4
663166b8-ba37-43d9-a613-0db4bf8df490,4,2017-11-25 09:32:00.0,f0375366_5614_4a90_8575_7dbbcd0b5179
66457228-ce45-4bb1-9fd2-aa3c6b6562f6,77,2017-11-25 09:32:00.0,239a741d_65a1_4e46_b425_231082d3ca41
66504e77-cac5-47a6-a42a-611c266d8f2e,66,2017-11-25 09:32:00.0,b84f0735_8e29_4ec0_ba57_54d92ed33fc3
671adaa9-fec0-4e97-a9df-b18be4f64cc6,79,2017-11-25 09:32:00.0,81a18f4e_715f_493b_952d_c9305f60bd66
671cb4b8-2757-43cf-b298-b4601355228c,86,2017-11-25 09:32:00.0,40517e70_44ec_4b92_bb30_fc1404b0a0c9
68086676-7d77-4416-b5ac-210bedc83f71,97,2017-11-25 09:32:00.0,1f92eb51_9553_4082_8d36_834fd54caf1e
68171730-eb8f-44a1-8806-867bf7765e39,45,2017-11-25 09:32:00.0,f0a258df_b6f5_4917_90cf_562b28c83a44
69958e0a-9d5a-4e1e-98c2-2b38af323bcc,58,2017-11-25 09:32:00.0,42a6b996_c3b1_48b5_a1d9_50c2cac09258
6b9b79a9-9c31-4d7c-a5bb-74c94f549d50,33,2017-11-25 09:32:00.0,65b8e87f_9422_4872_8aaa_383c6e9bfb8b
6ec77155-0992-415b-b97d-1dcd1395b12a,31,2017-11-25 09:32:00.0,5bc2f135_bdd3_488d_ba82_0deb8df4e739
712a8132-b8ec-4f0b-aaec-6aa85aa7bbfc,77,2017-11-25 09:32:00.0,30f9912a_7c43_4af1_a11c_8f4ec5f0f297
727f6419-efef-429e-8c1b-1700d61ab3b4,44,2017-11-25 09:32:00.0,e5cceb89_60e7_492e_b216_dc6b2f28744b
7888c3ef-5a01-4a51-8977-2f59f4aaeb7d,61,2017-11-25 09:32:00.0,95b58992_a7ce_4994_a2fd_41b3e992ffe0
788e2fda-4465-455d-b886-987e80b72fef,47,2017-11-25 09:32:00.0,253bfbb3_51da_49d8_986e_0df617d8194f
78c805af-416a-424b-8180-3927c924602e,26,2017-11-25 09:32:00.0,c6eb8cee_d5e9_4fc8_bae7_9ff12a385ffe
796213ad-b9f8-473e-a2ab-f875f06a3581,69,2017-11-25 09:32:00.0,c71b7ecb_b0b2_485f_a1f2_8c9f12790159
799e6c1c-e24a-4fae-acc5-a281c932cbda,91,2017-11-25 09:32:00.0,9bc38e84_188e_48d4_8d26_810b77ec4a35
799fdd13-0809-4e03-b3e7-3b43dd5ad9fe,22,2017-11-25 09:32:00.0,b2b1d03d_c9a8_4df7_ad80_b8c2a5218cc6
7bb91fe6-728b-4f85-99e1-e807b45932a3,34,2017-11-25 09:32:00.0,fb4bcc0a_aa49_436b_8041_1d5f337eb449
7d503dd1-255d-44bd-85d3-7bb53a6670b7,92,2017-11-25 09:32:00.0,e3d488cd_6198_4bd4_a364_b21fc2aa4ae6
8226d56b-11de-4188-9b05-baafb699dfe1,69,2017-11-25 09:32:00.0,bdafa97b_b950_42e5_8338_3587b90923ee
8255af0c-cbcc-4126-9fd1-168c09c35563,35,2017-11-25 09:32:00.0,78afe407_698a_48f3_a3d3_c4a4d85f7938
84c6b96c-9d5a-41d5-9429-eb01235de30b,17,2017-11-25 09:32:00.0,eb3ef041_e414_473a_947c_3f9be69d7ed2
8531a9c7-294c-41df-ab16-cec0727be182,71,2017-11-25 09:32:00.0,334ac30a_3cbd_4305_9e9e_5559d50dc69c
86299b17-a44a-446c-9b69-76f57fe27712,89,2017-11-25 09:32:00.0,4d5da855_72ff_45dd_a95d_c8bbb52dc7ba
86d2ab3f-cf6b-491a-9c00-b198e41ee315,41,2017-11-25 09:32:00.0,cc160607_a26f_49f7_a450_b055519a2194
876fcb82-2073-4eee-a534-3e427e3fd582,79,2017-11-25 09:32:00.0,258d1178_d60d_4d94_80a7_63aa08a8ef93
87c4a830-7812-434a-9d80-3a51a709895d,84,2017-11-25 09:32:00.0,083fc66a_f1c9_4909_b017_a7921a990d88
87e9590f-2ee8-4862-bb53-ba449cae8046,28,2017-11-25 09:32:00.0,b20e9e05_e073_457d_ab53_8c7ebbc2a3d4
88072124-72ec-4aff-9cb9-08f0ba9846f5,54,2017-11-25 09:32:00.0,18f52c05_c634_4f3c_8217_260aeb89423e
88a918a7-d3dd-494d-a9ef-1dfa8dff53ca,32,2017-11-25 09:32:00.0,c1107b98_8857_4e26_ada1_a7eac8525d40
8924ff0c-126e-421f-9725-e71955c63114,80,2017-11-25 09:32:00.0,0dc6094e_d6ef_4218_a943_acc42033c7a5
89251177-c2c8-4fd7-9c27-17412ce06b9f,13,2017-11-25 09:32:00.0,b2eeba8b_51f8_48bf_88cf_99d25e0430db
89787401-f68e-4a82-96e1-da1df23a8532,12,2017-11-25 09:32:00.0,f54ff2e4_27e4_483b_ae95_f4af2c53e22f
8c741eed-69a8-4f19-bda8-750eab1d1144,6,2017-11-25 09:32:00.0,bc06585a_ab9f_4d64_9443_daa7c7b2cb35
8ed0dd99-53c7-4963-9973-15a3006b87d4,68,2017-11-25 09:32:00.0,a35515a7_c4dc_4300_a061_b5e2005e8348
90ea6dd4-103f-4568-8248-a2b925c58f59,34,2017-11-25 09:32:00.0,f6f96106_fcc4_4012_b113_2e70553df653
92134f81-2f78-4a1e-91b4-4824fa553c79,66,2017-11-25 09:32:00.0,8ef02ba8_2b39_4a2e_8a36_c44a0cb30297
92902ccb-9803-4466-b308-ce1e4d5e4db7,52,2017-11-25 09:32:00.0,d08bcbeb_6086_4ed5_9489_a007ebb9265e
93b82a52-921a-4c83-aa3f-53edcd49131d,95,2017-11-25 09:32:00.0,37e66386_02c6_4dbf_abf3_d83ed9fe6529
95ac0a57-3bc2-42c7-9d56-4f7a8d80fa34,18,2017-11-25 09:32:00.0,74d70cb6_6c9d_419f_94ca_0c965daf90c4
9724b232-203a-475f-b933-3df768eced87,56,2017-11-25 09:32:00.0,d6baa35e_5358_420b_ab84_44279978c636
9870c484-8911-4802-bb2d-be4e0ca89727,33,2017-11-25 09:32:00.0,27398e4f_ff9e_49e9_a623_914cba16a4f3
9a392382-05d8-4c7d-821d-c6961c69c9f9,23,2017-11-25 09:32:00.0,22edcb0a_2cb0_4218_ad92_bc268219a349
9d804e13-a502-463d-b92e-0d49a20cceab,41,2017-11-25 09:32:00.0,a168b85c_44b7_47e9_aa34_ff87d1126316
9dd80983-0522-4713-a077-aff5c80ee800,10,2017-11-25 09:32:00.0,1ed6dd86_36bb_428e_8cec_cd1ddba9b309
9e88c73a-411a-4f8e-93d4-5861150e215d,14,2017-11-25 09:32:00.0,1e431b51_cbc0_40db_8e69_5d44d104a71f
9e9638b1-dd48-4426-a4de-88518703072b,12,2017-11-25 09:32:00.0,9396e304_2675_4004_aed5_fedbcf8d0185
a228ee3f-bfbd-4017-89c6-ee7f35371389,90,2017-11-25 09:32:00.0,68b09dfa_1c21_4f3e_a8f7_1abac6242966
a232924d-c420-446d-9b17-a9243de67c5d,10,2017-11-25 09:32:00.0,c38fae4d_ebbf_4e48_8a20_8e5aa85f4721
a251e56f-9c58-4ffb-9509-ad4934391d92,49,2017-11-25 09:32:00.0,24c0a2bb_9dee_4d58_9f10_7df41ac63afa
a257a8b7-72b2-4cae-8097-4e81aa126962,51,2017-11-25 09:32:00.0,1a97ec3b_202a_4337_bb08_38ad1f5d83bf
a394e52f-807f-45f5-9c25-e21e566ef86a,2,2017-11-25 09:32:00.0,0330c8e7_33d2_442b_976f_4217a2fed6dd
a3ec50f7-c5a8-4c09-8d28-6c96280c2263,25,2017-11-25 09:32:00.0,4f7f8853_e605_43d0_9e6b_eadeb7530e30
a62f9a7b-4aea-47c5-bf6c-457294c7320d,26,2017-11-25 09:32:00.0,108553d5_3006_4aa8_889c_994f3f05e081
a640917f-ec74-4299-b73c-a7b433468852,48,2017-11-25 09:32:00.0,92fd38d7_b906_473c_87b8_685baca239c4
a72614a6-8ccd-4433-9969-4fb7bbdbbed2,84,2017-11-25 09:32:00.0,9c828789_bf5f_4b36_8372_7a056baa0bfd
a7598dc0-004c-46fc-a65b-fd6d925568f8,73,2017-11-25 09:32:00.0,581cc3d8_0109_4ed3_9f8e_2cfbd0f334c3
a7ea4a1c-f398-4c3c-b2c8-0adcb98876da,5,2017-11-25 09:32:00.0,0a70508c_03ac_4d3f_b448_181af942eed3
a9adc1e9-0361-421a-9103-6583462aa624,92,2017-11-25 09:32:00.0,ce1f5bb6_8029_44cd_8355_53d686e8af90
aa4b7485-41ea-4328-b156-f98c2d7b989f,70,2017-11-25 09:32:00.0,01b058a1_5c6b_4f5e_915e_10fcfe5f3742
ab830c86-e709-4c57-b1ad-af2afb4d6290,81,2017-11-25 09:32:00.0,4ab516fe_4257_443e_8271_fba1ad1318cf
af400262-76a9-4da9-a79f-1e53b811ce90,28,2017-11-25 09:32:00.0,774d1ed6_8cf0_454d_bddb_bc81a103cea2
b0e7e88f-1f30-447a-88db-5b3989e7f418,6,2017-11-25 09:32:00.0,2ccfcfd1_8166_446b_b445_781b58404bd8
b1433afb-1c2e-449b-bcc4-21264f5fcdfb,8,2017-11-25 09:32:00.0,4d406aed_66b2_4431_a61e_145dd5c00c0b
b26d278e-be00-4f14-81bc-a7d62fbf4912,100,2017-11-25 09:32:00.0,e3d9a7a6_53bd_44bf_b2b6_00a4512c42a0
b2a9642f-9a36-4c2c-ab4c-6d8c61783c28,39,2017-11-25 09:32:00.0,57488203_5359_4447_8ec0_7b5a805438b1
b2b278b1-7815-438b-9369-8b40b2ebc0aa,72,2017-11-25 09:32:00.0,d9515683_b052_4772_8107_006afb768dd5
b421d6c9-7b20-4c14-bc17-5e76ea1dfc4e,56,2017-11-25 09:32:00.0,2c4b2d7a_1496_42c8_ad47_1d80f3190382
b4d81243-36c7-4037-9c46-04d635cb67bd,73,2017-11-25 09:32:00.0,83dee47f_2bf9_4dcc_b1ce_82075f20f41a
b8bfb496-50c1-46b8-9c37-96d5f96f6d7c,21,2017-11-25 09:32:00.0,8309bf52_24a7_407e_b29c_d6db271457ab
b920e3df-7154-444e-9e02-dc8e2948d7b5,7,2017-11-25 09:32:00.0,f1a5e26e_8933_446c_9def_6ecd6da4014c
bac9d1d1-62a6-46f9-85f9-d2c5184b3ffa,71,2017-11-25 09:32:00.0,9a737415_4154_4669_9594_2e8a76df5de9
bbfe114a-5909-49ba-a550-a33b9ee051e4,54,2017-11-25 09:32:00.0,3745f6f2_030f_4f96_90b6_7828a837c194
bcacef08-5395-4415-b9ed-8c69066d21af,54,2017-11-25 09:32:00.0,c9a2b746_3579_485e_a45a_17ddc8c75c53
bcb3e4f5-2552-49fe-8717-d842730cc211,61,2017-11-25 09:32:00.0,bf7b12a3_b055_4b37_9e1c_7d53592fa875
bdba9722-1fbe-4031-8fd4-54b0b7e252cd,14,2017-11-25 09:32:00.0,fee93c06_39cc_4f65_a4ef_75a238a27cb9
be39b2cb-b47e-48a3-8b1f-7a30c5f8b6dc,39,2017-11-25 09:32:00.0,6e823f92_b809_4994_a222_6857e189a118
bfb19342-ad57-4e6c-801b-e5ddb53f7fe5,69,2017-11-25 09:32:00.0,c40def21_35f8_481c_a5e7_dec9a483d8b8
c2f7dbe8-bcc9-4626-82b1-b42858b1fc06,100,2017-11-25 09:32:00.0,6ef895cd_fab5_4c27_8538_50ad37f66648
c30a4d46-78ef-4e43-8dbf-3eb51a8695d2,13,2017-11-25 09:32:00.0,06d39773_fd40_4c34_bb0d_a23a05ff48c5
c3c83061-b6c5-4241-95e8-c2087fd6be59,77,2017-11-25 09:32:00.0,6d8a0412_9000_4292_a170_794d851c0a94
c5b94278-0fc3-488b-b005-f5c8dc1c5f5b,29,2017-11-25 09:32:00.0,893fb3bd_2d37_4ddc_911d_cfb47780cd11
c633e7e9-18d1-4100-986c-2fff40249314,43,2017-11-25 09:32:00.0,d500a9d8_ec7f_45ee_b066_3c3f71cba1b8
c75b7760-23e2-43a8-9e34-5753fc25157e,79,2017-11-25 09:32:00.0,dc580960_9587_40d2_aa4b_e27e340003fe
c8f3a792-8ab3-47ca-a3eb-8a5bd4ec6630,34,2017-11-25 09:32:00.0,5c42d5e8_78aa_4430_a641_bf2e943c778f
c8f6c8f7-ef0a-4cc3-a97d-03f2631b4a24,61,2017-11-25 09:32:00.0,dc721298_8129_4352_b06a_c892678155aa
c96f620f-177e-45c9-a650-9f8200157ae1,13,2017-11-25 09:32:00.0,2b3bb5de_e36a_4695_b542_8460f902abe3
c9d14d31-616b-4ce2-916e-3c5f569f9189,46,2017-11-25 09:32:00.0,8a5c7a47_bcff_48c4_b56f_9dfec910271c
cc7b4aa1-3657-4332-830e-1b9ba0ed7c73,25,2017-11-25 09:32:00.0,85fb7106_b75e_4261_9a84_731183936e74
cd51dd8d-931f-4a29-a34f-2e23c4ca9cbc,56,2017-11-25 09:32:00.0,cbaa806b_9db0_4eae_9288_e6a5ce6e0ed9
d0e59dc6-5479-43c3-8ff4-efbd84066697,89,2017-11-25 09:32:00.0,be4f8476_ba1f_4b42_88a9_fe8b31f54736
d2f6c6ac-5203-4ea8-9f5b-7df97a919889,2,2017-11-25 09:32:00.0,b9604ef9_7bb2_416f_8be9_84548022f3f4
d449a17d-3b9e-4950-91c0-d7b1f2339dc3,83,2017-11-25 09:32:00.0,366de858_55fd_4209_b67a_c0e2cd7b8eef
d800820b-d2bf-4442-a0c1-3bd5579b6c77,96,2017-11-25 09:32:00.0,26e8ca80_c115_426d_bb54_eb71bcd989bf
d9c8d548-40b4-44a6-9119-ee23c677889f,80,2017-11-25 09:32:00.0,4c3b30f3_d71d_4d6f_836f_09be6c43419e
da84a08c-7da4-4cfe-a579-355a5a826cc3,63,2017-11-25 09:32:00.0,b29467f5_8b80_4859_b84f_f6d15aa61387
de7f0093-81ed-4eda-b105-4c11d180fbfb,61,2017-11-25 09:32:00.0,4ea7d114_cbcb_4179_8aa4_95a27c934694
e2f9a484-af08-4ec5-9423-5f90a86e8e93,79,2017-11-25 09:32:00.0,1f7a359a_95c3_4499_93c2_4624d823c2ab
e37117f5-fd52-45f1-b93b-0c3a22c1e972,11,2017-11-25 09:32:00.0,a4214cd4_6069_404b_ae77_e12abc4bd5bd
e3ade88c-3beb-47d6-9008-e0d4a9858ce5,49,2017-11-25 09:32:00.0,91b34192_d50c_4d3e_97b1_1fa6f4e8fab1
e3bc8dcb-9126-47fa-8c01-770e761681f1,86,2017-11-25 09:32:00.0,70b2007a_b57b_4750_8bca_834ff9383acb
e4108630-efd1-400c-be5d-8fa6a72c6719,1,2017-11-25 09:32:00.0,94928edd_4a62_434e_8325_38e9f38974b8
e4e233ef-634f-4b8a-94ad-a2ced0df69ba,28,2017-11-25 09:32:00.0,ec939854_a435_4024_9c7a_5e084fa49ce1
e5bbc530-6c1b-485a-9995-3180e03fa468,25,2017-11-25 09:32:00.0,5ebf8782_caac_4acc_b0a8_be93a9b09745
e70982f6-a028-45bb-8b4d-942be2321ddf,72,2017-11-25 09:32:00.0,31c93508_9105_4fb5_9c71_3c64f648f80b
e8974f9e-bd05-46ec-8c15-c8436986082a,9,2017-11-25 09:32:00.0,bd2c428c_e7b7_4965_9631_735bfe85e433
eba03fc0-364b-4146-bb2d-3835c2b938bd,91,2017-11-25 09:32:00.0,feffbd6c_5d55_4743_88aa_ccd8f75c9cb3
ed03322f-ebce-4bfc-bec4-aafcf919ba72,78,2017-11-25 09:32:00.0,75799aca_6bb9_4615_bb2f_88a08f284cab
edbf03bb-bddb-447f-9a16-f83c1ac4526e,92,2017-11-25 09:32:00.0,9c939ab4_c137_4af9_8d93_cbccff03b904
f09b5ec9-79e2-4398-9da0-909d3abb83a7,78,2017-11-25 09:32:00.0,f38fab3d_ab25_4447_9dcc_a300434fe38a
f28cc529-f05c-461e-bc06-8478989e8d70,56,2017-11-25 09:32:00.0,d043f953_5029_4743_a17c_e896d3a0d890
f3917327-2ae8-444c-bb02-6bad8d6c2c78,25,2017-11-25 09:32:00.0,394a7656_eaf1_484c_9680_f723c303cdf6
f4467948-8759-49f6-b15a-1c92c97e10d5,85,2017-11-25 09:32:00.0,9da7c364_9b53_40a4_abdb_91502498eaef
f4ff1324-0fb9-43b7-9a25-87c3f3531eb6,47,2017-11-25 09:32:00.0,8b2cb401_f140_4954_b3c4_d582dcacf8d2
f59db5bc-9ea0-4b3f-b01c-59e052d057cd,98,2017-11-25 09:32:00.0,06edece1_2675_4464_a702_bd0c97cea204
f63bb6a8-b569-429c-92a6-dabb4994dfcf,69,2017-11-25 09:32:00.0,56787787_80a8_48e2_a7f8_991fd15f0854
f72dc857-8d94-4fcb-9d1a-40591532e0bd,97,2017-11-25 09:32:00.0,2618ae4a_65d9_4fe9_8f86_049cf1dd4386
f76aae35-537b-450b-8405-00bc1bb50a99,30,2017-11-25 09:32:00.0,b39c3fcf_853b_459e_b48e_044afefff438
f9e82057-4d8b-4881-86ec-60f67ff23ce7,90,2017-11-25 09:32:00.0,81e245cd_d3e2_4fd8_804a_88189318216e
fa0c88a1-ef6a-4df4-a80c-b5ea70f8b978,36,2017-11-25 09:32:00.0,86ca0f7b_1c3d_4497_a315_2d3dbd9d435c
fb27142e-0097-448f-9bf5-14b2ab1388bd,24,2017-11-25 09:32:00.0,449c3fa7_8776_4405_b7a9_9985522d661d
fb3481eb-0009-4fa6-b483-a25733ea86a6,74,2017-11-25 09:32:00.0,4d3a54ed_c61d_4b07_90d1_9651a1b2b1a2
ff7d22ce-b859-4ec0-b6ac-259060215d35,20,2017-11-25 09:32:00.0,3dd8a93f_6409_4c68_9232_27ae1b3cb6bb
