00b01377-3f8e-4189-946a-0bca4bc1cb72,13,3379,2017-11-24 20:30:00.0,594919c4_35d6_4727_972e_709e0d11ecbd
01dd66ef-6a11-4faf-b3fb-d0288bddb456,49,1075,2017-11-24 20:30:00.0,0757366b_f54a_4e32_8af6_3dd1da40746a
022ae46d-97ea-4afd-a8c0-bc644b23cc59,78,2047,2017-11-24 20:30:00.0,1500de0b_8226_4c29_9b9d_3801ed82b386
0355e2d1-640d-41c9-8543-e161b9bc27a8,10,244,2017-11-24 20:30:00.0,01449eb5_d5d7_4fc6_af96_52fd49fdbcee
03ccb06c-5414-4a95-a702-f98e775b2850,58,3374,2017-11-24 20:30:00.0,a31a9fff_fcc4_491e_b748_435601772ce0
04c7e0eb-d989-4fe5-b1e9-ceb7957e3c90,26,1498,2017-11-24 20:30:00.0,8aed19fb_7253_4325_aa40_ec9519d67f1d
05a921b5-b251-4ec5-8154-aa05c6e949a0,67,1832,2017-11-24 20:30:00.0,4579ab08_fbc9_43ef_b0b9_b33e413a857b
0916ff8a-5bee-4e4f-a17a-58d77452d23c,64,2962,2017-11-24 20:30:00.0,24e225d6_b833_49e7_8727_9ff74029bd99
09466fa8-0487-46ed-a1f2-37d82f5f3435,77,935,2017-11-24 20:30:00.0,2da43057_7058_4c2f_abc5_3d1390261862
0a0d2d83-f5b0-42d6-a94a-1354a011edd1,96,2727,2017-11-24 20:30:00.0,3c7b96d0_12cd_4a53_a03a_d70f008c8c77
0aadf903-cf10-4862-9c84-774afa326296,35,1895,2017-11-24 20:30:00.0,f96e46aa_f1dd_43c7_9256_03d7b147749b
0ae4c56e-cd6a-4843-87de-e187d9bbd290,94,2524,2017-11-24 20:30:00.0,8df7ee25_1620_4fa4_8be5_bec239919086
0c3e44bc-dbf4-4161-b5b9-bd0f9c042c63,47,1903,2017-11-24 20:30:00.0,da02ae8c_f967_4e43_b9fb_13c95480812d
104e51ce-4fc3-4ab5-9d62-703c92d08df5,10,1806,2017-11-24 20:30:00.0,f951154a_ba46_478e_8b18_f41e7244eb75
10ec1107-2625-434d-ab11-49f54ecedd21,36,1044,2017-11-24 20:30:00.0,a90f8e8e_fadf_48f2_a99b_5ff5ba310ac6
114e1127-9e09-4f49-b26a-a48dad41a61b,13,2848,2017-11-24 20:30:00.0,539ae7dd_69e2_490e_9035_e55f492992fb
122b2e5d-dab7-4373-b9f4-e71d103262c5,21,2974,2017-11-24 20:30:00.0,576de6da_6b53_4276_abd4_1b2cf9008c87
1606b208-7463-46f6-9ccb-a84c6dd4da73,5,898,2017-11-24 20:30:00.0,3d86bb68_023f_4106_b967_5c4c448e1edc
165717bf-8fc8-4564-9a6d-c8aa35328d4d,20,2090,2017-11-24 20:30:00.0,72d41198_4693_4f0a_91bc_f00477ab195a
16e21625-ab20-4141-906e-c7ca67f09055,64,742,2017-11-24 20:30:00.0,5593b8b7_e02b_4375_b041_2d570e030835
17d27487-148f-405c-88bd-397c17e685c3,94,117,2017-11-24 20:30:00.0,a680b55b_a656_4d27_b5f2_baac2c19b33c
1968abe6-8755-4722-a664-df1a1894cad2,62,2920,2017-11-24 20:30:00.0,f3172f0a_610d_4bf6_9db4_9b46ceeb1e2e
1add2e3a-f6e0-4f80-a86b-ff8c900f8079,18,2944,2017-11-24 20:30:00.0,55a66fbe_e738_447a_8abb_5e6322c8aa11
1b2d2e57-89c0-4d81-9277-ae203f4d1697,79,2622,2017-11-24 20:30:00.0,de5e929d_9bba_4d01_be55_6ac493876fd6
1b30ae50-d148-43f3-b467-01c89b29bd74,56,80,2017-11-24 20:30:00.0,c6b4216e_caec_483b_9c99_edbcb1d03eba
1c26ff3e-bb2d-41a2-aa91-9c60494265be,78,250,2017-11-24 20:30:00.0,a6adf5f7_ff99_48a2_87e4_32fefdc3f8f2
1dbc09ef-f367-42e1-bcef-2a9348b274b6,41,487,2017-11-24 20:30:00.0,b99d69e8_7396_4b42_b702_815909524a5f
1dc91c48-1af5-4ae7-9075-102cf61310aa,86,169,2017-11-24 20:30:00.0,9978e4d4_5b7d_414e_914f_185474567139
20d7f004-e423-4b3c-8e78-da010a892ac3,56,1195,2017-11-24 20:30:00.0,f3ffe76d_89d2_48aa_80bc_c540f89eadf7
21575581-af34-4c4e-ba62-18999a591f58,100,164,2017-11-24 20:30:00.0,26b27f0f_0e0d_4cd1_950e_f006011c8ef5
21b37f30-d9c4-47c3-90ab-7e75a8106f8e,29,3402,2017-11-24 20:30:00.0,d7f578b7_798b_4662_b1fc_f41a73cc8d05
225c854a-f6d9-486b-b34c-001b367df112,14,3000,2017-11-24 20:30:00.0,a442cca8_6507_47eb_835a_47343f661615
229a7626-d72e-4826-af9a-0a2b065b72f3,70,358,2017-11-24 20:30:00.0,03cefe82_3c98_4fc5_a379_eef6e5407ae0
24cdda60-3547-480f-865b-5b3d33f16928,4,2773,2017-11-24 20:30:00.0,ad81674c_42df_4a56_b75b_335639b7b282
2571db5d-ccd9-4681-be70-13d2a0b0840b,44,1282,2017-11-24 20:30:00.0,e21851a4_0594_4d5a_b0e0_f1f96b5d9d10
25f4f64b-0820-4ba4-b81d-25c8dcc616fe,93,2160,2017-11-24 20:30:00.0,4b0bbd6f_aac0_4654_9661_052c4608f8ec
26edf8a3-2a1e-4a94-9190-9993e8db0421,19,3082,2017-11-24 20:30:00.0,67a583f2_3553_404c_835f_fca1db649f38
2915708a-b397-4b06-a0cc-b4d85ed1dc45,37,37,2017-11-24 20:30:00.0,e638d57a_2850_40bc_a99e_6c387330f4ec
2bacaf20-102c-4cae-b15c-ada3c8273650,35,473,2017-11-24 20:30:00.0,1a0a783a_c76f_46eb_9ede_9e60c186cb3f
2bc945e2-2382-4d18-ac95-a355f75accfb,19,723,2017-11-24 20:30:00.0,606440c6_08d7_4ff1_8311_02cf99425da6
2c0d81ee-b091-40de-b67b-2e93084002c1,76,1076,2017-11-24 20:30:00.0,a4263d22_944e_4b5e_aa89_1dca784c8d0f
2cb8bb55-39d4-4b06-8a07-8ae5525dfe99,15,3486,2017-11-24 20:30:00.0,4aae5536_d242_4f8d_8e8a_822c88e78afb
2da08a46-8204-4c6a-926b-760c0615bc40,36,3337,2017-11-24 20:30:00.0,d5940867_99a5_49d5_8a33_9006293b9c6b
2e57beab-7dd7-41a1-8364-610a1b042645,42,721,2017-11-24 20:30:00.0,3192fbce_9cfe_4003_a5e9_3db6d2121462
2ec53ef7-a5fc-4d85-8b14-d5e33dd01761,61,2810,2017-11-24 20:30:00.0,6d648c14_70c0_4140_9395_d68f2b9843a7
316d69f3-17f2-41bf-8704-f750a807da11,19,2378,2017-11-24 20:30:00.0,51a468e5_adc9_46fb_86d0_03afc94c09e5
317c81d7-2bad-4f8e-8d81-0bdd35e480d1,4,1797,2017-11-24 20:30:00.0,d340bc77_c5de_45df_84ec_4783b84fcb18
31a2b1d6-c51c-4dd2-bc88-36ee70714256,31,2119,2017-11-24 20:30:00.0,27a99037_d927_457a_b4a3_7ed9f3d390d1
31ab2f6b-3a36-409f-bb72-44dd1c2c8d40,58,2904,2017-11-24 20:30:00.0,3cd82ae8_a9b8_4e8c_96cc_e379f016033a
327fac0e-4782-4d52-9808-8c7777fe7651,32,2338,2017-11-24 20:30:00.0,60a909d0_d8f6_4353_9246_60d10162c735
33adbbd5-11a3-4451-90d7-4d1407108600,48,2335,2017-11-24 20:30:00.0,f0562465_ea8b_4f17_9ad3_359314a1f104
35533ada-a56f-4e21-a252-a99f9464274f,66,2848,2017-11-24 20:30:00.0,1e7d77d4_7632_432b_adb9_fb928181cfaf
3673e8c5-8924-44fc-adf5-f04feb1bf93b,72,942,2017-11-24 20:30:00.0,f9728d46_cb25_4d43_be60_cc56c54d2304
38bcdb83-23dd-49f2-a509-53d4b86bdf87,99,1663,2017-11-24 20:30:00.0,5a5e6ac4_2a12_431d_92fb_bb20b628b82b
3ae80933-b07d-40cd-941b-ae294587232c,42,1168,2017-11-24 20:30:00.0,fd19e770_191f_46bd_91b4_1631e595dafc
3b5cf806-1d00-4382-abd3-a63896d9489f,9,249,2017-11-24 20:30:00.0,90476000_4187_4068_93d1_945ae14ffe31
3d5ab4c8-4d21-4ed0-a583-0afff4f1df79,78,1174,2017-11-24 20:30:00.0,5bb37f41_30ec_4b2a_b6b3_6321416fd9d6
40c61483-0bf0-4cdb-af69-48063c97609d,86,2379,2017-11-24 20:30:00.0,967cdaa0_81cc_453b_b79d_50555edccc81
4216b86b-db5a-48df-9805-61e25d3af003,51,1061,2017-11-24 20:30:00.0,6db50fda_54f5_49d0_85ca_50d848b0b54a
45485915-f1e9-42a4-b123-6ff1fbd5ac43,80,907,2017-11-24 20:30:00.0,cf1bb6dd_6e83_4a54_b92a_7e114c459259
462a3017-6dfb-452a-a904-0c4dffcb3f83,91,3383,2017-11-24 20:30:00.0,440165ce_2087_47ee_9759_801ac0060f0d
46948d14-1e99-4074-8aed-a5d2c733b7f7,8,2722,2017-11-24 20:30:00.0,4139d980_2071_4db4_aa6e_4f7dfcffdc53
47225de9-a865-49c9-b429-fb5f8948da71,20,1001,2017-11-24 20:30:00.0,85c603c4_6172_4dba_9cc2_e3dce3472bbb
49c5fc47-16af-41b4-85fb-9621abe1e6e6,30,1249,2017-11-24 20:30:00.0,91de7955_0d8f_46a5_841c_a6f79b93fdf8
4e7f1c7f-36c4-4f20-aeb5-47b9d91bd0a4,72,646,2017-11-24 20:30:00.0,4e2b7687_d100_4c7b_a09d_63764cf9cb87
4f697e25-c588-4a22-b285-f4f3189a236d,84,2548,2017-11-24 20:30:00.0,4cb0139b_833a_493c_b13d_8e62b77cbbe8
5084d3c9-95cb-4bbc-9063-1b3f5d2e7e59,68,272,2017-11-24 20:30:00.0,0e1aa221_68e2_49bb_9dea_b5faea14034c
51486447-8515-4229-b09f-61f4ebb6b3d0,22,858,2017-11-24 20:30:00.0,eb79546b_b4ae_46ed_96fc_759b0d591556
52a4ef4d-22bb-47fb-a7e8-b3be36fb41b8,74,1766,2017-11-24 20:30:00.0,87e177e4_097d_4a69_813e_70004011c7ed
54a49bbb-440b-4bfc-82df-168729d9139b,97,3275,2017-11-24 20:30:00.0,02f40ca8_4b5b_4785_965b_c3913c515fbf
5554d085-9087-46d7-9a47-7da93feef7aa,99,2784,2017-11-24 20:30:00.0,5d29cead_46fd_4f07_97be_3fe2c7bd9608
55f08bf8-389c-45f9-9a5d-29f105fcd29e,33,2289,2017-11-24 20:30:00.0,f162c1e8_1928_41fa_bb30_6d0b62600e71
5b0f4122-eaac-438b-a8d9-b1ec3c628391,31,1705,2017-11-24 20:30:00.0,06af9cdb_dcfb_413f_bc98_56f91ca2fc18
5da24417-b9f3-4675-9338-f62f70690088,13,3497,2017-11-24 20:30:00.0,c946f449_c47f_4130_9a58_b8260db53137
602baf7f-7d00-48ef-94c8-ab7d6d2d40e9,49,1552,2017-11-24 20:30:00.0,049bf793_e352_4cee_834d_4ddbea8daf73
607d3b40-6ad9-4b80-9a98-fe5c0b3a8a27,13,2797,2017-11-24 20:30:00.0,a959b2f8_7adc_470a_9355_850373049dc6
615494bd-a167-4747-acf4-6fd33401572e,99,1582,2017-11-24 20:30:00.0,b4551f47_324f_465d_865b_8784634d896a
627e02b6-2c35-4725-84dc-bd5ffb8d0516,12,439,2017-11-24 20:30:00.0,7adada95_eb99_438c_b591_88ca6cc5fdd9
62df0b6f-beae-4f9c-b160-c1d0e3fbc70d,76,2308,2017-11-24 20:30:00.0,61c1e7f1_66d6_4385_b6c3_aab89ac46e0f
63aa285f-a285-4769-9e82-556d78ce7621,51,370,2017-11-24 20:30:00.0,8b0671a7_9d21_4b7b_a4dd_3b3b5500e4ee
648a1988-d0d4-41db-96cb-4f906742cae9,91,271,2017-11-24 20:30:00.0,wemo_01
66515d3b-f75a-4044-99f8-bca862e0440c,73,2475,2017-11-24 20:30:00.0,d24f7a10_5663_446e_89b2_a7f20c33b837
66938989-c6c8-4431-8f31-29925f62ffeb,17,3491,2017-11-24 20:30:00.0,f10f7d9c_74b6_499c_aa19_7eb5dd899662
68ce1716-0827-4622-bd1d-c620e13d8d0d,89,3010,2017-11-24 20:30:00.0,60db1991_affb_4051_92d8_28abec708778
69f80681-d9e9-419e-adcd-eba47497f508,18,3580,2017-11-24 20:30:00.0,5dc85f07_0b42_48fd_8316_9530b244bb6d
6b7f2504-1e11-4cd4-a269-cb8ccf6e8e91,45,1124,2017-11-24 20:30:00.0,0d06b2ed_025c_4571_9f71_f26b30a3abae
6d2119cf-d0db-4a9b-85dc-21316de3f61b,4,2324,2017-11-24 20:30:00.0,13e19b9e_eadf_484a_911c_697225a4d3b4
6dbbf252-bd4d-48d1-9f8b-22eebf886c46,77,2250,2017-11-24 20:30:00.0,b48da3e6_69fe_4801_9b71_2d9234cf1657
6f209953-b179-4d4b-b422-f1856bb209a7,7,3192,2017-11-24 20:30:00.0,ca40ff7a_7226_4be3_8377_c405c13eca33
6f7f339e-fba5-4567-a5d2-0bceee4bc7fa,1,1365,2017-11-24 20:30:00.0,2110f9ef_291a_4aad_9c15_b8dadf922507
6fc0480f-ae5e-49ce-b8b2-463efcd0da93,56,576,2017-11-24 20:30:00.0,0fb9d14f_cf73_447a_af0d_20cc6980994b
70c57e27-2fb8-4ea6-8d6c-4b56b46e4d6c,44,740,2017-11-24 20:30:00.0,3487f095_3caf_4e35_9457_a64079735ec0
71b255c5-7001-43d5-abd3-e44d967714be,100,48,2017-11-24 20:30:00.0,c8065e3b_61b3_4db7_b7e1_8593e8ee4a76
726aa63d-6a59-4d60-b272-602b07419d82,48,766,2017-11-24 20:30:00.0,4876c5d4_7b6b_424a_ba53_440178f7e3ce
73d85dca-8d30-4e0c-9c4b-c9c2f21cd1b8,56,2927,2017-11-24 20:30:00.0,d6616ba5_7f9b_48d2_a39e_b4c09480c7c8
7a3449c0-b1d7-4a07-913b-dc7bd122f2c5,67,1417,2017-11-24 20:30:00.0,54d86b50_92a3_44fc_9a56_c8b0a3fa04fc
7b2fedef-7b6a-4c55-842f-7a694d9cb865,25,1170,2017-11-24 20:30:00.0,5a293e65_c3fd_410b_973d_79f8dd209753
7bef054e-15e3-49aa-a90d-11ddee72274a,13,313,2017-11-24 20:30:00.0,779c2a23_75c2_4583_ae21_46720d22303d
7c9ece6d-be02-48d4-b514-656596449f9a,33,2873,2017-11-24 20:30:00.0,6bf9c5d8_f4af_40b8_afc9_aa09daff8be5
7cda2e72-325e-46b7-9e7f-e96fd914447c,10,1763,2017-11-24 20:30:00.0,726b5407_1892_44fb_a6b0_fa9b453aa253
7d1d8f03-d7bc-42af-85c0-6f848f3ed241,54,705,2017-11-24 20:30:00.0,1eaa8c73_90da_4d29_8ae4_d6f3afef223d
7dddb999-a4be-43b5-9d81-c173600dedd9,18,1331,2017-11-24 20:30:00.0,14bc01b8_b530_4cf2_8b29_22ea0097e4bd
7e8d09cf-5d3d-4126-87f2-ac317dcdab99,49,1407,2017-11-24 20:30:00.0,5de90220_0295_4768_b89f_ab445918a897
7fe3e030-7812-40e1-9495-8a62b5f455fe,29,2589,2017-11-24 20:30:00.0,1c82e206_583e_4ca2_b81e_ef0d51064378
8151d2b3-a5ba-4e88-acdb-d2803cb539c8,36,1905,2017-11-24 20:30:00.0,81f1aef1_bcf8_4db5_abe9_77a7bac0e16b
81f61fcb-c075-4360-94af-0b40020da160,52,334,2017-11-24 20:30:00.0,92c130ca_7ff4_402a_9483_ebdb14dce7f2
83e292ec-b624-4834-bab1-4ec9ac60c2bf,58,755,2017-11-24 20:30:00.0,652b4594_f008_489d_b41a_e139c7627e62
8404d714-ea30-4c76-8a35-e5bb3d57ae40,97,2170,2017-11-24 20:30:00.0,024a3278_1e25_4f9d_b190_747002ca215e
8714951c-714e-4baf-a175-d8a92deffc56,39,993,2017-11-24 20:30:00.0,c1b4b406_282a_4687_b1b0_d06b0c7bfc02
8891bd6c-2868-4046-b3a8-6dee63ff0401,78,2320,2017-11-24 20:30:00.0,f97e9f5c_f19c_46cc_ad70_f29dd2cce577
8aa80bce-f009-4646-80cb-bba4d66b7f4c,56,2063,2017-11-24 20:30:00.0,c657a4ef_8b16_4cff_9304_1e647187b5e0
8b717854-640c-468a-9675-646ed254d431,54,3082,2017-11-24 20:30:00.0,9c40ae68_1a78_421d_9aae_6f2bd145e4a5
8be1650f-14a1-4f7e-bc68-c9ba00476b8e,29,1906,2017-11-24 20:30:00.0,f250cfef_603e_4961_a928_8ddcbf3dec30
8f7810bf-423b-4a65-a8b2-8abcb7b45ad4,78,3520,2017-11-24 20:30:00.0,a67a7e58_c2ac_48ee_8a73_a696eda15a7a
8ffe8184-d372-4318-bfcb-ec727dbb0668,97,847,2017-11-24 20:30:00.0,563b9c3e_8523_4ee3_b2ad_31315a693522
904f5c7c-b264-41a0-ae24-4c67e406edef,77,711,2017-11-24 20:30:00.0,4ef73830_bde1_49d9_8fc1_0dd65fdcf798
94e808e5-cc87-4017-9a1e-fea71287ff82,68,1548,2017-11-24 20:30:00.0,3ef6d064_3b47_498a_b34f_b1c864b71a76
95019c83-4622-42c3-a55b-6bd92f1eb9de,20,3034,2017-11-24 20:30:00.0,3d0500c8_4f16_459b_b77c_488b289ae7b7
97baee68-5fd5-4b51-ac17-c94bfababfa9,47,1997,2017-11-24 20:30:00.0,d88357ae_2543_4bce_a141_eb52ea5e69ae
9ba02a48-c542-4535-b19f-92dd37b3f9a4,31,3111,2017-11-24 20:30:00.0,aa80d109_2265_4f70_8ecf_335820f93b92
a27c877f-6884-4938-867c-3248aad3bdc5,33,787,2017-11-24 20:30:00.0,9e117085_c48e_494b_b58b_0472edee531f
a309f42d-1bcf-4133-8ab6-14f802cd7193,79,1726,2017-11-24 20:30:00.0,8742e79b_e7a4_47b3_8ab8_ab84a84c4c55
a36f58f6-e36f-4c3a-bf15-6099a86a0320,11,2189,2017-11-24 20:30:00.0,e1390499_cfbb_4ca0_8bb6_70793c27cd94
a3ad095a-70a4-45bd-ae59-3114f38c83f9,87,3347,2017-11-24 20:30:00.0,ad4e068f_aace_4493_84c6_66600003f031
a3cc89a0-90d0-46a7-b527-51edce600f46,2,2555,2017-11-24 20:30:00.0,7543c5ca_091f_429f_bd2b_6c2e4c1fea30
a425694d-c7c9-472a-91c6-054e2eecf7ee,31,274,2017-11-24 20:30:00.0,75b3ccc3_05f0_4f46_b3aa_05bcd98603a6
a4a21c95-eb57-4999-9f15-ff1cdecbc272,63,2292,2017-11-24 20:30:00.0,71625bf4_6739_40e2_bdc6_984fbfd74004
a509ce8a-9d18-4297-bc93-b6a050f97245,78,960,2017-11-24 20:30:00.0,7eef0131_8379_4aa4_949e_928d456564f8
a6e53cae-055b-4047-aed1-7279c7fb3dad,68,21,2017-11-24 20:30:00.0,9c7b6d00_ca9c_4323_946c_58785c315474
a708159c-edc7-4537-8efd-d579b53f7acf,39,3382,2017-11-24 20:30:00.0,ae1c3b27_579e_448f_9617_197a98b0ae89
a729cf1f-e342-487c-bfac-ea4c1722bad5,64,2442,2017-11-24 20:30:00.0,77f6a487_49cf_49e7_8414_7e3426f97006
a94fcf5e-c3f1-4fae-baeb-e280f6f2bfd0,17,1712,2017-11-24 20:30:00.0,eb0fe965_b0e6_485f_8e81_c2fad933b660
aab8fc15-2cae-429f-a824-ea5fa20e5787,10,1732,2017-11-24 20:30:00.0,6e4199d9_edd2_4fde_bfb1_9e9f67724b85
ac1fb616-bf9b-487b-9c5f-df36de6ddb02,56,796,2017-11-24 20:30:00.0,29b7acab_131c_42e6_853e_d6eef2d1255e
acbb824a-4eb0-42fa-ae77-68571678297f,68,1211,2017-11-24 20:30:00.0,6c9ee92e_704a_469f_a3c1_5f9a893db923
ae10cfa7-b39b-4c27-9b5e-4aa4bf0e76e0,99,3398,2017-11-24 20:30:00.0,63013de2_1787_4963_85cb_7de9eb0eb230
afc7da6c-d2c8-4b35-bc32-608328fdde25,1,1018,2017-11-24 20:30:00.0,018e4c86_9020_4e5e_aeaa_566ae232a080
aff6ca1b-e92d-421e-842c-82e91af3ac6c,21,1036,2017-11-24 20:30:00.0,1ebea9aa_0e32_473c_a712_8d30557affa0
b150f492-e081-4186-bc9c-528539dbfd9e,60,3394,2017-11-24 20:30:00.0,298f1ff2_3bfb_49de_8b65_544b637b0cf3
b2fb2f83-9547-49ee-a0da-5ec0ce235fae,52,1320,2017-11-24 20:30:00.0,d0a92f22_0ca8_4494_8285_c5709eb79e49
b3d22d6a-8f6d-44f5-90cf-da329e9d46f9,59,2948,2017-11-24 20:30:00.0,c6d22b33_01df_4a98_848c_662d056ebb67
b4585363-4ec9-42c1-96e2-1880f67dab20,58,3134,2017-11-24 20:30:00.0,3630bbd4_a6cc_41af_96fb_46e3734924c2
b4d9f0f3-39c3-404f-9581-22df7b7c98c8,92,1846,2017-11-24 20:30:00.0,637a51bc_a580_4118_a905_a71dd69fdf9c
b5be5696-5e88-4b0b-8254-ea57655763c2,44,1841,2017-11-24 20:30:00.0,e29b7608_80de_4686_8d89_3b5276710e9b
b65bcafb-fe34-48b4-bd37-2b19ed4b5398,54,1706,2017-11-24 20:30:00.0,1d79212b_0aa3_4e5b_bb8c_d400908d0e4a
b68cc3ec-93da-494f-b321-812a7d301586,9,1056,2017-11-24 20:30:00.0,b8e945d1_083c_4b70_b0fb_59e4ad34768b
b890e67c-97cd-4bf9-a33d-2e8944d2fc5a,89,3109,2017-11-24 20:30:00.0,5b0528a0_aabc_4821_8886_fbec2871a998
b8ce22a7-7d32-478d-9897-56165926cc50,38,660,2017-11-24 20:30:00.0,ec166d65_bbdc_4b94_b3fb_cb6794347612
b9d5ebad-b40a-471d-b61d-1fca7004a7f2,56,403,2017-11-24 20:30:00.0,0cdb13a6_4d3e_4043_93f5_4d2ce698f880
bacc3c3c-e044-48bd-bd83-32d76cb35f76,8,1236,2017-11-24 20:30:00.0,7629b90b_9784_4731_83a9_8cafe4f9e59b
bb35abdd-55ce-4afb-8657-7d410219c598,49,2819,2017-11-24 20:30:00.0,87340b07_68fe_4f0e_9737_695f37fbab4b
bc85f4a3-fad6-4055-98a1-66000a92545c,100,1731,2017-11-24 20:30:00.0,3143d5a6_0280_4e44_a18c_5778e339694d
bf09322a-4dea-4061-93fa-27401efb434e,37,167,2017-11-24 20:30:00.0,48b3e2af_9bec_41ed_92f1_e6ee05a13e40
bf114515-ea41-4ed7-a8f5-ea463e0e350e,15,1045,2017-11-24 20:30:00.0,f97559a5_cffd_4f40_8e75_6d755a548afc
c1d319cd-fd7e-4534-93d1-e689b7e59bbb,94,2113,2017-11-24 20:30:00.0,6a2015b4_b76f_4936_8d53_3eea61b6eac6
c21ac18b-5b7c-46ce-ab24-8232c068bea2,19,2047,2017-11-24 20:30:00.0,dfd8771b_ea90_4afe_b137_e9f22992f9db
c308a8db-a649-4af2-81c8-18d31b886809,90,2177,2017-11-24 20:30:00.0,e88eb477_a9b3_4d7d_8b95_33856168037b
c327f38a-26f1-417d-92d9-6f67d4e96699,68,2024,2017-11-24 20:30:00.0,a69ef2f7_2e01_47aa_b1f2_28dd376b27d7
c756b73f-27a2-4a81-8e82-d8a2a0c39c37,67,2936,2017-11-24 20:30:00.0,e012ebfe_1c2f_40f4_a456_876cb119f5c6
cb5984c1-72bd-4639-a331-3e9d74300667,16,1580,2017-11-24 20:30:00.0,febda389_13d9_4a90_b701_934bf2b51be1
ce77fca7-cbe1-4904-a68b-081575d33845,76,1869,2017-11-24 20:30:00.0,5313cf9a_7fe9_4114_88c7_e5eefa65f14b
cfbfdb5c-8fe9-461b-899b-28accb963860,84,1986,2017-11-24 20:30:00.0,070015fa_7582_430c_b53c_37c47a7975f1
d0649d8f-73fd-4c74-9c35-cb383774ac57,36,865,2017-11-24 20:30:00.0,cdfe4707_469a_4cd2_8838_8e2869c805c5
d06ae150-e57d-463f-970a-8e9fb11aa251,92,3350,2017-11-24 20:30:00.0,445a8d67_b4a4_4598_972c_453137c5ddfb
d0fbe0b0-ab22-4a57-a941-e50b7a9efc97,82,2134,2017-11-24 20:30:00.0,3f444574_699e_4235_99a3_8b3019c035c1
d3b7bf1f-f18c-4874-9254-e788f17b1345,45,169,2017-11-24 20:30:00.0,a434e101_c7d3_4eb0_9f31_79a9d0b352bb
d4090406-d502-4c48-b0c6-fc9bdc713c5b,38,3327,2017-11-24 20:30:00.0,36c85335_748e_4c48_ace9_8e640324ce4f
d4f0757f-d85e-4660-895b-63913272ecbd,29,1560,2017-11-24 20:30:00.0,ed7fc652_9830_4848_973e_67ec47bd8c17
d6d6c1dd-78ae-4f14-8f9a-51baae7a05aa,90,1554,2017-11-24 20:30:00.0,b5b7ad5a_6d47_4dd7_a97f_04d5b0cdb478
d79274d8-c4a0-4a6e-b5ba-7979c48d346c,9,2288,2017-11-24 20:30:00.0,28162ee2_3f35_4195_b31f_58a2fff836e6
d8dca0a0-3746-4f7e-8c68-a782462dc8e4,2,2681,2017-11-24 20:30:00.0,b1b45ccc_d2f6_40d0_ac18_540cf67b6649
dc2bbf89-43b2-401b-b441-0458ddd9c92c,66,799,2017-11-24 20:30:00.0,e7e99888_98c0_4dae_945b_4f974bda958b
dcf67be3-cb61-4b90-86e4-a8bc1ad6545e,51,2577,2017-11-24 20:30:00.0,cb9e2d34_8507_4703_b8c4_50c37bc901a9
dd7e34cc-2f87-4732-adcb-74fd2114320d,24,1561,2017-11-24 20:30:00.0,070ae945_c091_49b8_bb18_b2ce57c3f611
de6670a3-0426-4ea5-9a10-43ed8c00d9d6,66,647,2017-11-24 20:30:00.0,c37a90ac_281c_4a13_a5d2_315bd0bd77af
debbcf1d-ec8e-4585-b49b-6c3c7971c416,97,3318,2017-11-24 20:30:00.0,f9e06769_00f2_4096_8577_1fc20a6505e1
df36e326-801e-48f7-bcde-40fc74db4d52,61,2059,2017-11-24 20:30:00.0,6016d495_1435_459b_9b4c_ed80d0391f90
e047808d-d33c-4895-b57a-b04fbdf8ab0f,42,3356,2017-11-24 20:30:00.0,b8a50f1b_c8a1_4f06_9b4b_f871d7229e0f
e1040acf-2ab7-47b8-85a8-d176ca443fb5,29,1626,2017-11-24 20:30:00.0,1e2946fd_cb9c_41be_bde4_f35dfe50c085
e162596f-9f26-4971-9dd2-7f98ffb8df1f,52,2225,2017-11-24 20:30:00.0,3ccc3a57_a968_4c76_9e46_92c4c2c39628
e1805afe-4253-47db-b50b-0e417290bb5a,77,2797,2017-11-24 20:30:00.0,2a8207a4_8c2d_4111_902a_739722d5c1e5
e1ca8264-ca2e-4227-ac6f-3004379c4498,9,3510,2017-11-24 20:30:00.0,05f9250c_729a_4ccc_8e21_e6831e051adc
e245f74c-27e1-49b2-85f3-222a0fd3725b,85,3240,2017-11-24 20:30:00.0,bef89638_cad5_4d8b_83b9_6d94a104e34b
e9566ab3-b10b-4244-b83b-a9514411904e,51,1249,2017-11-24 20:30:00.0,5d0f1cb0_ea81_46a6_8f80_03f4ebd8feb3
eb79f8bb-897e-4ca3-a7be-7a1b9b207064,45,875,2017-11-24 20:30:00.0,71441190_a750_474e_95f4_d0901dc20716
eb800ae9-5427-4fc7-ab27-5adaff621177,32,2723,2017-11-24 20:30:00.0,4e475a73_16fb_480e_913d_f337cb16b1e3
ee08aeba-c719-4f68-9b0d-2c5474edc406,46,2880,2017-11-24 20:30:00.0,c5fc6521_367a_4f05_97cf_8de32c6e7e55
f1472fe8-dae1-4ff8-b367-c78feb6b2080,33,2699,2017-11-24 20:30:00.0,4f172dde_6251_4a99_840b_95c57c513130
f1f3b756-c1cc-4696-ae11-d15d7d055c66,43,1775,2017-11-24 20:30:00.0,ad0be531_8d34_443e_ba97_23d8b9e1b805
f2966e71-eb3f-40b4-8223-568779194314,41,1686,2017-11-24 20:30:00.0,460753dc_55f3_4489_9b4c_79adc76629d4
f36668f7-4420-4c2d-aab3-39846c948738,22,3050,2017-11-24 20:30:00.0,af259072_be26_4f5e_b5a3_513e73666f3b
f4733e76-5917-4d5c-a459-fce7411ae6e4,99,3060,2017-11-24 20:30:00.0,b66afcac_1ea6_4f9f_9621_da8d0bf62a20
f8dbec3f-0cee-4897-9840-57e9f3601840,47,1686,2017-11-24 20:30:00.0,96103d9e_bd33_4f32_b038_883bd5759364
f9435b91-f0cb-4df5-9293-8ca70b33df51,94,2755,2017-11-24 20:30:00.0,5cae29ef_7c92_4878_9110_703282904bb2
fa1e6659-f7bc-44b1-b7e6-0f9a1a0a9d7e,9,2139,2017-11-24 20:30:00.0,556f5110_e913_49d3_be9a_aa43c7a71068
fb850559-8f51-4a94-82d5-2e0b0082b68b,74,2562,2017-11-24 20:30:00.0,fad2dbad_a86e_4cc6_a5ce_64ca17ec8f29
fc1ceac9-05b5-42bb-92cb-c0c22155e3a1,84,313,2017-11-24 20:30:00.0,bae2c982_b9be_434a_bcd4_6b122534d4be
fe10c671-2629-440e-902d-b6fe0bfaf6e4,38,1856,2017-11-24 20:30:00.0,e2e6e841_0a4f_4f51_841f_293d06ef405c
ff8408bd-f608-4ce9-aaa6-b8c92b3d509d,95,3488,2017-11-24 20:30:00.0,7dbe69b8_e69c_4a9a_bee4_468526af583c
ffd67d3e-e486-457e-aba9-c7dc6bb442ba,87,2203,2017-11-24 20:30:00.0,e586961c_6822_4cee_b0f6_b7c29477f5df
01b3cb43-dede-48fd-9131-eb1ccd50ee8f,85,329,2017-11-24 20:32:00.0,wemo_02
023534b6-80a6-4643-8298-b31d90fac47d,46,1482,2017-11-24 20:32:00.0,967cdaa0_81cc_453b_b79d_50555edccc81
060153fd-b449-4a3e-8750-0235b3aadc49,85,1316,2017-11-24 20:32:00.0,94b017d7_4a6e_4db1_903e_4c2615f8fd29
061defb7-ae7b-462d-a041-8cade5601a08,100,933,2017-11-24 20:32:00.0,f4843dc1_15ad_49dc_b01a_f09a9d74fa52
063c6275-bbc6-4eeb-af7c-7b7dc8a2bb5c,59,2003,2017-11-24 20:32:00.0,e9003dca_9e4d_41b3_ab11_f0d088780b93
07fb05ba-c68d-41ee-8b49-d21d7fcefc4a,98,2238,2017-11-24 20:32:00.0,972c9553_2f5d_4ff7_8a3d_a159cc1758d7
09a5bb6e-3ddd-4b28-ae90-acea04fb06bc,74,271,2017-11-24 20:32:00.0,f03db844_d182_4bd3_ba8b_37634a26b7c9
09b1c827-801a-4726-8383-96acc33d3e81,35,300,2017-11-24 20:32:00.0,211df74a_5820_444f_b281_71b4ad48996c
0a4ec14b-f990-42e5-887c-632292b89db8,68,1140,2017-11-24 20:32:00.0,a8022ad0_eff1_470f_b607_85eba93dcfb8
0b126b13-dfa6-43fb-a954-9351f8d51acd,96,1681,2017-11-24 20:32:00.0,f8548389_98bb_41e3_9095_6925d570de55
0c63660d-0625-4a49-a75e-6ed0e216fb0b,64,3182,2017-11-24 20:32:00.0,50f993af_1913_46fb_b5ac_1eebbbfe48c3
0c9c6d4f-a631-42a3-8b91-1a88d74fdb35,83,3570,2017-11-24 20:32:00.0,f0884e74_9da9_4912_aaf6_9bddaf57614e
0cbf7a19-c635-4d95-b698-880177d565a0,22,968,2017-11-24 20:32:00.0,909b8680_ee15_423e_b4eb_0a796f33a032
0cdc3ca9-8758-4c77-a116-09fa70c3006f,35,1473,2017-11-24 20:32:00.0,4969e324_f4d5_4052_a7e4_823242d4401e
0effc330-56cb-44f6-b7de-e150edb1a759,27,3576,2017-11-24 20:32:00.0,3dd5b16b_f475_4d35_8d9e_9320046101a8
10072602-5682-45e9-bca6-4d9fdca4fc19,26,2361,2017-11-24 20:32:00.0,b8e0dce1_d899_46a8_b66b_44bcac235f2d
11954e42-1def-499d-b599-54cc730f4727,79,2323,2017-11-24 20:32:00.0,1327565e_62b7_42c5_b14f_8487310a7372
1219033e-1f96-4193-8954-11913f9b9e05,55,2064,2017-11-24 20:32:00.0,9e117085_c48e_494b_b58b_0472edee531f
14fd2ead-0710-4c5f-a67b-6d0a961f78e3,77,143,2017-11-24 20:32:00.0,3d0500c8_4f16_459b_b77c_488b289ae7b7
159f5fce-58c0-4091-8574-d1ba2847f9d8,34,1504,2017-11-24 20:32:00.0,e55c9f8c_f094_4a48_b7f1_4a15ce23eac2
1670df55-2e55-44fd-9d2d-1fb15485e287,16,1386,2017-11-24 20:32:00.0,db95c66a_5493_4647_b9e7_3e00d6a0b401
1736ba68-cf53-4585-95ca-63ec706ff4fc,55,2537,2017-11-24 20:32:00.0,770370df_f65b_4363_9c32_83375c64a06f
18557f04-2b57-4a45-a077-eeedee868d3d,90,3076,2017-11-24 20:32:00.0,d830ebeb_e945_4584_9830_ff633adaf582
1b98b8f3-befa-44fa-8fbf-4236cbc36a4d,25,1033,2017-11-24 20:32:00.0,5d27156b_3d41_415a_bd64_78fdf39e153a
1d14440b-412f-43e1-9d15-f648f966e0da,20,1555,2017-11-24 20:32:00.0,7c5a6f53_e158_4d43_ba58_d57b2f69bc33
1ef579a8-c9ec-4712-9140-0c70c8650158,64,2339,2017-11-24 20:32:00.0,edbed401_8871_450a_b710_0575b5b20619
1f6c4883-48f1-493a-8c8f-dde089bc70ac,67,1431,2017-11-24 20:32:00.0,76643cac_3995_42a8_b646_8290d8782963
1fda74cf-3273-4395-96ef-c7e4c14f1bc2,38,3266,2017-11-24 20:32:00.0,c6c15232_66fb_4dc1_838c_66849f8a2a3f
1fdab868-09f5-4c2f-8d6b-92e1c5065858,75,796,2017-11-24 20:32:00.0,6be4a639_fdf4_4060_ad8f_b12ef71a7e04
1fe69d78-fcfe-4e0b-88d5-372826080de5,48,2480,2017-11-24 20:32:00.0,fbbf8af6_1a10_4e3f_9c5d_7ebea882b68f
206a28db-d04f-4550-b251-f78a8ffb9a03,20,2961,2017-11-24 20:32:00.0,2c5c5a93_8d92_42d6_a1a9_05b91ce37770
20830529-5373-4800-b351-9f90dfb1367f,83,1475,2017-11-24 20:32:00.0,b1b45ccc_d2f6_40d0_ac18_540cf67b6649
245c2896-7cb2-40a7-84fc-58c997837014,74,318,2017-11-24 20:32:00.0,f6efdced_e682_4123_9a3d_25dadb85597e
2579cdb6-4c4c-45a4-aba5-040e8a727811,82,768,2017-11-24 20:32:00.0,07daf532_3e51_40d1_9418_78d722ee4abe
25ade054-2c99-42b8-9213-e5ff04e2c33c,73,2811,2017-11-24 20:32:00.0,c80e596d_54c2_4389_ac06_4d26687a6764
28812f7d-e0e0-4b54-a85e-c5d97dae595b,91,1739,2017-11-24 20:32:00.0,411db552_aec1_4f52_85ab_4d1b9448f936
294c6ef2-a4a2-407e-afff-e56e9b92f9d3,48,411,2017-11-24 20:32:00.0,86bbd8eb_4590_449c_b2fa_aa38f0b25fd6
296750e7-817b-444a-85b6-7ca036e4f4d1,41,2393,2017-11-24 20:32:00.0,6bdc0db6_eb8f_4256_a723_d89ff5ab3aed
2bd7916b-d609-4193-90f0-a38d24418d0f,76,576,2017-11-24 20:32:00.0,db84df1f_e710_45c6_afd1_cc3851ed22fe
2d63c2f8-ef4d-4672-8b9b-2a1794ff2121,10,2409,2017-11-24 20:32:00.0,a7bb68ca_6d74_431b_87fe_70ba47545683
2e32352b-053e-49a3-8c16-af2e96a4c4b1,35,3016,2017-11-24 20:32:00.0,f0b80a13_990f_4576_bba8_21d773e561f7
2fbb72ce-d2ee-4556-a8b5-5adcfdb6f7de,89,3104,2017-11-24 20:32:00.0,7249d60d_6a33_4c61_9a43_deb55f814bc6
31311209-2821-4c85-93c4-b7b2b211bd7c,50,3159,2017-11-24 20:32:00.0,71a6c3ec_57e6_4a1c_bd69_2abab8f4639c
33ae6f63-2d14-4e73-9b18-bec6ddf7df3c,10,1025,2017-11-24 20:32:00.0,38edb2a7_0a5c_4464_87c3_3e2f7acb81c1
33af0503-538d-47fa-826f-4309aa595ff6,90,1345,2017-11-24 20:32:00.0,ec166d65_bbdc_4b94_b3fb_cb6794347612
38194bdc-8037-4571-85f0-3d7b70514003,64,136,2017-11-24 20:32:00.0,e5027223_7b20_438e_94bb_1af20e290b8c
3d641059-4511-420d-80cc-a3d15d2ae0c7,77,116,2017-11-24 20:32:00.0,9a0a36a7_d4b3_4ed3_bcd3_5c192a72d83a
3dd61d01-ed80-4307-8cef-7441a1d34c4b,59,3087,2017-11-24 20:32:00.0,3fc559c1_284d_4f3d_82a1_b60bc73b2cc2
3ed269d6-3e16-4c73-800f-bf77fb6b1391,52,1300,2017-11-24 20:32:00.0,bff852c9_5072_4f33_bfe1_fb9a5f560653
3ed55f95-aa63-409b-963b-6fa27abba4a2,40,887,2017-11-24 20:32:00.0,aa48f51d_b933_4210_a191_83c6d776ed59
3fbb752f-3db8-48dd-b9f8-18b72fba3584,68,3584,2017-11-24 20:32:00.0,017570a5_88ed_4072_9c32_ed6d53d6a8f3
40736624-83b5-4aee-8124-a859de89e019,8,1924,2017-11-24 20:32:00.0,4f46a100_800b_45c9_a20e_eb1a1a6ba6c2
43260740-0511-46df-b06a-7d576727105e,21,952,2017-11-24 20:32:00.0,10a4a8f2_8818_46ac_b271_1234c9eb2d5f
46304fbd-b0be-4154-a0bc-beebd2dedce7,96,2,2017-11-24 20:32:00.0,27aabfa8_2ba8_42a9_8028_27797bbe82e8
46f0ef94-7838-415a-a34b-82e600410a5a,43,2373,2017-11-24 20:32:00.0,5aa3db87_b510_4f81_ad37_e056453ac803
4700a6a3-5a5a-4609-88f0-3a7ad82985b4,33,3294,2017-11-24 20:32:00.0,3c00237c_249b_4d0c_8292_fa12337a3201
472f5984-fcd6-45cb-86b0-eee8448b72a2,50,2463,2017-11-24 20:32:00.0,da4c5176_be00_42dd_9d19_3168a207c44e
4742b893-1809-481b-ac1d-07b4c9212fb1,40,1141,2017-11-24 20:32:00.0,3b215b9f_17b2_462d_870d_9f3271471735
49d4a797-6331-4eef-81e1-89d532c45b75,32,811,2017-11-24 20:32:00.0,7ce613fe_a9ee_412b_8a1b_91d9ca7b61c6
49e6d005-33ce-40ee-89a7-ee6e7c40eab7,7,1967,2017-11-24 20:32:00.0,dabb2677_f2fb_4221_8e6c_6540679c41bf
4b5f487f-ae63-40bf-ba94-5c35e3c8b864,24,2122,2017-11-24 20:32:00.0,6edc86df_55cb_498d_9ad2_a13e6928d474
4b8d1d0f-9b21-4f67-952e-e94c8ba2a1e9,98,1277,2017-11-24 20:32:00.0,32f9b54e_26d4_4908_ab8a_bf7ec125a2b3
4bd885d3-f1b9-4cb7-a640-c94d781bc29a,43,1904,2017-11-24 20:32:00.0,dc74d3e2_b2aa_403a_b7a1_fe0d30d6030d
4c371676-7004-45eb-a89c-380f802150cd,1,1364,2017-11-24 20:32:00.0,051379a5_b14d_4886_90ed_e3b6ad97ce8b
4ce3992a-956c-4aae-ae07-9f0bb3db959b,37,1259,2017-11-24 20:32:00.0,eb0fc7d9_13bf_4f06_a8e2_68b8a5e390e4
5735dd65-223b-4043-bc36-12273431601a,84,1577,2017-11-24 20:32:00.0,106cae01_5740_4907_a0af_24a10c8850e3
57823c61-a29c-4b4e-882e-a07356c6c666,3,2109,2017-11-24 20:32:00.0,e1390499_cfbb_4ca0_8bb6_70793c27cd94
59052efb-63a2-4373-a4d1-b1bc18d45139,96,718,2017-11-24 20:32:00.0,467e54eb_2c56_46e1_8ccb_84165400a511
5d698f95-d776-40d0-9ce9-517556294293,72,714,2017-11-24 20:32:00.0,e012ebfe_1c2f_40f4_a456_876cb119f5c6
5f750eaf-abbf-4c11-ba75-19f98964aaea,19,3006,2017-11-24 20:32:00.0,fef829ea_02df_49bb_8a53_1d75d966d353
61abb5fa-abb8-4886-b24a-a98480de29f6,87,3058,2017-11-24 20:32:00.0,ed0d16cd_dea4_43b3_a9ec_a81c3129c560
61aeab17-a52c-4162-9086-45d5608cb663,80,954,2017-11-24 20:32:00.0,b1e79d58_ce1f_4fb4_8693_c1fc6be2eaf2
629e9b0b-05ac-47a6-af80-af778a2ec82c,20,171,2017-11-24 20:32:00.0,68493898_32fc_4a29_a451_e3dddc4f8406
6400a847-11c7-4e26-82c2-ef44050703de,28,3063,2017-11-24 20:32:00.0,640c555e_5d15_496b_9795_4477c1f27057
64c54dd3-e9eb-4ce4-a06a-e45de13e1d81,15,760,2017-11-24 20:32:00.0,3b826321_60a2_465c_9d21_32a16dee7d7f
6619753d-bb4c-42e1-8f34-f6a222a25524,25,2749,2017-11-24 20:32:00.0,cd00f735_df39_4b73_b9a7_344590994904
6656cd17-9a8a-450a-a366-e858eb7e65c0,2,1030,2017-11-24 20:32:00.0,0abfc370_5548_4114_8e75_fda8c74ec888
6665890a-c8d3-4336-9dc8-bd59ec01db58,90,1814,2017-11-24 20:32:00.0,0d3255dd_00e5_4cb8_a280_4fa262f95287
6665eee3-ad2f-4f4d-b386-6dbf54de9946,44,2570,2017-11-24 20:32:00.0,9a2ded9f_832a_4c5b_9e39_72059724539a
67aa9f3f-89d7-460e-9174-123ad638f3a0,95,2792,2017-11-24 20:32:00.0,bbd5d6f4_da1e_4552_868f_5179be5f54d1
6893c6da-cffb-4267-bfe5-3e3074e50ad9,75,2326,2017-11-24 20:32:00.0,e23206f0_dde2_456c_b025_f62c73419039
6b228377-95b9-4165-89a5-0b19f8ce4dc1,100,2379,2017-11-24 20:32:00.0,1e36a829_0974_4cd9_8cce_354875ca8bb4
6bca8362-9179-479e-bae0-750ea654bfcd,41,1030,2017-11-24 20:32:00.0,3df4456a_8e7e_4c46_bd1c_f690c7c32c19
6c4ce3f0-c288-4792-82e6-62e80584488d,3,3030,2017-11-24 20:32:00.0,4c1cc496_c806_42fe_8756_dcb792d054ee
6e87cf67-2fff-4678-87cd-eb4c7186b29d,28,411,2017-11-24 20:32:00.0,32c885a2_94bd_460a_b096_925c3a6d5a45
6f96a120-32d6-48e3-8b58-c143a6bd93d7,54,2067,2017-11-24 20:32:00.0,76f7a2d9_f577_4fae_82de_7f881b2b389b
703eb3a4-79aa-4b8b-8083-3ce054e770e9,47,1867,2017-11-24 20:32:00.0,089a6aac_f7a5_4020_97bd_2f26594a4ec9
72c986e9-3723-4b84-b9b4-d45afe6c24fb,71,169,2017-11-24 20:32:00.0,c57ba1b8_39a4_48b1_89c5_8641ccbeb7e5
734c9a5e-2d5e-42ff-a2b3-00f419b4caa8,90,145,2017-11-24 20:32:00.0,aac97407_8fca_44b2_aa12_9890a66be667
7409a632-0889-4578-92e2-37a2eb79a33c,45,979,2017-11-24 20:32:00.0,f73f2af9_afcd_45a5_b88b_ffa261666f4c
7675e7fa-f61b-4a4c-9ff6-750a992b8732,3,810,2017-11-24 20:32:00.0,76f0cb1b_8522_4707_bef8_90e4a68e9782
768f80e2-5a1d-46be-b291-df632b6d38b0,28,881,2017-11-24 20:32:00.0,86822c75_cc5d_47f2_8bac_500d0eef9fe2
79bcc71c-07c3-4601-9c58-bb452a0f54c5,6,3473,2017-11-24 20:32:00.0,838b3ad9_31b2_4d9e_a2a7_23a805b4b2e5
79e1cb49-e1d9-4035-bcb4-adeeeb55d7e3,83,2069,2017-11-24 20:32:00.0,46dd03b7_7631_445b_a536_7107e0113a2c
7b532918-4aff-4ec8-8b7d-30fec461af73,82,1982,2017-11-24 20:32:00.0,bb23b2a3_c071_4766_a507_399ffc70a2da
7e4c7857-c0b1-4e6d-b89c-3208f445b919,54,1261,2017-11-24 20:32:00.0,da2b7f71_6bc6_426c_b4dc_e74519d026bf
80ba69bf-a945-4f64-beae-1789e49916af,54,214,2017-11-24 20:32:00.0,6ac3213f_5d3b_423c_b93a_2dc51469f187
80d72a0a-5f3f-4bf4-ba50-9bb280eb0559,3,2739,2017-11-24 20:32:00.0,0a7682af_8bbb_4b1a_8881_f5fed64cf01e
81d09697-2f9d-4e94-872b-d0206b498cfd,60,1986,2017-11-24 20:32:00.0,9b2dcbf1_28db_4c95_bcd8_1223dce562a6
844d17eb-7e7c-415d-9f10-6dd1f1e05409,70,2970,2017-11-24 20:32:00.0,75ac8df0_d34c_4d55_a362_6049d0a42b15
847b64f8-dd8d-4d57-b0b5-e019e5311239,77,1063,2017-11-24 20:32:00.0,b03f7955_1159_4667_9ca4_d5354929acb1
8707dcee-2962-46aa-b6f8-3ac652406729,53,26,2017-11-24 20:32:00.0,765da26a_685e_4336_bcea_5215a32ccb8c
871f72ea-1e71-4596-b603-81a610675a86,10,2161,2017-11-24 20:32:00.0,6e0332f0_6758_4220_93ed_ba6c5c709618
879364e0-ca8a-4e17-8549-922ac02796f7,97,1014,2017-11-24 20:32:00.0,f0a90375_9080_45ad_a8d8_311c81b7a9e4
8824a29a-1427-4952-9de4-120c6b5aee6a,24,1213,2017-11-24 20:32:00.0,95e1291f_5df3_474f_b3c2_473802440e26
884239b4-611d-4afc-94c1-131a80eb6891,43,612,2017-11-24 20:32:00.0,bc8c4f73_2955_4c50_bba3_15147338399a
8ae2a6a8-d9c3-4d8e-a667-a97485981979,4,956,2017-11-24 20:32:00.0,7aae29f4_f2e9_4649_b60f_5e6425f1b014
8aec5cbe-8674-487a-a260-e87662729e44,6,738,2017-11-24 20:32:00.0,bbd325e7_30c1_4443_ad4a_5707ec94d45e
8b7d06c6-898b-49e2-be09-cf5d3de13ee4,98,501,2017-11-24 20:32:00.0,4c4dcd51_0cf5_4146_bfbe_575c18c86200
8c2e3f21-e2e1-4998-9da6-0ebb7bd33283,81,2920,2017-11-24 20:32:00.0,31c99e0d_e95e_4b1f_adcf_87a3359dc0ec
8c472232-2b12-47e0-93e3-0faa97fb369b,52,651,2017-11-24 20:32:00.0,f0562465_ea8b_4f17_9ad3_359314a1f104
8c555a3c-6a90-412c-ab5a-c808e4350099,63,1137,2017-11-24 20:32:00.0,746db819_19ab_4d03_9b39_1447c8210636
8d3b8a1f-c113-469d-a268-1907b68ff3c4,72,45,2017-11-24 20:32:00.0,a7883ee8_2c00_4448_b49c_50e4773bf419
8e8db3ab-5bec-4244-aa1a-52e971db4e40,82,2620,2017-11-24 20:32:00.0,8f9fd895_8748_43ea_8d1a_d4990c5accf7
9000fa6d-a533-4402-91ee-f0cfb4797170,98,3423,2017-11-24 20:32:00.0,d8face06_7ce6_403c_a4fb_1511b83d60d8
90196275-81cd-445c-a055-8a8b4cbcb0bb,32,2517,2017-11-24 20:32:00.0,d5400378_7f97_4ae2_b8ff_5b7b2a6e21b1
91cadefe-b360-44d5-a570-8d2d1f121bee,53,1581,2017-11-24 20:32:00.0,21d8d8dd_5bf5_4ad1_9559_cca9c0fe27a7
9262a636-3527-41a4-95d9-97dd4bffe152,25,2958,2017-11-24 20:32:00.0,2a186888_54c9_483e_b813_c8d8afbf7998
92c31bb9-4cee-4e50-adc2-e98acf4fcd20,22,1132,2017-11-24 20:32:00.0,8f8c4a6e_2407_4d52_a5c3_219e7911343c
92e70343-8608-415e-8d18-d0ac71dcb669,80,2795,2017-11-24 20:32:00.0,5b0528a0_aabc_4821_8886_fbec2871a998
948aca29-b73f-473c-8e70-e7982ec9825b,19,134,2017-11-24 20:32:00.0,60396171_be50_4396_aef7_189ac409cd28
9632034d-24ee-412c-8118-7d80dfdfa027,80,1381,2017-11-24 20:32:00.0,b2ec8f19_13f7_4a65_8210_4937f78971d2
96471893-9198-4c71-a224-d9dc2af5e3ea,74,445,2017-11-24 20:32:00.0,1f2f2ff6_168e_41de_9360_fd5c65ac75fe
96eb8b1d-6e47-45d2-b254-e5ad8d06a763,24,2676,2017-11-24 20:32:00.0,4d8e58e1_dfb7_43bd_addc_3f64f34dcceb
970a1125-534a-471a-b7e4-08474fc7b14c,63,268,2017-11-24 20:32:00.0,e29b7608_80de_4686_8d89_3b5276710e9b
979280b0-8197-4ab4-8ed3-6ff19500660f,14,1819,2017-11-24 20:32:00.0,55061169_9b12_45b5_9c8f_325304bbfb0a
99407830-2abb-4654-ac55-947fc8703c79,91,2899,2017-11-24 20:32:00.0,3630bbd4_a6cc_41af_96fb_46e3734924c2
9c696b0e-ac38-4f25-9f22-9485f6503c85,62,2959,2017-11-24 20:32:00.0,5b11c150_466b_47de_9c3a_55780ad01de6
9ce75630-55aa-4ac8-9cce-1ad4933f3d54,66,2844,2017-11-24 20:32:00.0,c657a4ef_8b16_4cff_9304_1e647187b5e0
9ce88fa9-e018-4ec9-b05e-350a473ee71b,67,2980,2017-11-24 20:32:00.0,5482b5cd_e941_42f0_8672_29eaaae608df
9d3eade7-fab6-48a8-a6f1-9402b6ab7f7a,49,1536,2017-11-24 20:32:00.0,8f4aa914_2087_42b6_87f8_60ea90fc6b61
a0042f4b-0831-43b8-84b1-b952ae3715a8,4,2245,2017-11-24 20:32:00.0,c9a1c07c_5768_4ff7_8af4_544f19cf21f7
a0959a66-ba9a-4fd4-a34a-69f29be8b295,26,164,2017-11-24 20:32:00.0,8742e79b_e7a4_47b3_8ab8_ab84a84c4c55
a1249f98-a3cb-4763-a720-0504a56a1c82,10,3482,2017-11-24 20:32:00.0,78bed75d_edf0_44ed_ac7b_9a58ec7247a5
a1792686-4886-49e0-b593-6f1a04286d72,43,492,2017-11-24 20:32:00.0,00494232_2708_4b84_b019_9a9686333bc8
a1f89ef7-7ae6-4e0f-ad50-896e611c869c,99,2220,2017-11-24 20:32:00.0,9a169d2f_f352_4019_985f_0a0f95088c80
a205197e-cac7-47f2-b4c9-fc49521a5be1,3,111,2017-11-24 20:32:00.0,2e0c374d_1fae_428d_9d54_b3a2adb8f421
a33d0158-be60-489f-a5f7-76ba8336078e,2,1819,2017-11-24 20:32:00.0,1e9daf41_ae7b_4229_911d_a93c3a7ae2d6
a6a993ed-0209-42c4-8545-c66bbd4b664d,50,1227,2017-11-24 20:32:00.0,fb58ee23_4f6e_4e43_8599_31651b2f201a
a7cba85c-0285-408c-82c1-64fbd330e684,61,1850,2017-11-24 20:32:00.0,85b1a3dd_e671_4953_ae05_b7888eac900f
a839632c-0f7e-4cb5-9e39-f6e1642bb706,20,1732,2017-11-24 20:32:00.0,520cf961_dea2_43fa_891e_0aa01974ae63
a8b091d4-89c7-4cc8-af8b-5c62c6fd6638,39,2247,2017-11-24 20:32:00.0,054ffb8f_24d0_4c72_98a0_a919926cb087
ab85ff56-0335-432f-a6d8-37231d1dd18d,9,2713,2017-11-24 20:32:00.0,f9f830b6_06bd_434a_963c_797fbd79082b
ac2dff69-990c-40d4-ac10-97222aedff52,99,57,2017-11-24 20:32:00.0,cf59365c_443c_4940_88d5_4a030b39d15f
ad150413-f755-4c53-9855-b83b56388d3b,61,50,2017-11-24 20:32:00.0,d2f296c2_73e0_40e6_aa51_c97174cf22a6
adee9c83-9017-4bb0-a9e8-16be0ed535d2,43,234,2017-11-24 20:32:00.0,a950ea43_6025_4301_b43e_c732c61f4d0a
b4726e69-becb-4008-a9f8-afe8d98b5216,18,2223,2017-11-24 20:32:00.0,995324e5_786c_43c5_b5a7_2aa5235fd08b
b5a2db68-ed15-4692-993c-1f85ab60dd41,34,1100,2017-11-24 20:32:00.0,964c67f0_ec32_4298_93ea_058db8e4687d
b8d6b2ec-987c-4253-95a2-517060eed8b1,42,2902,2017-11-24 20:32:00.0,d24f7a10_5663_446e_89b2_a7f20c33b837
bb2fce4f-4db4-466a-a08a-92ffb8b7d9a7,35,2715,2017-11-24 20:32:00.0,238e924e_e176_408a_9466_443bce830b98
bb7f2cb2-b253-4bdd-93fe-1257bf9e7f80,81,1980,2017-11-24 20:32:00.0,475ea2bd_474e_4a0f_80ff_cefe19d71bdf
c0cdc1f5-7686-4363-97d1-abda3ca6c998,1,1509,2017-11-24 20:32:00.0,a06d66ec_066a_49d4_97de_98e87b1e8e26
c4e443de-34a1-4180-891e-f2f9942c8de9,81,3583,2017-11-24 20:32:00.0,120c66e7_fcbe_47d1_8572_d5877b70c7d5
c68ab928-9b52-4abb-8e19-ddc3aa0e0993,79,1292,2017-11-24 20:32:00.0,97b9a0a7_0c8d_4adf_a0a2_9938f4b630f7
c750ece0-9c76-4a15-9c52-16c9a6a74f33,21,1192,2017-11-24 20:32:00.0,715314e9_8fb2_4103_98ff_8b4d20bc162d
c8f8d7b1-fe9a-4326-b39a-ddeea32a6727,57,2816,2017-11-24 20:32:00.0,9d946fe4_2698_4716_ac3a_e6ba04b0c876
ca01629b-eed5-418d-a640-c7510e934e19,25,197,2017-11-24 20:32:00.0,5ee7e14b_9089_4fed_bfaa_03d4f8a70c5a
cb16dbc8-2366-41da-8fca-99157036981e,33,1454,2017-11-24 20:32:00.0,15a13ad5_d365_4d94_ac3c_dcee45f2f94d
cb1791a1-ed6b-4d5f-9b0f-33ef902f6555,86,2371,2017-11-24 20:32:00.0,05f9250c_729a_4ccc_8e21_e6831e051adc
cb3c5dfd-586a-48d6-a833-4ff09c5fb51e,73,2263,2017-11-24 20:32:00.0,606f6885_97b1_446b_902f_13a763ef9f99
cbf1b0d2-ab41-4e68-9767-aeea7e973ad0,54,1242,2017-11-24 20:32:00.0,56d2422f_21ab_48dc_a15e_b9201e0d6f90
cde4fa9f-7d8d-4b09-a41a-03cbffb9f85e,86,1014,2017-11-24 20:32:00.0,9c7b6d00_ca9c_4323_946c_58785c315474
ce5c23dc-9c1b-4241-9891-b7e2d3dc214a,5,2535,2017-11-24 20:32:00.0,e35b21c5_ba53_4325_b972_c2db8b7a5817
cec7ccfa-b9c5-4645-967f-a544e2cf66de,23,2543,2017-11-24 20:32:00.0,29b7acab_131c_42e6_853e_d6eef2d1255e
d5f305ad-8596-4993-b28c-719e43d2d7c8,82,1794,2017-11-24 20:32:00.0,1e4379b3_147a_427b_aca1_7de036fce677
d60ca90d-bcf4-4bd0-8a41-1d538d68fa91,72,3587,2017-11-24 20:32:00.0,548573fc_1718_4276_a8e7_317b4627b069
d79212e1-e998-4df8-8938-9c1af6ae40c6,76,683,2017-11-24 20:32:00.0,ab675986_1027_452b_8b0d_2d071b23d23b
d7a783ed-cdb3-4ab3-8305-275273a77018,53,3383,2017-11-24 20:32:00.0,a434e101_c7d3_4eb0_9f31_79a9d0b352bb
d7cbdb54-a404-4657-acd5-93dda623bc7d,88,214,2017-11-24 20:32:00.0,4499415a_0bb7_44f2_b3db_2291cc4faf77
d968e06e-0356-4f9b-8df5-2baa1c6f9d1e,28,2908,2017-11-24 20:32:00.0,c31c5915_4522_48a5_a963_21c360a3d999
d998358d-b748-4464-b009-339dcfcf8f33,36,3362,2017-11-24 20:32:00.0,46dead57_665a_43dd_915f_e7f5cc0ca2c1
da313d6b-127c-4ca3-80b6-7e226d6809d0,18,1720,2017-11-24 20:32:00.0,e8f21412_842a_431d_9919_f96408b1e69a
daf7a8b7-7e69-44f8-ab3b-6c87cb6dfe15,77,1636,2017-11-24 20:32:00.0,8a2f7a61_8279_49d4_a07c_1183447c5277
db2d6def-82c9-431f-bde8-8e26da836dad,87,2053,2017-11-24 20:32:00.0,84e50417_d747_4442_915a_87d5e1e1919a
e0a400b7-83a5-4502-bae6-c4e18c16dfb7,68,2753,2017-11-24 20:32:00.0,a2cba2bc_ff1e_4271_b93d_11f14b106d37
e567c1fc-88ee-49f8-bc5b-41025f28980f,63,187,2017-11-24 20:32:00.0,fd8ea452_8540_4352_ac55_77c478be3a12
e7df2919-3e48-4f08-bc23-4567f988d5ff,100,2187,2017-11-24 20:32:00.0,75de6c26_322e_4808_8a96_d797dc1b1dba
e8f318a0-d04c-43dd-ae23-91a42846f0ed,70,2970,2017-11-24 20:32:00.0,99229d0f_bfbd_4583_a438_2434a76af2cf
e8fb1d63-3a5d-464f-83dc-c132aa7feb58,26,1015,2017-11-24 20:32:00.0,5d29cead_46fd_4f07_97be_3fe2c7bd9608
e9bed945-fe24-43b3-90ab-10b5432a03a6,97,1673,2017-11-24 20:32:00.0,ec0a71bf_b000_4afd_a496_7420c995e720
ea803a5f-014c-46ee-913e-8cbfb0fe0023,53,2442,2017-11-24 20:32:00.0,b4fe00d3_0a28_4d41_8a9d_5ffc965a7fb8
eb0d29de-e252-442a-8744-3767ce2078ad,1,2859,2017-11-24 20:32:00.0,57a93a3e_9511_4567_a0c6_df29e40d38fc
ebb7903e-870f-4535-807a-9ffa64f95204,28,1906,2017-11-24 20:32:00.0,783cd1eb_7241_4347_9215_32379ede10a9
ed3fa28a-3bfc-40ae-8362-fad56c222b1a,38,2723,2017-11-24 20:32:00.0,1acff61e_d141_40b3_958f_67f58b1be106
ee626f9b-7194-4464-858d-b2220a6f75d0,17,2433,2017-11-24 20:32:00.0,9175fad7_e848_48df_8743_a5590757f1b4
eea611e4-bc9f-4cfe-a56f-980ff0d0cb4c,7,491,2017-11-24 20:32:00.0,e5383b74_52c1_4eef_8d9c_4ed206a014fe
f07f20d9-7714-4a1c-a2fd-c90fa4afe889,45,3482,2017-11-24 20:32:00.0,64e62e31_6d07_4509_a414_6ee3daa29470
f3688cac-8139-4d68-8c5a-53b3c9019fa2,75,3474,2017-11-24 20:32:00.0,606440c6_08d7_4ff1_8311_02cf99425da6
f3a3f2e5-5f40-4197-8f6d-b244ccdace8c,13,3160,2017-11-24 20:32:00.0,5c45f365_3179_43b9_824d_8e61ecb7a1b9
f40f54f1-0ee5-41b8-9bd6-48148b83007d,74,751,2017-11-24 20:32:00.0,7996d9a1_7450_4d96_af4b_5e5dab3e5710
f48a77f7-1161-445c-9357-91225fc02a75,22,2982,2017-11-24 20:32:00.0,726b5407_1892_44fb_a6b0_fa9b453aa253
f64bcd7b-4b7d-47c1-a309-ff1e4ce2a888,7,416,2017-11-24 20:32:00.0,c33423d8_b111_4b10_9c4a_207c3f18f3dc
f7d298e3-2f13-46ff-a661-75d5eb69b576,53,2943,2017-11-24 20:32:00.0,440165ce_2087_47ee_9759_801ac0060f0d
fc65b722-daa4-4ad2-939c-975004c867cb,82,173,2017-11-24 20:32:00.0,833fefaf_beea_48d2_ab9a_fc3efe24b7f3
fc6d54c9-8680-4511-8cbd-292f39290902,100,2760,2017-11-24 20:32:00.0,15313465_31ab_436d_84e9_07659631eda0
fcf158ed-9dff-40cb-9697-5b105b6f568b,10,995,2017-11-24 20:32:00.0,2edaa8a8_4b77_4467_a3e1_52c5105a3730
fd2ce6ea-be88-4a9b-ad59-0e67385afe39,69,464,2017-11-24 20:32:00.0,8feb1010_253a_4d5f_9549_716d6cf31576
fd4005e8-eb2f-4af5-90ff-eae5699ad88f,37,2073,2017-11-24 20:32:00.0,55af5f42_7f9e_4c86_beb6_6928b39c0f56
fd68fd7b-4cfd-4de6-9114-7aee56ac01e4,18,684,2017-11-24 20:32:00.0,bf84f373_acaf_435d_a67b_211f65282fa4
fe9dfd26-04e0-4b1f-80a6-aefe8673a195,79,878,2017-11-24 20:32:00.0,d3a608c9_ed1f_4900_b894_6419b0fc4efb
