0001e12f-51cd-4c5d-9b5f-0d03d910b2d8,68,3106,2017-11-17 11:54:00.0,bb976013_ffa0_4f7d_8f83_054f790edfdd
033e306b-5305-4d00-884c-f14efd29830a,50,504,2017-11-17 11:54:00.0,b66afcac_1ea6_4f9f_9621_da8d0bf62a20
03a58000-8138-4695-94a4-cb5587d8f3ef,98,3504,2017-11-17 11:54:00.0,271984a5_91b5_4957_9f81_60c5a0693a71
040b2b55-ca06-4c9e-881f-ea8baacaf190,21,2753,2017-11-17 11:54:00.0,7dea057c_5faa_43f6_81a6_9003d8f97162
05dfaeb5-b263-4975-a7c3-15ba550f6ea4,43,3249,2017-11-17 11:54:00.0,72af7a4f_3be0_43f6_b876_b7893b4f9c2d
05f9229f-5867-4150-9936-991087d85668,73,3550,2017-11-17 11:54:00.0,27e73381_61c9_4c28_ba04_898f59f7ad00
06f9e8cb-5758-4557-b4dc-2800fa8dc361,38,729,2017-11-17 11:54:00.0,d0db947f_be12_45d7_86ff_b28ea71c1ab9
07ee1850-018d-4617-9ee5-942c8ff45b96,60,796,2017-11-17 11:54:00.0,4579ab08_fbc9_43ef_b0b9_b33e413a857b
08f1d340-70d1-4133-b8eb-6b50a2632d70,68,3296,2017-11-17 11:54:00.0,72d41198_4693_4f0a_91bc_f00477ab195a
0aeb4ce5-b054-4f0e-b525-f16358579b30,83,978,2017-11-17 11:54:00.0,b8e0dce1_d899_46a8_b66b_44bcac235f2d
0b066594-8672-44ba-83f2-eb9366641be6,90,3270,2017-11-17 11:54:00.0,02f40ca8_4b5b_4785_965b_c3913c515fbf
0b9b3ce8-fd0e-4437-976a-69917938c9a8,72,1413,2017-11-17 11:54:00.0,7843ba48_b79e_4cc3_899d_6fb1026c8d84
0cff8516-dcce-45a0-a6fa-2ff56c98a80c,22,714,2017-11-17 11:54:00.0,8ba5f9c7_f6f3_498e_a008_aed5bda7523f
0d4a61b4-a6c9-4720-b143-4c72b947c87b,88,1404,2017-11-17 11:54:00.0,eec8dbe6_dd60_4462_9a80_c3725a7afe74
0ea20179-7f7a-4d18-a11b-a297cdec91b1,72,1443,2017-11-17 11:54:00.0,08f4c50a_d34d_401b_a20b_b08c062e5732
103722ed-d7e6-4516-9baa-e9f2563cda1a,58,2870,2017-11-17 11:54:00.0,ef15eee3_6c77_4a61_a0ef_a22efd2af261
110c4432-e1f2-4299-9f23-74a9501ba0b7,40,2743,2017-11-17 11:54:00.0,0757366b_f54a_4e32_8af6_3dd1da40746a
1119051d-2447-40c8-81ea-60e4f7408da9,56,521,2017-11-17 11:54:00.0,ee3e822e_16c1_4e3b_806f_c79583b16db6
13c582c1-f223-440d-b2e6-cb29a69f958c,70,3473,2017-11-17 11:54:00.0,88e1a580_13c2_4048_9c2e_83ad81a2ccf0
154bc8c4-14a2-4b47-b367-39800c16162d,3,853,2017-11-17 11:54:00.0,b0fa3a5c_b161_4902_b9f4_2ae3c26b6514
1578b5fb-553e-43b0-911c-356d1e9f455c,29,2558,2017-11-17 11:54:00.0,e60c324a_5eb0_4c1c_bd56_340cb14db59e
15e3a4e5-d443-4e5a-9d8c-a0e87c8e1547,17,938,2017-11-17 11:54:00.0,3ead9551_864f_43eb_b8e1_11765c06df30
15f96233-b855-4fad-830c-9f0af12c83b5,42,2375,2017-11-17 11:54:00.0,d9f9eb64_59e3_4d32_b51e_97f6e593a685
168c3a74-b5d7-4391-9aaf-15682b0a7d1b,40,632,2017-11-17 11:54:00.0,eea82080_5ef3_46ac_a79f_69b2f3689e0c
16936b63-1e0c-4e14-80ef-ec28762a8cc8,68,708,2017-11-17 11:54:00.0,6aaa0932_7798_4c37_9436_79c677079089
17228003-ec34-48aa-92b2-1f3b7572b11d,49,2344,2017-11-17 11:54:00.0,50f993af_1913_46fb_b5ac_1eebbbfe48c3
1766cf58-c666-4bcb-919b-06ad8070be08,81,245,2017-11-17 11:54:00.0,467e54eb_2c56_46e1_8ccb_84165400a511
17ddcc52-f40b-4b57-bd92-5e7dd119c408,78,3313,2017-11-17 11:54:00.0,2d94719b_960e_41ab_9603_8b236cb87914
1947ff7d-0480-4748-9f6c-78806af26c61,1,3413,2017-11-17 11:54:00.0,a74e222a_6296_43d7_86c8_f0972de312d9
1a9c42b0-9d99-4110-8ab6-6a2daadfb786,56,1344,2017-11-17 11:54:00.0,051012ca_ef18_447c_a2c8_3746081d3cde
1ae39ec6-3da4-4286-976d-901f9eb6ecf7,94,1375,2017-11-17 11:54:00.0,d7f578b7_798b_4662_b1fc_f41a73cc8d05
1c4ace84-c0e2-4983-8a89-1d6262403e73,67,288,2017-11-17 11:54:00.0,d71a26af_6496_4763_b356_b021bd556316
1d2a5fa1-e704-4c8a-976c-83b0a36f0a70,100,1096,2017-11-17 11:54:00.0,8533f101_83c3_4961_98a5_134a7fb596fe
201ee9de-1c8b-49f3-a537-8114481e4e59,90,1603,2017-11-17 11:54:00.0,5ee7e14b_9089_4fed_bfaa_03d4f8a70c5a
21146213-feaa-47b2-8e6f-964b83f673c9,25,1143,2017-11-17 11:54:00.0,dedd82e3_f22d_4613_beeb_457ab8024964
22849595-1494-46ab-9538-27b33bf1cefd,33,178,2017-11-17 11:54:00.0,11b46df4_1923_4a61_8fac_1fd9d57577d3
2490d70b-96ca-4c4d-9ada-de4d721e0911,54,3343,2017-11-17 11:54:00.0,06f73a41_1881_4b49_818f_5dce67032e46
26c573df-cb39-4025-b238-20f752da0c6a,92,3495,2017-11-17 11:54:00.0,372b40a4_0418_4d2b_a997_1e999850e4fb
27388716-15d8-49e7-b0c2-761b51bd5a60,100,2569,2017-11-17 11:54:00.0,50c98ff6_1052_4205_8c92_6ac2466e91f1
27b0dd4b-e60f-4f57-8504-f16754a90e28,10,1516,2017-11-17 11:54:00.0,8ed08ee7_5cf0_4438_91d2_dc62181d582d
289d8cd3-4d02-4b50-a6c7-1d35db794fbc,13,807,2017-11-17 11:54:00.0,b29b845b_679b_433a_837a_57f66d60aaae
29ebcf51-6eed-464e-9d5b-34d631d36c55,48,1538,2017-11-17 11:54:00.0,1022f464_3cca_4312_afb9_e9643d8575fd
2bb2d465-dcc3-4692-b1fd-ba8ccce9a3cb,28,3034,2017-11-17 11:54:00.0,f06cf1aa_99c1_4911_af1f_27aaf87dd72f
2d3af7fe-92b7-4a86-a9d6-bf03ff4d0333,35,1127,2017-11-17 11:54:00.0,afe1b0c0_f754_4112_bce8_8013a562a3a8
2e0fbd57-6809-4333-9ab0-7940d3e5d8a3,49,3431,2017-11-17 11:54:00.0,401ff211_9893_4afe_9a6d_1acf89f941c8
2e31595b-058c-4778-9171-11312580508c,43,2296,2017-11-17 11:54:00.0,57af77f2_a04d_4238_800a_2c10086a0bf9
335aaa87-f61e-47ff-890f-ecca0d351d45,100,305,2017-11-17 11:54:00.0,187fe7ec_dca5_49a1_a0ae_d4e189fc125e
34cffbce-7ea4-44a8-a4a1-178e94759061,98,298,2017-11-17 11:54:00.0,4dfc9c6b_a906_4dff_818e_a3f3bf184d2b
34f17eef-b7f1-450a-a3d7-9a0469985653,86,3279,2017-11-17 11:54:00.0,38edb2a7_0a5c_4464_87c3_3e2f7acb81c1
35cebffb-ea02-4191-89de-869642ca44c7,94,3199,2017-11-17 11:54:00.0,62b57f57_31ba_4701_bd6d_c9ee5933ba0a
379d1aaf-43d1-4ad8-ac69-647295fc0459,87,1579,2017-11-17 11:54:00.0,9c40ae68_1a78_421d_9aae_6f2bd145e4a5
3a49ecac-e431-47a7-9abb-653f9d987e24,3,2712,2017-11-17 11:54:00.0,cd647b1b_e5d3_43cc_a2b7_ed9d823d6d0c
3b35de1d-0bb8-4326-bf4c-8fae1420e6a8,89,3008,2017-11-17 11:54:00.0,99e252d7_a053_40b2_ae96_0cf21e08931e
3b966394-cbbb-45cc-8d76-25494b1685c8,87,2876,2017-11-17 11:54:00.0,4674bdf7_0a4e_4908_ad68_604ae2e4bb36
3ced693c-b704-439c-a9fc-ab0a353ddebe,21,3469,2017-11-17 11:54:00.0,d75622a0_40df_4a4a_891f_1fd4b2b60c1b
3df2992e-02fc-4f8b-9d68-897abc592093,8,1374,2017-11-17 11:54:00.0,f3172f0a_610d_4bf6_9db4_9b46ceeb1e2e
3e018c11-b243-4ca5-aca7-c6ae9f586ccc,95,2631,2017-11-17 11:54:00.0,5cf0be3b_06f4_4483_b5ed_3263e8f4065d
3fb270db-6ac8-4aba-b15f-d8cffcdd88ea,46,1700,2017-11-17 11:54:00.0,5fb1873a_b652_4d4d_99cb_70d2ceb5f20f
4071f8ef-da2a-4c47-9947-c7f8bd1aa03f,58,2204,2017-11-17 11:54:00.0,00494232_2708_4b84_b019_9a9686333bc8
40f0fba8-c801-4c10-a56c-5672a0e7ed1d,29,2858,2017-11-17 11:54:00.0,44cc4dc5_e84f_4e88_ab45_efd507916571
41a4f9bb-e5f8-4485-aa24-8c0247f22076,64,3532,2017-11-17 11:54:00.0,64158d37_2ef8_4a76_87a8_205ac5b69767
435f8cd9-349d-4a32-b353-496e49a9b54a,6,2068,2017-11-17 11:54:00.0,wemo_01
44a57495-43d1-4af6-8750-54693b4fe246,99,1706,2017-11-17 11:54:00.0,29c6290d_5cb3_45e0_ae90_666df4b95b60
44c24e61-29a0-45fb-8350-4611d45fc8c6,43,2549,2017-11-17 11:54:00.0,a64f136e_d5a0_428e_993c_0a1f60ae5e13
45062eb7-84dd-4274-b292-0847a3bf749a,70,2347,2017-11-17 11:54:00.0,6ef787ef_b293_4541_ad63_b3abb89ea078
458e4077-0143-4549-9c3b-70d1ab4e8944,86,2282,2017-11-17 11:54:00.0,3f4edb30_3a59_4062_be64_2f05b4544ed6
45e3480e-7732-488b-b625-728052734ed8,7,2856,2017-11-17 11:54:00.0,ec0a71bf_b000_4afd_a496_7420c995e720
49bedff2-7078-4779-8039-a9e36b69010c,38,2262,2017-11-17 11:54:00.0,c8bf2abb_6be0_4fda_a7c3_43ee63b7f3b9
4c62adf0-7429-46ca-9e71-595428e90975,74,2706,2017-11-17 11:54:00.0,7090b409_8820_4d03_ad89_2331fd0753ba
4cbad005-a983-484f-b39f-1dd07d9e6ff7,87,486,2017-11-17 11:54:00.0,eb0fe965_b0e6_485f_8e81_c2fad933b660
4d04daa4-efb4-45ad-8588-59a46d30a04b,1,3428,2017-11-17 11:54:00.0,92d833fc_0313_40b1_81be_c4c0e02c55da
4f948dc8-b5d5-4534-8754-747255b79255,82,444,2017-11-17 11:54:00.0,1e36a829_0974_4cd9_8cce_354875ca8bb4
50c66030-df83-4aeb-b3ff-d3f98d7a7902,31,1152,2017-11-17 11:54:00.0,b57dff19_6e73_474e_acf1_090b5c53a4c0
5318fa1c-952b-471a-ab25-8edcd8b3aac1,26,1921,2017-11-17 11:54:00.0,4998849b_3bcd_4e11_adfd_d8ebe3a2759c
537a153c-c920-4cd7-80f8-6359c505cd76,69,1434,2017-11-17 11:54:00.0,e012ebfe_1c2f_40f4_a456_876cb119f5c6
5418900b-bd02-4b5b-abff-191979dcc143,76,732,2017-11-17 11:54:00.0,cbc0f0e8_6654_462e_816d_3a89204cf467
5505c9b1-70a4-4d7c-ac73-ce21d69fedc6,80,1609,2017-11-17 11:54:00.0,7780cc5b_b65e_4acf_bcec_a30886f33bec
55accab4-88fd-4e2a-ac38-52ab3d4a6e7c,66,733,2017-11-17 11:54:00.0,357f225d_d4dd_4496_ae54_988a284e739f
55c3f0d0-0cec-4a94-8fad-0c11a9de53ff,62,2085,2017-11-17 11:54:00.0,854c34b0_a5b9_4930_8a63_63c2f5ba3d20
55eac1be-1afd-4013-bc90-f1bb576f8f92,7,216,2017-11-17 11:54:00.0,0542e59b_215e_4422_8980_b5c5f76d6cac
56833dac-65f7-44f1-b42e-b1347a48e351,60,3567,2017-11-17 11:54:00.0,20d99fb3_00f7_42e3_a2a6_00bcd715970b
57dfbfc9-4fcc-4b80-b785-5d9fa92de928,10,711,2017-11-17 11:54:00.0,d5b74da1_1f92_4e6d_b1c2_787d281d057a
582b51e9-fb68-4259-b5f7-209332c05a3b,51,1,2017-11-17 11:54:00.0,bba1cd41_f210_4ab9_b899_9feb3e8c0f03
59d6f848-934f-41de-be63-6b2b6afec13d,12,1426,2017-11-17 11:54:00.0,3289683e_c45e_481e_a46b_d2a5c2aba849
5a9b09b7-d1be-4f71-b702-ea32b175a652,97,646,2017-11-17 11:54:00.0,d2f296c2_73e0_40e6_aa51_c97174cf22a6
5fcfbfec-75f0-4af5-9dcd-d4c466ef733f,27,1665,2017-11-17 11:54:00.0,930d5048_bde8_4e0e_8647_422f79ef76d2
5ff183b4-c172-4b8d-95fa-da48cb56bd5d,59,3241,2017-11-17 11:54:00.0,5355b4ff_55ec_4e50_b63c_21248eca11de
626932da-bad7-45e4-8595-89c2173307d9,5,3508,2017-11-17 11:54:00.0,6bacca8c_7db6_49db_8742_7001706a7fc6
631ea87e-8ef9-4527-a220-5e6c8c26bffa,51,2938,2017-11-17 11:54:00.0,43508c9d_ed3c_41a9_9765_1357a58863b6
63662c61-1729-40e2-b598-198f5831e045,70,2758,2017-11-17 11:54:00.0,a9879aa2_2ca3_4dd5_a894_4760060017f9
636b6b5b-c07d-4149-9805-3cdd88707b73,73,518,2017-11-17 11:54:00.0,7503c550_a671_4599_a583_b1d6eefab4e8
673070d0-4f9c-49fe-ab4c-20564f44d017,75,849,2017-11-17 11:54:00.0,ca40ff7a_7226_4be3_8377_c405c13eca33
67ea3649-7b33-4596-950b-910e5ab2884d,23,39,2017-11-17 11:54:00.0,3298bb84_9648_4267_a601_965da95b595f
68901039-25ab-464e-b8f7-b5fd905c4d83,31,1037,2017-11-17 11:54:00.0,65a89da4_fc68_488d_ab3b_f3b83493bd1c
6966d205-4f47-4e0b-9df1-e4d9781ba890,84,1778,2017-11-17 11:54:00.0,e0166169_6726_4dc7_98b6_1c0b83b93c42
69c72873-9597-449e-9f74-46156a44dabc,36,983,2017-11-17 11:54:00.0,4df8f76c_26d4_4f3f_93e7_0b9699386c01
6aa1c924-8f39-41c3-a347-847586cfd6df,37,224,2017-11-17 11:54:00.0,1ed0997e_9ed2_441c_b456_f40361cfafed
6ad2e427-259e-4e66-ae70-4e7f2ab3c3bd,38,2017,2017-11-17 11:54:00.0,50be83ec_b616_451e_a983_bbe13a1c86ff
6aef1421-d682-4a48-b117-e55cc45b52e0,38,1792,2017-11-17 11:54:00.0,e074faf0_3b56_49a0_a97b_37110ccbfee0
6b52546d-7f8a-48fc-8502-1a898cb3bf0b,94,229,2017-11-17 11:54:00.0,9aa200be_4c98_42ef_93c7_4d2c2b0b6a65
6b7ef3e4-de12-4683-97ff-02e41c1154f9,19,2565,2017-11-17 11:54:00.0,36ad6cb5_c58f_4d5b_af87_6257958494e6
6c178920-eb34-4c18-bf0c-2eeb2db2f4ef,58,1519,2017-11-17 11:54:00.0,cfd403a3_7948_4603_b70d_85667d106f5f
6d32c69c-db22-4ff9-b369-ff5c1ce4bca3,79,681,2017-11-17 11:54:00.0,4aba9438_8304_45c7_9b77_894dd9b3d668
6eb32d92-ea6d-4721-bc01-d50a4b0521d5,79,1983,2017-11-17 11:54:00.0,9955aeab_8086_4278_95e9_f45b36dff5b6
6f545125-9d07-43e7-8e65-7c5a6d494874,34,894,2017-11-17 11:54:00.0,c8065e3b_61b3_4db7_b7e1_8593e8ee4a76
70abee38-7102-424f-a6c1-a9f8c58b7c8b,70,1055,2017-11-17 11:54:00.0,0017c233_f54c_4808_8586_ffe0de9908d5
71bef98a-768a-48a3-a467-ed43e1b47ed7,59,1682,2017-11-17 11:54:00.0,9391c70c_57c3_41de_a7c5_0e0ac30ea1d0
71f3ee88-2709-43dd-8c50-3df8aa12268b,23,483,2017-11-17 11:54:00.0,c2d3cbd7_7a12_4d73_b69c_e898fe31d2bc
73e32613-ef2d-4d9d-8ebe-f8f591a07651,1,2681,2017-11-17 11:54:00.0,2216cdf1_79d1_47b7_b52d_9bae8f3a7f43
742f8363-5d55-4b9e-a894-135f6e3354de,86,1176,2017-11-17 11:54:00.0,0ba8e071_0cb8_4d4f_b3a1_e7041ee70367
7516b1b0-5b0d-4ab7-8e1a-a139b3d8e89a,72,1738,2017-11-17 11:54:00.0,0551d929_f16a_488f_acc0_d079e464b8f9
7577b1a9-70c7-4307-af54-340fc7a72586,80,2149,2017-11-17 11:54:00.0,902a5705_8e9b_4432_adf5_20642bd98944
75d62a7b-9530-44eb-9101-60d57addec5d,97,1218,2017-11-17 11:54:00.0,ef9dc418_cd99_4481_a804_fa9f948cfa5b
7782b848-3421-4de5-8962-006ecfc5e008,62,3088,2017-11-17 11:54:00.0,fe1be84b_d53b_424a_966e_974d39102ef3
77a36897-755e-4e7c-9af2-fe119d63f90d,62,1297,2017-11-17 11:54:00.0,3fc559c1_284d_4f3d_82a1_b60bc73b2cc2
7a3e543b-2872-4a1e-934c-24ba49b28437,47,1109,2017-11-17 11:54:00.0,97f2e251_6847_46eb_8312_44bf9fc72b1d
7b9e7c83-1ce5-4a6f-afec-c6ac4d79522c,90,2218,2017-11-17 11:54:00.0,c916a973_411e_4e5d_9277_571e968ab637
7cf8a32a-217b-417e-8bbf-d02e097c98b9,48,2956,2017-11-17 11:54:00.0,aaa7e545_50eb_4e05_a82d_e13177ac0a4a
7dac286f-3e9a-4534-a90a-216b1305648a,93,2773,2017-11-17 11:54:00.0,cb116fab_ec8d_4a5f_814f_aadc182dc424
7f0afe9e-0b81-41ef-9fa6-d0edb766ddc1,19,1558,2017-11-17 11:54:00.0,cf1bb6dd_6e83_4a54_b92a_7e114c459259
82107abe-df19-4f67-8738-6556f0541638,79,2800,2017-11-17 11:54:00.0,e4ef34c6_a96f_4783_b3a0_9bbbb8b3f295
83a0b869-7a30-4070-88a9-f64f5d40de40,43,1380,2017-11-17 11:54:00.0,18bb16ec_2124_44b3_89eb_e31a96cae208
8626bb45-98a9-44cd-8907-3b4a610f8b8f,23,1844,2017-11-17 11:54:00.0,7ed2c71e_6a77_4daf_9117_a04adbb27730
8629a9d5-18a1-4345-a4ac-91dc11fbec1d,17,3278,2017-11-17 11:54:00.0,a15d8252_0769_4ce1_9898_7c912232267d
86e7fe8f-c0cc-4b6a-8785-714897b1bab2,25,882,2017-11-17 11:54:00.0,62f165a3_55a4_43b6_a085_c2de7767c8ec
87958833-5c0d-4e35-952b-832ca1d75da1,62,1634,2017-11-17 11:54:00.0,24d71337_a9ee_4e0a_9a4d_bf45a0c086c0
8d6f5ac0-8a7f-438f-8d7c-0b987a818e47,59,1917,2017-11-17 11:54:00.0,9464124f_ccb5_46c9_ab48_72eac3c840a7
913fee71-c2c8-4042-a700-5d67f4de1707,18,2283,2017-11-17 11:54:00.0,070ae945_c091_49b8_bb18_b2ce57c3f611
93caae1d-618d-4622-b0cc-0ca0a47265b9,57,12,2017-11-17 11:54:00.0,8feb1010_253a_4d5f_9549_716d6cf31576
942de210-f938-4332-adc5-0f92e2eb9d32,24,1560,2017-11-17 11:54:00.0,ced8e727_10d8_4ec9_b17e_a0e3d1cfe300
96194517-ae2d-4945-b0ec-4ed7563f4503,13,2116,2017-11-17 11:54:00.0,5b6a0e8c_8c30_40ba_aa93_5b1453024951
9858e4f6-db6a-431c-ad46-6136ac734e00,36,3547,2017-11-17 11:54:00.0,f162c1e8_1928_41fa_bb30_6d0b62600e71
9991db5b-e764-4c7d-8427-8afebb9a201f,18,3464,2017-11-17 11:54:00.0,6ae54624_c44d_4fbc_828f_299eb4066c65
9dff0cfc-4f97-4f67-bcbc-2a2bb846613b,66,3020,2017-11-17 11:54:00.0,1e4379b3_147a_427b_aca1_7de036fce677
a2b6308d-d780-4870-8a6b-7e2f361a6e0a,16,1651,2017-11-17 11:54:00.0,f0cb7b16_94d9_465f_b919_9ebc708c86fa
a4978488-3cb5-4634-aec1-c37cbdcb3f5f,13,24,2017-11-17 11:54:00.0,6a88df69_0a32_48ae_9bfc_2cb515b608d9
a553d3fb-d990-4692-aaad-982c63b39b6d,45,446,2017-11-17 11:54:00.0,cf0e739b_a96d_4ad7_8cd2_52e0b855df1a
a7234dc7-36ae-4b3b-87b5-0c0bab14b51a,63,3324,2017-11-17 11:54:00.0,fb58ee23_4f6e_4e43_8599_31651b2f201a
a7da92ff-b134-44a1-a901-1cb95c9e2105,7,1908,2017-11-17 11:54:00.0,088d0c88_f77e_4fcc_aaae_9681e456e950
a9ccd9c8-c519-442d-bf96-6d4efd8ce9ef,5,981,2017-11-17 11:54:00.0,1a098a38_9312_4135_854c_0819ac324bcb
abad1572-6ed4-48e8-8850-5477bbdc0dfe,39,2941,2017-11-17 11:54:00.0,b8e4bbc4_e9d0_43ae_8bb5_8619c8c81e4d
aee83a8b-1a79-433f-bf39-750a2a87e735,23,781,2017-11-17 11:54:00.0,d882b634_fd59_452d_947c_8dc3936ae5cc
b002978f-240d-43ab-9419-880afd1d4f57,74,2625,2017-11-17 11:54:00.0,6ec2f028_a719_4c3b_aa8d_c0ace305e1ed
b04c685c-bb81-4b03-a19a-c92de6b911c5,91,923,2017-11-17 11:54:00.0,bb23b2a3_c071_4766_a507_399ffc70a2da
b0e9b460-54b7-4e55-8f67-eeaed8a7f69b,62,590,2017-11-17 11:54:00.0,170cc47d_52b5_4982_91a4_909b37ca8c30
b2f88b81-604c-47e1-8ca0-0b691d472cbd,89,2877,2017-11-17 11:54:00.0,2ec9cce5_8968_48d8_8baa_14c004b44755
b3228848-b890-4b43-8006-c08334da1d91,32,1679,2017-11-17 11:54:00.0,a6934ee6_3880_40a2_9f99_cd9c9bb283b7
b501eacd-7703-4d34-85d6-a7f719fde912,16,1698,2017-11-17 11:54:00.0,8ce26808_b654_4fcd_9763_c7f372eb6490
b53b0b4e-fd6c-473e-9532-49b10a0b1195,16,3588,2017-11-17 11:54:00.0,070015fa_7582_430c_b53c_37c47a7975f1
b73c8117-9091-48ab-9a02-4ce6a9b2d371,36,1206,2017-11-17 11:54:00.0,4406cf86_4959_426f_8016_e06fddda60dd
b8ea2cb6-b5e7-4977-842b-c15435577992,56,2059,2017-11-17 11:54:00.0,578b1376_c589_4c5f_b535_ebfa18bec297
b9d8511b-ae35-4250-b068-5537980ccfc1,82,1924,2017-11-17 11:54:00.0,1c6b42eb_223b_4d59_a17f_331757c52111
bb069e9f-45ad-4db6-a447-47e7a4eb3485,64,640,2017-11-17 11:54:00.0,9175fad7_e848_48df_8743_a5590757f1b4
bf4f4ab6-e57a-48a2-9c4d-2f9e559fceee,21,540,2017-11-17 11:54:00.0,2e032075_c199_424d_87c4_073950f0a6f0
bf6c537e-a972-46a8-88b9-af24d42fe082,53,1997,2017-11-17 11:54:00.0,bbd325e7_30c1_4443_ad4a_5707ec94d45e
c055ff2b-73ae-4a97-9d39-7cfdf1187839,92,34,2017-11-17 11:54:00.0,adf2bd86_2b23_4216_86bf_c51d24959f4d
c0fc21ca-a75b-4b0b-b3d3-8d01342609d3,3,272,2017-11-17 11:54:00.0,892cd039_64b5_48a5_819f_387dbfd5d49a
c1777e7f-2a65-4c17-b961-d691f17b4642,9,2366,2017-11-17 11:54:00.0,97b9a0a7_0c8d_4adf_a0a2_9938f4b630f7
c502b416-2561-41bd-98ce-18e1cf06e8e7,82,2241,2017-11-17 11:54:00.0,b1b45ccc_d2f6_40d0_ac18_540cf67b6649
c5189cc3-e3fd-4de4-b6ec-0d309e35e524,94,1476,2017-11-17 11:54:00.0,f54e87a0_d2b8_4f44_bf4e_470c9ab67a25
c5e4a1f6-bbeb-4268-a712-95769430ebb3,60,2987,2017-11-17 11:54:00.0,ca93fbed_6a54_4ed2_906b_3a2d1126b39e
cbb4d51a-c8e0-4859-9673-b52800795de5,28,1606,2017-11-17 11:54:00.0,23a9c4ac_6738_4398_b39c_71506f17d0b5
cd063d76-ef1f-4ec1-9a51-17338c4bb2e8,57,776,2017-11-17 11:54:00.0,8e971e76_6044_4901_811b_4da0ef07181a
ce6dbb88-f5a7-4b73-85b9-a655c28d6e9e,85,709,2017-11-17 11:54:00.0,a343b8b1_9acd_4a2e_8b2b_dd6974d4ecb6
cf0d610c-8260-4049-906e-131112007e1c,13,986,2017-11-17 11:54:00.0,14b618e1_4aba_48dd_b4e6_7fa96f0ff0e2
d0c97fb1-93bd-402c-bd81-e991d778ef54,58,1045,2017-11-17 11:54:00.0,aa83b83a_3a2d_4bc0_a5c7_e79f565300d3
d2334050-91b9-42a7-a55e-2d9b72ea73a3,50,379,2017-11-17 11:54:00.0,907095db_3d20_418d_9f12_c79a87095220
d58e2d28-c3ee-47d6-be9d-5a160c2eb3ae,29,724,2017-11-17 11:54:00.0,295c5615_4fb9_4f81_a9ed_db77456e2b7f
d7ad0638-e50c-450c-9983-118c509afd6e,63,2278,2017-11-17 11:54:00.0,a2e4fcbd_5be5_4dfc_b65b_4ca8fae57996
d7c48425-ed36-4b56-a4f7-00b7ebfa908b,37,1869,2017-11-17 11:54:00.0,8a7fa6cc_03a5_457c_9cc5_0929ef858609
d82114ea-6fbd-4afd-aece-099b800410f6,77,2142,2017-11-17 11:54:00.0,c4c71fb8_16b8_4a8c_879d_2ad85ab8e9dc
d96660d5-39b3-4fd5-894b-9b5afe9ffcaf,61,1163,2017-11-17 11:54:00.0,42c9b197_7f57_4bee_9aab_a103b8b7051c
d9bac751-f6c5-49fc-9de4-d0c772dc26d4,41,1178,2017-11-17 11:54:00.0,0f905112_ae16_4b00_9bca_db38330e7525
db5f4bcb-074e-4292-b41b-e54c65de4b27,9,2779,2017-11-17 11:54:00.0,0b4bc6da_797f_4872_92ea_cb99e2eb46c7
dc02deec-dbd5-4067-ab07-d82bc0479e3a,2,2813,2017-11-17 11:54:00.0,wemo_07
dcbfa016-be48-4d64-a6a1-3ebad2abea9d,76,2681,2017-11-17 11:54:00.0,60396171_be50_4396_aef7_189ac409cd28
dff7c7d3-77de-4d03-8ed1-8913b3da7e07,93,1185,2017-11-17 11:54:00.0,ed413852_529a_447b_9d0e_90653febe570
e3ef93ca-b15b-4310-9647-55536db3f214,77,34,2017-11-17 11:54:00.0,26b27f0f_0e0d_4cd1_950e_f006011c8ef5
e449d998-b727-4f01-981c-88d6c92fcb00,93,3360,2017-11-17 11:54:00.0,5b36a102_80d7_4554_97ab_f0425cac186e
e456518d-cf46-4380-a0af-e7d03e66fdad,91,733,2017-11-17 11:54:00.0,a27d3298_6074_4188_a3ee_82de793f2636
e52dbc47-0042-4083-b34d-25788dd46050,74,2184,2017-11-17 11:54:00.0,de4ace87_5b92_47cd_aaa9_602cfe9ac122
e615cca4-1f51-4069-a64f-afd04254d7f8,84,3573,2017-11-17 11:54:00.0,e8264bf3_dfa5_4352_900f_9a25edc11cb5
e7eb9823-6819-42ef-b043-2dde220e0906,96,222,2017-11-17 11:54:00.0,a55c7faa_74f9_4b85_b9f3_d6896925a4c0
e85bfce1-cfe3-4b58-8cf4-d8086adbdcef,39,449,2017-11-17 11:54:00.0,0f92f801_da05_4cc5_b276_e293eecfd217
e867cc93-c2cc-40ae-bfea-998d4b3c1edf,48,2167,2017-11-17 11:54:00.0,ed7fc652_9830_4848_973e_67ec47bd8c17
ed0fc579-5bcb-4608-91e4-ccc57f363b5b,13,3170,2017-11-17 11:54:00.0,8d244a19_bcc3_4468_883a_7146bbf07e84
f140405c-599a-4387-a0a2-d3f851a731bd,4,707,2017-11-17 11:54:00.0,4c19b4e7_d7c3_4df2_9573_c4159e4db7ff
f5176aca-e1a2-4420-8612-b00c4c66027f,98,1120,2017-11-17 11:54:00.0,4fe68985_beb4_4dcf_9952_50738b83b6f2
f57eaead-dd25-48c8-866f-2a2b5886d401,51,1042,2017-11-17 11:54:00.0,6f0cabfe_e3b9_4b97_be68_9abbc83be74f
f604e68c-0224-499a-ae95-f59cd07baad0,15,1071,2017-11-17 11:54:00.0,7562c3d3_e3ae_440b_a73f_498d9892c44b
f674b396-e287-4599-964d-45052c7ce1be,89,59,2017-11-17 11:54:00.0,660d6ec8_090b_4bce_aa56_f8b60db73318
f7346aab-c545-4a7d-b741-07ad66724bab,2,3051,2017-11-17 11:54:00.0,411db552_aec1_4f52_85ab_4d1b9448f936
f7588db6-4691-4b63-a1d8-0bb4d6b1499a,66,2267,2017-11-17 11:54:00.0,abbdeca8_44a9_4661_aa5e_5ced480dc55f
fafedfec-9868-4679-acc9-3afa5155f0f6,81,2441,2017-11-17 11:54:00.0,505cc56a_52af_4bc0_b2d4_7a6363039911
fcfb0b43-6e1f-484a-8728-e890871eef0c,30,3345,2017-11-17 11:54:00.0,fd19e770_191f_46bd_91b4_1631e595dafc
fd90c77b-0869-4599-8d50-c8b2f06e1c1f,64,3401,2017-11-17 11:54:00.0,e9679a6c_89d5_4ff9_a695_fa9ce1be1a3e
fe825ad7-0533-4dfb-a90e-334022b2dd2f,45,1456,2017-11-17 11:54:00.0,f04d5336_c724_48ba_af25_e437fd61fd00
ff1d1a6b-1c02-4709-913b-e3efaf060fea,7,541,2017-11-17 11:54:00.0,eb0fc7d9_13bf_4f06_a8e2_68b8a5e390e4
ff3c7b40-1c3c-4c56-a782-605b488af830,100,752,2017-11-17 11:54:00.0,4becfa1c_d814_4e68_a74e_d97754853dab
ff4bcb20-2f6c-48d0-804c-977630ba988a,91,1669,2017-11-17 11:54:00.0,a6adf5f7_ff99_48a2_87e4_32fefdc3f8f2
004bf9c6-704a-47e1-84a2-0b32cb9ab7b1,25,2252,2017-11-17 11:56:00.0,08cfc091_f53c_4c68_b74b_0594939c7f47
00c13050-6948-42c5-9d5d-5815cf376039,81,911,2017-11-17 11:56:00.0,f3172f0a_610d_4bf6_9db4_9b46ceeb1e2e
00c33a55-8fed-4fbc-b0ed-65dad92cf113,88,1296,2017-11-17 11:56:00.0,d107e307_47c4_4680_9df6_94b3042938b3
061d9cca-8031-47fb-ae3e-9e1582c491d3,79,1983,2017-11-17 11:56:00.0,2af24f2f_4808_4ac3_b418_aa483d4fb544
083de2b3-9611-451e-ba1f-17286bbc7215,1,328,2017-11-17 11:56:00.0,436920b9_5c46_476c_8afe_02ee04772c4e
08c0eded-5186-4ca4-b347-963b39024185,73,576,2017-11-17 11:56:00.0,61b810de_f60f_473a_831a_34aa32e47654
094fd1a5-b366-47b3-aa70-1411bc78b8ce,21,931,2017-11-17 11:56:00.0,524d86e9_36ad_42ca_b925_1bd053616769
095bcca7-3f44-4e28-877f-37a0a9570226,19,2583,2017-11-17 11:56:00.0,24875a7f_7da4_466f_aec4_227679384ace
09b923d5-a149-4dbf-981c-51a52fa7d24b,69,2953,2017-11-17 11:56:00.0,3719055c_fb6b_4322_935e_0e4a65f50733
09d6c769-90eb-4f8c-8333-305e7da54c5f,51,1970,2017-11-17 11:56:00.0,4e3fcae8_39ed_4e22_bc9c_6768fd5ae32b
0b5a8aac-509e-4853-b8e4-e27b94a97d8e,35,1781,2017-11-17 11:56:00.0,f06cf1aa_99c1_4911_af1f_27aaf87dd72f
0b6780b3-08b0-4efb-8b26-870840fb1bd0,43,3505,2017-11-17 11:56:00.0,070ae945_c091_49b8_bb18_b2ce57c3f611
0c1bd2c1-7783-48ad-bdcb-53723fc0e135,33,687,2017-11-17 11:56:00.0,e14eab61_2ea8_4291_8f7a_c5ad7e032d90
0c2d5c7a-c874-4b28-8b3e-5633b0c1729b,65,3268,2017-11-17 11:56:00.0,2cc090bd_e189_4b80_bc35_e68fc7c9bf3f
0cdfe7d8-030c-4d2f-b031-366ef3541f68,96,2454,2017-11-17 11:56:00.0,a4263d22_944e_4b5e_aa89_1dca784c8d0f
103a97a4-640d-4cc8-b0d0-5b1bdf5659c4,59,1418,2017-11-17 11:56:00.0,b48da3e6_69fe_4801_9b71_2d9234cf1657
10f5aa28-e173-496b-ba47-d1b372bfa13c,12,922,2017-11-17 11:56:00.0,c6c15232_66fb_4dc1_838c_66849f8a2a3f
114ce318-983b-4eae-bbd6-15d1644d517d,100,2883,2017-11-17 11:56:00.0,13e19b9e_eadf_484a_911c_697225a4d3b4
11515cb2-7cb6-4b6d-b8e7-c15fb98d42fd,23,2421,2017-11-17 11:56:00.0,0c287535_46b9_4f8d_9849_317fa515aa49
132a546f-0810-49bd-942a-b799ae583442,34,2939,2017-11-17 11:56:00.0,98a16432_6596_4f31_897f_f234f26710d8
137c4e98-7caf-4dea-9bf6-41434a3dd942,51,3519,2017-11-17 11:56:00.0,f03db844_d182_4bd3_ba8b_37634a26b7c9
138d707f-5bc1-4dfb-ab65-dcd099f2ae5b,61,68,2017-11-17 11:56:00.0,f9f830b6_06bd_434a_963c_797fbd79082b
13e7165a-2bd3-40f4-9f7a-cd08298dd95d,24,682,2017-11-17 11:56:00.0,d8e38279_49e9_4118_b6c5_07d5288de4d9
13eedeab-f884-422f-8dcd-2395ae8dbcdf,58,3300,2017-11-17 11:56:00.0,62f165a3_55a4_43b6_a085_c2de7767c8ec
1548a559-153a-489c-a1d1-531ba49828bd,70,3514,2017-11-17 11:56:00.0,ce4a4998_0fef_42cc_a866_54561ee8e55c
16164413-6297-457e-a099-dad18432f526,75,2302,2017-11-17 11:56:00.0,3ed1d585_4277_4d18_8c34_cd8402267476
17913e6b-2e7e-43cd-a62b-b6fdef552b06,25,717,2017-11-17 11:56:00.0,b45e7599_5c84_48a2_9779_85e8d16eb0c0
1847612d-d535-43ac-b4f9-043592d4cda0,59,1506,2017-11-17 11:56:00.0,24612a22_edac_47d6_b2bb_5d32ba6036c0
1895e0c4-8cb5-432f-9027-a7a796336071,27,1271,2017-11-17 11:56:00.0,7cf60d47_31de_44ea_be78_a84dc2c515bf
18b1868d-b913-4646-b8c5-410c2251b206,40,3304,2017-11-17 11:56:00.0,0aaa1df3_24c9_40a7_8b52_1cdbd77a403f
1a08b5ac-216f-4c97-96be-1cc1e70379d2,86,1220,2017-11-17 11:56:00.0,023b3172_92a5_4a93_8d19_8d5da9e95a4e
1c8ae563-dd1f-4593-8148-1add1f8908c1,42,1919,2017-11-17 11:56:00.0,1c6b42eb_223b_4d59_a17f_331757c52111
225a8773-0f92-4667-8ea2-028208df15b9,45,2948,2017-11-17 11:56:00.0,09de93ce_1a1e_4c99_96f4_7826e9746ba3
245b1aa5-16ba-433b-9668-7a4efbf7ed92,79,3261,2017-11-17 11:56:00.0,41649579_6225_454c_be04_7e2471a42d66
26029a7a-2803-4592-a037-0736811e02ae,80,1932,2017-11-17 11:56:00.0,64d78ad0_8a1b_44df_8df8_32cdc46ecbbd
26137fde-4429-4761-8d2d-d5db06514d2f,38,3214,2017-11-17 11:56:00.0,ed2d862e_7592_4281_84ca_f9ee30c9732b
26e542d9-1e65-4034-91da-2112410dee3b,83,2025,2017-11-17 11:56:00.0,c37a90ac_281c_4a13_a5d2_315bd0bd77af
27711a54-6028-4f60-a376-f3add2a0bcfe,22,1951,2017-11-17 11:56:00.0,07230185_08f0_4a6e_afe6_99df5e2266a3
27919290-c260-453a-96be-f2b679b53201,15,581,2017-11-17 11:56:00.0,71a6c3ec_57e6_4a1c_bd69_2abab8f4639c
28501f53-453e-4aae-a001-11c627a79fd6,94,139,2017-11-17 11:56:00.0,95c967b8_88b4_41b5_8a44_699c3d48e913
2a58d4d9-1141-4088-be65-62434e7fd522,74,2012,2017-11-17 11:56:00.0,390364ad_ed27_4288_9f3a_837aab01b7bd
2ad7201d-3029-4bb5-bd18-1bedd38f6a2c,59,1283,2017-11-17 11:56:00.0,e8f21412_842a_431d_9919_f96408b1e69a
2c6f2855-37f2-44d7-bfc6-c09e9b4dfee6,78,2101,2017-11-17 11:56:00.0,a1fecd2b_bd06_4e6e_8a80_a6532a8b7ab5
2d1f5ee4-1698-40a3-b556-354458726d4c,37,2450,2017-11-17 11:56:00.0,e7e99888_98c0_4dae_945b_4f974bda958b
323743a4-abb5-4c75-9df5-47c59a20e2af,30,1521,2017-11-17 11:56:00.0,ed7fc652_9830_4848_973e_67ec47bd8c17
33199502-f81f-4781-bacf-2aab6cc58dc7,24,777,2017-11-17 11:56:00.0,98c1f0fe_11fd_41d5_813a_53d2712a9eb2
3426736f-14b6-4a92-97da-28db312460a5,97,3594,2017-11-17 11:56:00.0,dfcac001_8697_41a6_a918_646d1156244d
36675e3b-d009-4c71-9ef2-aba4ef446d68,73,2328,2017-11-17 11:56:00.0,3ef1f726_dba1_400f_899e_ee44203cd0e4
389aacad-8e12-48ee-a49e-226f956d59b5,35,2120,2017-11-17 11:56:00.0,9ba270d2_fbb8_4472_8268_503424607224
391da435-488c-447e-b6bf-287114c150aa,19,3518,2017-11-17 11:56:00.0,ba8cc007_a86d_4fe8_885e_729dff31de55
3a885c05-215e-4a90-b05d-03720cbafbbe,56,2253,2017-11-17 11:56:00.0,ed7908b7_3864_4b6c_a72c_8219e437402a
3b255d98-1b4e-4107-83cc-20cc64827063,44,2072,2017-11-17 11:56:00.0,1a259826_6fc8_40cd_992e_a7647d26d032
3b5f1094-47bd-43e9-bfce-9a385883cbfa,66,98,2017-11-17 11:56:00.0,46dd03b7_7631_445b_a536_7107e0113a2c
3c2a73ef-8972-4530-8662-928c12fd7247,16,2023,2017-11-17 11:56:00.0,c9aa79fd_de16_4d08_8137_90885b46e079
3efba2cb-dfc0-41ea-bb65-b7b84a7ce698,65,1494,2017-11-17 11:56:00.0,77caa494_9d5d_423c_8cae_479e6272a004
4344b67b-7271-41c2-b5df-cd8ad7e55eb2,49,2370,2017-11-17 11:56:00.0,4845178c_c6c8_4dde_a540_a58f9f6acdb3
43f5d589-cb68-4ad5-98c3-d4033ba5d9aa,35,3567,2017-11-17 11:56:00.0,85bcb8cb_d6e5_47c3_a6a7_d9e3185fc44e
464a1228-db68-4e37-95e5-dd47bb6f5714,29,3522,2017-11-17 11:56:00.0,03cefe82_3c98_4fc5_a379_eef6e5407ae0
46757478-8a48-4938-b5af-14e962d6a656,6,2096,2017-11-17 11:56:00.0,f0562465_ea8b_4f17_9ad3_359314a1f104
46f32d8a-a765-46d5-99af-3f5e6dc84b0d,43,2414,2017-11-17 11:56:00.0,f2ebe8f8_9fa7_424b_8806_8f6c6d9704b3
4784af10-24cc-4245-a051-b022d6307707,77,3323,2017-11-17 11:56:00.0,51115bd3_a6a9_4aaa_9ade_d46c8228968e
47ff2fc7-bc0a-4513-8422-566edba15f93,80,1662,2017-11-17 11:56:00.0,e5e6be2d_b2d4_4bb8_966f_3af5b36802e2
4df06a11-4828-4343-8ec3-bf950ca4fc15,64,60,2017-11-17 11:56:00.0,736a89ab_1b85_4635_a4dc_0a785098f636
4ebc3aff-7c7b-4b1e-92f3-b23b44645ce9,52,1374,2017-11-17 11:56:00.0,72d41198_4693_4f0a_91bc_f00477ab195a
4f1a2ec1-edcd-434f-9bab-6a6137597229,65,6,2017-11-17 11:56:00.0,f0a90375_9080_45ad_a8d8_311c81b7a9e4
4f3d37ec-0aa9-4593-a54a-2100aa16450e,51,2575,2017-11-17 11:56:00.0,116b7135_8912_4118_a935_accdb05613ab
53e6d8b9-d238-415c-ac7b-d406ce56311b,37,1027,2017-11-17 11:56:00.0,4fa59798_5dbe_4df4_82f6_66b968659ce8
555d41a8-3de7-48c9-84ea-6747a2ca3180,34,843,2017-11-17 11:56:00.0,6a88df69_0a32_48ae_9bfc_2cb515b608d9
55b00968-fd81-4714-addd-e269cd4eb19d,57,2403,2017-11-17 11:56:00.0,4dfc9c6b_a906_4dff_818e_a3f3bf184d2b
5640ce93-3c20-4ed2-b860-ce3fa777c8ea,38,3549,2017-11-17 11:56:00.0,637a51bc_a580_4118_a905_a71dd69fdf9c
58fa5c87-5d39-45fa-acb0-a68f6873a048,10,2731,2017-11-17 11:56:00.0,36770a22_7dbf_4b19_ac89_a6c14b6e70d9
59a3643d-c18a-493c-98bd-6c71e8381d26,1,1197,2017-11-17 11:56:00.0,b9cf9f52_e0d6_415b_8977_265f568adf77
5aa9a710-6654-4220-96d9-f7ebb2fb7160,31,2692,2017-11-17 11:56:00.0,160a9163_9c2c_484e_9b4d_04659f3ba01f
5be0e9cd-44d9-4da4-bc82-c3f0fd83d8dd,29,1392,2017-11-17 11:56:00.0,ddc44f22_a3ad_4efb_9028_e8affec6f4a3
5d191ba4-950c-4800-9873-44530e2695d1,60,1482,2017-11-17 11:56:00.0,a2231237_860b_4496_b85e_7477bc2b62d5
5decfa0a-dca2-4212-be2f-4a6d1376404a,7,710,2017-11-17 11:56:00.0,2e71c165_49f0_4d41_8f9d_b0aa00822c59
5e7de82c-0d3d-45de-b1c4-f87875c7394f,28,3495,2017-11-17 11:56:00.0,ce62bc46_1f00_46ad_94d8_979c343314e1
5e98559d-d303-41ac-bf56-dc892fbc7e79,1,42,2017-11-17 11:56:00.0,051012ca_ef18_447c_a2c8_3746081d3cde
61b633f9-8270-4af3-ba91-1c2b0c828996,74,3215,2017-11-17 11:56:00.0,74ff6e0e_32bb_4dd2_8d9a_ec251dbef4c4
62b58fd8-28e9-496c-adb3-6d1312f9a5cc,9,1878,2017-11-17 11:56:00.0,68493898_32fc_4a29_a451_e3dddc4f8406
63e7bfc2-5888-4904-9b4e-bcf65f8cb2fb,18,1119,2017-11-17 11:56:00.0,d262d984_44ce_4a4c_9714_6e02df1b7757
648c4234-e16a-41e7-bcf6-dcaf838daa6e,28,1561,2017-11-17 11:56:00.0,8ce26808_b654_4fcd_9763_c7f372eb6490
6ba4c9fe-c430-40d3-9b39-a256309e9e76,62,2719,2017-11-17 11:56:00.0,9a169d2f_f352_4019_985f_0a0f95088c80
6d494c31-561a-428a-9b0a-56dd5337cd4c,87,2824,2017-11-17 11:56:00.0,779c2a23_75c2_4583_ae21_46720d22303d
6e272493-e619-4145-bc95-458d77cca3cd,18,1426,2017-11-17 11:56:00.0,d4544b0b_8e20_4702_98de_a1da831b1469
6e37ab77-fddf-4380-a928-01900a23c855,86,2471,2017-11-17 11:56:00.0,6a2015b4_b76f_4936_8d53_3eea61b6eac6
6e57ae5d-8ef3-41d9-b9d5-514abd340dd9,87,3224,2017-11-17 11:56:00.0,66f0571d_0828_4cb6_9dcd_4fc588f5182b
6e5b9584-993b-4ced-8247-5dd1883bd536,72,1012,2017-11-17 11:56:00.0,578b1376_c589_4c5f_b535_ebfa18bec297
6ea0d929-abc0-4c4f-b1f6-643a62cbc311,71,2753,2017-11-17 11:56:00.0,d882b634_fd59_452d_947c_8dc3936ae5cc
6f8eb2e2-6d96-4bfb-9636-a88eea1a33c3,19,2695,2017-11-17 11:56:00.0,37f8d260_65fc_4f53_a37c_e530ea5d1291
6fab55ed-06e6-4b6f-9b5d-24e2ac5a4a12,83,167,2017-11-17 11:56:00.0,97668b7f_7691_44a8_8520_ae4d32df8cf1
72597015-fede-4f5a-bde0-ba280c6c5dac,78,3345,2017-11-17 11:56:00.0,4934aa7f_0b20_4fe4_875f_1132878b0398
742356c8-8597-4087-a22b-87de94cf67a9,72,2841,2017-11-17 11:56:00.0,088d0c88_f77e_4fcc_aaae_9681e456e950
76ad4e3c-363f-494f-86c5-63ac98c9258d,62,3424,2017-11-17 11:56:00.0,9b2dcbf1_28db_4c95_bcd8_1223dce562a6
7807f31c-79cd-4d42-97a3-dc4e1f93995e,22,2784,2017-11-17 11:56:00.0,f70c193d_9515_4dff_abde_bef59a5350fc
7b571ea7-f236-4001-998a-71772f4b9dc3,61,1617,2017-11-17 11:56:00.0,0f905112_ae16_4b00_9bca_db38330e7525
7b903472-77f8-49da-9eec-8de8ee2e82bf,58,3402,2017-11-17 11:56:00.0,84e98119_d6b1_44a7_95be_59e19af499a2
7bd1db72-ad9a-4faf-903c-92b8cb6d2be0,7,3010,2017-11-17 11:56:00.0,c93d9ea9_8d5a_4eea_a304_309819f36b68
7cce17f2-8ef1-41d7-a377-b84403cd5bc0,47,906,2017-11-17 11:56:00.0,cb71cc9a_c886_42e7_93ee_07418b08b8b4
7dec2af3-60ba-4745-ab64-fa715a872c8a,92,3589,2017-11-17 11:56:00.0,f405e0f8_87e6_48a7_9059_96cd1e02cf3a
7ed5945f-20a7-4d44-8913-9cb226802951,28,1468,2017-11-17 11:56:00.0,7629b90b_9784_4731_83a9_8cafe4f9e59b
7f3f8188-34d8-4962-b744-1be0c2f993ec,7,199,2017-11-17 11:56:00.0,28162ee2_3f35_4195_b31f_58a2fff836e6
7fa0dd9b-938c-4543-a855-42d8f5393ece,55,676,2017-11-17 11:56:00.0,a1513cce_5d52_47c5_b21f_69806af863d9
824df486-6fd5-4e36-b842-e70ac155bf79,8,1274,2017-11-17 11:56:00.0,36c2e1c5_e148_4aa7_9f8b_6d4d1b038034
82c30762-88d5-42cc-ab13-2d0e5d979ae2,18,497,2017-11-17 11:56:00.0,0d3255dd_00e5_4cb8_a280_4fa262f95287
82f5de4a-9e75-4b35-8a57-549638c8c8e0,96,277,2017-11-17 11:56:00.0,b3e7dc84_cb0a_4b7b_bc91_d964f3bdd7e8
843d64a0-6f59-41e4-952e-d71ed9f39918,64,579,2017-11-17 11:56:00.0,f3fe0939_b41a_444b_adf9_4d6f70038edc
86130c46-8ae9-4e50-a7a6-83307e6cf404,96,988,2017-11-17 11:56:00.0,92c52505_6fcd_4627_a5cd_80f4c4b46f3c
86af79d9-0d60-458a-8e45-dd59102b71e1,37,3514,2017-11-17 11:56:00.0,d9a0517a_2fec_4b93_912e_79a4af67ca67
873c150c-64a3-4b10-92d7-05bef2fc7ab1,78,1805,2017-11-17 11:56:00.0,380be781_3825_4aca_91f1_7b596d716c92
873ddb35-85ac-4ea0-99d7-3fc94f066b72,57,2275,2017-11-17 11:56:00.0,a617f1f9_992d_44b0_9aab_b5308c545c85
8781f1ad-5b57-4ca2-811f-946d25249aec,49,3120,2017-11-17 11:56:00.0,574c45c5_6949_4efa_abec_1815a8bd1feb
8a38777e-dfbb-434b-876c-439e49b4063b,45,2993,2017-11-17 11:56:00.0,3d0500c8_4f16_459b_b77c_488b289ae7b7
8a50cc91-f835-4e69-aa13-dab5ba8aef40,60,1849,2017-11-17 11:56:00.0,d5b74da1_1f92_4e6d_b1c2_787d281d057a
8aa5064d-bc82-41e4-9644-a76b947daf01,22,1797,2017-11-17 11:56:00.0,4969e324_f4d5_4052_a7e4_823242d4401e
8b44a181-cc1c-4064-bda6-85a5eca6801c,96,2401,2017-11-17 11:56:00.0,beec09a8_2cdb_4049_833a_1785bd41dc81
8b80a4cd-d5a6-4ac0-890c-6da46880d16f,7,1375,2017-11-17 11:56:00.0,a65d5f0b_be6a_4943_94fd_7b12d295f70d
8e3ca9b9-21aa-4f5d-8b42-7773db50c031,83,2999,2017-11-17 11:56:00.0,84b16326_3ee2_4a0f_967d_1cfd21034555
8f357b14-1b00-4e51-ba4b-30895903e340,55,2514,2017-11-17 11:56:00.0,0273573e_36d9_4a43_91c7_e3a4ff619435
9069fe7e-1196-43a5-a57d-c0da6dbad491,97,146,2017-11-17 11:56:00.0,2e6172f2_25d2_4984_9323_70a36a9df89f
91260f20-497f-432e-9c2f-b9d80673ce9e,81,827,2017-11-17 11:56:00.0,59d45659_4f54_4199_b6d1_c335887b1c56
9160e479-5df3-42a1-a988-c3b7abcda616,24,2499,2017-11-17 11:56:00.0,00494232_2708_4b84_b019_9a9686333bc8
92e33696-4ce0-4c41-812c-96642daef195,81,2227,2017-11-17 11:56:00.0,ab4cec18_6ef9_4177_ae5c_9f0346acfac9
93e19368-7183-4eac-88fa-770239beafbc,10,1337,2017-11-17 11:56:00.0,88dd6e67_7116_4225_a1bc_f8eb5370c848
944a0472-4cf9-4618-8382-62e123f0e356,41,2749,2017-11-17 11:56:00.0,055e14fc_4a89_4516_a12c_9ac6a02ad079
9810466c-8da5-4f95-90c9-c66515906072,37,2483,2017-11-17 11:56:00.0,dabb2677_f2fb_4221_8e6c_6540679c41bf
98659f6a-3b5b-40b9-b1b5-892fdd2c13db,77,3228,2017-11-17 11:56:00.0,89daaac5_a00d_4a8e_acf9_6a4e3aaf2456
9aac9e40-8142-41a9-b16d-b26f670375c6,15,2214,2017-11-17 11:56:00.0,7ce613fe_a9ee_412b_8a1b_91d9ca7b61c6
9abdbb2b-b363-481d-af23-c03e4b99a9a8,50,318,2017-11-17 11:56:00.0,b5ff2929_0c6d_4609_af35_72bf6f7e6871
9bd19418-da69-4f8f-be9b-436843599719,20,2153,2017-11-17 11:56:00.0,54e95ab7_6a6e_46f9_866c_10b26ff232ba
9ec34422-08c4-4687-9ec1-9a4aae6289d9,55,1833,2017-11-17 11:56:00.0,2b17f0a5_e91a_4d13_81f8_719b781354b0
a0bad15a-e973-41b3-8ae1-29c36d5081e8,14,2448,2017-11-17 11:56:00.0,f1bde580_6369_4cfb_a50e_3a939c8d4272
a292c4ac-0fa3-4379-8c07-e787ddd9d4f2,75,142,2017-11-17 11:56:00.0,4815d31e_514f_498f_9d47_f39ea3e8adb5
a4a9970c-6299-46b4-b282-8c7ae6e496aa,48,2469,2017-11-17 11:56:00.0,4425a35d_4afa_4f78_826a_6c2bd283d7a8
a4f8fbef-67e7-4aa5-a93b-5bb3cfc77a4d,8,861,2017-11-17 11:56:00.0,5723539e_d6ce_451e_8a94_e74ce6a90c74
a59351a7-7412-4777-921a-5748d7054b85,90,2061,2017-11-17 11:56:00.0,c31c5915_4522_48a5_a963_21c360a3d999
a70ef9ef-1a05-4ea9-839f-bb1aef8204c0,53,218,2017-11-17 11:56:00.0,b3b6b041_d38e_4a70_9ebb_2da65b58698e
ab209664-9533-4535-a767-d21b07c21556,22,2326,2017-11-17 11:56:00.0,06047c4e_7822_4644_b506_4974f2bc71dc
ac1ac00d-68d4-41ab-9748-e25e049b2d98,45,2309,2017-11-17 11:56:00.0,b4dbca52_1118_4ca6_950b_add0ad91b152
ad154242-3e5b-4205-b6c0-1b0c066de30f,58,3448,2017-11-17 11:56:00.0,298f1ff2_3bfb_49de_8b65_544b637b0cf3
ad3da56c-c656-4434-8e89-783be5820263,92,3259,2017-11-17 11:56:00.0,c7361987_274a_419d_b335_051e8eb246df
afad3fa6-8341-491a-8383-e9565439aea5,66,215,2017-11-17 11:56:00.0,5bb37f41_30ec_4b2a_b6b3_6321416fd9d6
afb9f56e-b7ce-48df-9e9d-b4f2eab71acc,99,825,2017-11-17 11:56:00.0,ced8e727_10d8_4ec9_b17e_a0e3d1cfe300
b23d70c6-1172-4b63-801a-d7391f1cdb64,28,1978,2017-11-17 11:56:00.0,d2aadf04_48e3_434a_bda3_46595dbc7e85
b29fa0d9-8f48-4e8b-ad10-e328811d57cd,13,463,2017-11-17 11:56:00.0,6638a89a_0ab5_4c87_8ca4_55ad1a570e30
b6432386-eaf4-478b-a660-66d3981928d8,55,2542,2017-11-17 11:56:00.0,27ee9611_efc4_4d36_9ba1_c13f99a2eeae
b7c456fc-c828-439b-aee5-f9420f7a560c,67,1001,2017-11-17 11:56:00.0,5593b8b7_e02b_4375_b041_2d570e030835
b94bbf62-ee2d-42d6-8d1a-215af6633a49,17,2963,2017-11-17 11:56:00.0,6da8c30a_3a2c_41b4_adeb_6445b54c6b0d
ba235339-1e58-439e-aca2-dc2235136421,20,1019,2017-11-17 11:56:00.0,a3e3e8ec_6c42_43de_8058_0712e91ada35
bac9700c-6a3e-41f3-8bac-fc33b4b5dcd3,78,3119,2017-11-17 11:56:00.0,3f444574_699e_4235_99a3_8b3019c035c1
bb81135d-bb8a-4d1f-9bde-46ce641eb22b,84,3289,2017-11-17 11:56:00.0,421f9b23_3513_4f60_a89e_d40012bbe83c
bc411945-c8f3-41b6-8fa7-5a9d761b813c,40,1185,2017-11-17 11:56:00.0,ef62ac6f_8fa9_45ae_b71f_098b76daa466
bfe0e7be-e96d-4efe-b32a-45230598fef2,31,3147,2017-11-17 11:56:00.0,d6616ba5_7f9b_48d2_a39e_b4c09480c7c8
c340c9e1-174e-47b9-96a5-066e1288a90b,44,873,2017-11-17 11:56:00.0,372b40a4_0418_4d2b_a997_1e999850e4fb
c38d0aae-3e7e-4baf-918b-91bc06f006b8,7,3101,2017-11-17 11:56:00.0,170cc47d_52b5_4982_91a4_909b37ca8c30
c49f4fd0-5dbb-4179-b067-07e97fc31f68,72,2633,2017-11-17 11:56:00.0,4fec7166_30df_47b2_aab5_7d09212cc49c
c5574904-95d8-4799-af2a-fa70ecefbc4e,56,2003,2017-11-17 11:56:00.0,7f375a3a_08fc_4656_9ea8_388fc3559019
c7201f0d-9818-4987-80d2-36fe9659d06e,73,1762,2017-11-17 11:56:00.0,5d29cead_46fd_4f07_97be_3fe2c7bd9608
c84761a1-9e18-4632-9371-6e562ce3569f,78,1391,2017-11-17 11:56:00.0,5a5e6ac4_2a12_431d_92fb_bb20b628b82b
c8a317af-ea59-42d8-b4a3-f55cab4bff85,27,265,2017-11-17 11:56:00.0,da4c5176_be00_42dd_9d19_3168a207c44e
d0f955f2-972e-432c-9e3f-5f856c358f1e,80,3388,2017-11-17 11:56:00.0,995324e5_786c_43c5_b5a7_2aa5235fd08b
d3c34640-ca4c-46e3-8bf4-a925cdc8413f,21,909,2017-11-17 11:56:00.0,8edb0a32_e88e_4030_a197_89feb235e669
d5b31cb5-e259-4136-bad2-818ffeb57e0f,70,3256,2017-11-17 11:56:00.0,a64f136e_d5a0_428e_993c_0a1f60ae5e13
d5b99731-cacd-4de6-8158-f76ada82cb3c,17,3284,2017-11-17 11:56:00.0,65d6faea_dfed_4256_93f4_5ad903343003
d7ef34e8-b919-4668-9e43-9daf61ed7dcb,78,1340,2017-11-17 11:56:00.0,7503c550_a671_4599_a583_b1d6eefab4e8
d8296231-973c-47e5-8c96-25991428f234,18,2893,2017-11-17 11:56:00.0,76f7a2d9_f577_4fae_82de_7f881b2b389b
d8d925aa-ef35-42b0-8e9b-5043f665b0c7,4,1011,2017-11-17 11:56:00.0,c8899a8a_09ee_420d_8882_7b7ff4413495
da3f442c-871e-41a7-89f3-db48f299825f,12,368,2017-11-17 11:56:00.0,68874432_9db5_4784_b11d_3f910ce897f4
db140d9e-a8c5-4f60-9fe8-22d3ff76e828,1,2676,2017-11-17 11:56:00.0,03d9d4a7_98bd_4a9e_8edc_5276450d8621
dc5250b8-16f5-4641-9c7e-13e2bfb0feff,73,788,2017-11-17 11:56:00.0,0f9c965d_fe90_471e_ba52_b2cfd9108eb4
dc7843ae-706a-4d3d-ade1-e6da2d949240,40,2676,2017-11-17 11:56:00.0,8e7b5063_089a_42c4_9477_ecaf1477a9c1
de413a4d-a150-4ee7-a15b-1ebaf6312485,82,2333,2017-11-17 11:56:00.0,054b0911_a731_4049_8656_3385eebbc702
df411062-81f9-428c-8a28-98df8e925ff7,96,2250,2017-11-17 11:56:00.0,4a0014db_b071_422e_a5f7_1150fd2fe1c9
e07b6672-3791-4d49-838a-3d742a817b57,32,1527,2017-11-17 11:56:00.0,e6752d15_ea9f_4ec5_b7bb_2f09c0b527c9
e12be9c0-714e-441a-9c7b-75ccd13b8281,4,3134,2017-11-17 11:56:00.0,4d8e58e1_dfb7_43bd_addc_3f64f34dcceb
e16a3458-908b-434b-9fd7-a80cdcbbc774,93,1332,2017-11-17 11:56:00.0,187fe7ec_dca5_49a1_a0ae_d4e189fc125e
e6b1d2bb-7fed-4c9e-8a6d-d373bcceefac,74,1864,2017-11-17 11:56:00.0,da2b7f71_6bc6_426c_b4dc_e74519d026bf
e75fc3d2-a0a7-4d66-923c-dd3eeab82fc8,26,1126,2017-11-17 11:56:00.0,8f3b9f98_75f1_427e_9872_0674e04d8a58
e7660e6e-81bb-4fc2-8d78-b102c903d031,43,2299,2017-11-17 11:56:00.0,76f0cb1b_8522_4707_bef8_90e4a68e9782
eb4c2891-e9e1-4195-a78e-df3fcded4858,34,1136,2017-11-17 11:56:00.0,fd8ea452_8540_4352_ac55_77c478be3a12
ed3c4e9f-da1b-49e0-a530-4d710754b74f,87,1684,2017-11-17 11:56:00.0,a55c7faa_74f9_4b85_b9f3_d6896925a4c0
ef3abc97-b3b4-42fe-a19e-d6923871a155,69,2494,2017-11-17 11:56:00.0,b448387d_c9d7_4cd9_ad6b_b5e0d032a34c
ef6baf52-8f14-4d98-9060-390b3fa204d3,41,1076,2017-11-17 11:56:00.0,d575e889_a6dc_476f_9dca_df9b8bbfc4aa
f13c9571-6292-461a-82fe-f1feb944c801,47,3581,2017-11-17 11:56:00.0,c764f51c_e0d9_45c9_a419_ea746cdcdfcc
f1c1609c-07c1-4a61-981e-8cfaa5faeae3,2,2187,2017-11-17 11:56:00.0,ddc9a0e1_7db8_472d_81fc_570ca22fa3df
f2a1b020-18e5-46eb-89b0-12ffbdfa660e,86,2472,2017-11-17 11:56:00.0,8ba5f9c7_f6f3_498e_a008_aed5bda7523f
f2c37a3c-ccef-4289-b044-fbf0ef2f2022,65,1876,2017-11-17 11:56:00.0,ea04998d_ab3c_450e_be5d_f7a06eadbdd3
f2f28123-a1aa-4590-ad73-06185f69d9f6,13,307,2017-11-17 11:56:00.0,7aae29f4_f2e9_4649_b60f_5e6425f1b014
f3e2187b-fbcf-45ad-983e-610d66b3846d,92,1242,2017-11-17 11:56:00.0,f97e9f5c_f19c_46cc_ad70_f29dd2cce577
f4461b32-730a-4827-8daf-5ad61b3129c1,87,192,2017-11-17 11:56:00.0,01449eb5_d5d7_4fc6_af96_52fd49fdbcee
f5227fa2-af86-4e98-8655-0f5a8f02eb06,69,1617,2017-11-17 11:56:00.0,8e8c0096_ec6e_4c72_921a_1bfac7128eb0
f554071f-ee68-4de5-9090-5e6b74a43e28,57,1875,2017-11-17 11:56:00.0,907095db_3d20_418d_9f12_c79a87095220
f5976610-f41b-4947-8724-aab07ebb7bbc,58,1977,2017-11-17 11:56:00.0,ec0a71bf_b000_4afd_a496_7420c995e720
f6f05a34-0d6b-4a28-a0f5-93e34a3d035a,100,485,2017-11-17 11:56:00.0,3ccc852e_b1d6_4d13_a2ef_8eec162f6c0f
f8ff015d-2a6f-46a7-82dc-ef6919b052b2,49,2116,2017-11-17 11:56:00.0,edbfbb1b_3347_4fa8_a893_3a3e4d9b4be3
fa5a1cb6-94f7-47ef-ac82-944ab7472c74,63,680,2017-11-17 11:56:00.0,235f4c1d_1f66_4083_be51_ca15ddfc6a22
faef3177-5b4b-45a0-a815-7ff38e01f860,96,2645,2017-11-17 11:56:00.0,5aa3db87_b510_4f81_ad37_e056453ac803
fc0f831c-393b-4949-9259-2dce420da1c7,87,859,2017-11-17 11:56:00.0,ec3f7877_2892_4d54_a7f5_ab3698f72c35
ff8f6e75-4257-4ed3-8c8b-628c89a12db9,52,3256,2017-11-17 11:56:00.0,5f142597_a44b_4393_a5ca_628c77dc2a5d
ffd81d57-7dce-43e7-8575-5677edc70743,36,2478,2017-11-17 11:56:00.0,d88357ae_2543_4bce_a141_eb52ea5e69ae
