00e2a2a1-f4e0-4988-bad5-5212c1506a5d,4088,85,2017-11-26 07:39:00.0,vSensor2
014133ea-f230-4a56-9f51-e5f0bf4ab338,3065,52,2017-11-26 07:39:00.0,vSensor2
01622042-7cf9-444f-94f7-ee68c311c6aa,5084,16,2017-11-26 07:39:00.0,vSensor2
02073ad4-6dfa-42f0-9814-1ac841ce6a95,4051,55,2017-11-26 07:39:00.0,vSensor2
020c63f3-a01e-44b7-bdbf-0aca58328516,5226,9,2017-11-26 07:39:00.0,vSensor2
0523a996-3734-4be8-bb4d-b0393acd7d38,3241,33,2017-11-26 07:39:00.0,vSensor2
0687199d-4e8e-4c73-b7e4-14e8282c91c4,2026,60,2017-11-26 07:39:00.0,vSensor2
0761d563-2ecc-4ce3-bfa5-3f35a5da2de1,3019,82,2017-11-26 07:39:00.0,vSensor2
09bc045c-7612-4f03-b077-73769a0f5359,3209,42,2017-11-26 07:39:00.0,vSensor2
0a38acb7-7b1d-4c45-aa26-ba900cf47065,4221,76,2017-11-26 07:39:00.0,vSensor2
0b1964fe-1ec6-4b67-8fdf-d96f321ad493,3052,46,2017-11-26 07:39:00.0,vSensor2
0b55d1b4-ee7a-4354-9eec-0fdd8986c41c,5228,68,2017-11-26 07:39:00.0,vSensor2
0bc991c6-7d76-4d64-ba97-691f9db76c2f,2051,27,2017-11-26 07:39:00.0,vSensor2
0cedd285-f187-49a4-ad3d-aea334b0dcde,1431,68,2017-11-26 07:39:00.0,vSensor2
0df48a38-1607-43b0-b605-d1cd0068f554,1427,92,2017-11-26 07:39:00.0,vSensor2
0e2990b4-cd9f-4eeb-b0f6-8deed41814e8,2044,78,2017-11-26 07:39:00.0,vSensor2
0f26da7b-2c25-4247-8d7c-f12e1f4d7d2c,4202,52,2017-11-26 07:39:00.0,vSensor2
0fbf438f-e3ea-43a9-aa6e-921b2f3ffced,6074,43,2017-11-26 07:39:00.0,vSensor2
10a96f0b-7032-491c-8503-6d11a11321c7,3211,67,2017-11-26 07:39:00.0,vSensor2
10e6354f-72a3-416a-a501-ac1669f63bbb,6132,61,2017-11-26 07:39:00.0,vSensor2
11eaef1b-8fce-40dc-840d-5134f7626795,6066,43,2017-11-26 07:39:00.0,vSensor2
12ead7af-dd19-42e5-861f-d1a3cfe77f97,2202,84,2017-11-26 07:39:00.0,vSensor2
15e03b6a-4046-4e93-87e0-26f3e5351c41,5062,19,2017-11-26 07:39:00.0,vSensor2
1602d49a-88c5-4923-a9ca-0e2db7b4f082,1600,15,2017-11-26 07:39:00.0,vSensor2
164994e6-2916-45e2-b930-7f7e82dced49,6029,68,2017-11-26 07:39:00.0,vSensor2
169d17d8-4111-40ee-8dda-6dde1fd5191d,2100_1,26,2017-11-26 07:39:00.0,vSensor2
16a0c430-b2f7-486e-b3ab-2cb20a2b175f,2038,51,2017-11-26 07:39:00.0,vSensor2
16b7e8be-feae-413e-9989-029e35c7f0da,3008,7,2017-11-26 07:39:00.0,vSensor2
16db03bd-6291-4091-83f2-eb130c8aee42,4013,59,2017-11-26 07:39:00.0,vSensor2
16eacc43-922a-431e-9da6-f8a011b72b05,5234,89,2017-11-26 07:39:00.0,vSensor2
17e48046-7627-414c-b6ee-c01560b7da74,4216,42,2017-11-26 07:39:00.0,vSensor2
18008db4-567d-40bb-a162-6d47a3716059,4039,71,2017-11-26 07:39:00.0,vSensor2
195d9ac6-b71d-4f4b-b825-548ec3b56962,4002,19,2017-11-26 07:39:00.0,vSensor2
19f549f1-119c-4fa7-8232-760664ebd160,4206,30,2017-11-26 07:39:00.0,vSensor2
1b4b95fa-efeb-4223-99e2-ac8c2a6b4e50,4234,77,2017-11-26 07:39:00.0,vSensor2
1b8f2ee7-f849-4a71-958f-5dc384c912c7,1422,12,2017-11-26 07:39:00.0,vSensor2
1ca19415-0009-4ea3-bc68-2cc45d84234c,4091,73,2017-11-26 07:39:00.0,vSensor2
1caa9d86-1fed-41a4-9213-cc4936a7ee40,1433,46,2017-11-26 07:39:00.0,vSensor2
1cc1b57c-3f4d-4ea0-ac9e-ebe50e0df443,5092,7,2017-11-26 07:39:00.0,vSensor2
1ce69536-59d5-4ea2-8743-7bed8c5868c1,3082,9,2017-11-26 07:39:00.0,vSensor2
1cfee9d6-a082-4607-9780-810902cd8ed7,5232,15,2017-11-26 07:39:00.0,vSensor2
1d1f8601-85de-43f4-9114-e4d7591bf908,4100_8,79,2017-11-26 07:39:00.0,vSensor2
1e61b993-4f46-435c-8714-d33e225eca98,4100_3,7,2017-11-26 07:39:00.0,vSensor2
1f741f35-8776-4f44-a74f-d4d38666bf61,3100_1,61,2017-11-26 07:39:00.0,vSensor2
20e5f92b-3b58-413e-84b5-a59c54253d6d,5052,24,2017-11-26 07:39:00.0,vSensor2
214528e4-4de7-4731-9d7e-af6a056286c2,4086,16,2017-11-26 07:39:00.0,vSensor2
217447ff-a01f-4420-84e6-f179d5ccaa7a,2052,0,2017-11-26 07:39:00.0,vSensor2
22b345b1-1a4a-4968-b8d7-0d9be7b36b59,6028,77,2017-11-26 07:39:00.0,vSensor2
23de8fd3-705f-44be-bdb6-0a83c62f69d6,2039,60,2017-11-26 07:39:00.0,vSensor2
25a615e8-c871-42a6-8036-3d093a1ee355,2231,45,2017-11-26 07:39:00.0,vSensor2
26ea0d49-b4a7-43e4-83d1-270fd0988d0d,4241,11,2017-11-26 07:39:00.0,vSensor2
2716a339-703e-4750-a35a-0ead8666c4aa,4052,44,2017-11-26 07:39:00.0,vSensor2
27767f09-f6be-4707-bc45-20ff3d64fa26,6088,63,2017-11-26 07:39:00.0,vSensor2
27fb4b1b-0039-4830-a952-21aa7f92caef,5039,95,2017-11-26 07:39:00.0,vSensor2
2903b668-2d04-4928-aa4a-646870963ab5,5081,82,2017-11-26 07:39:00.0,vSensor2
299fb707-ce6e-4987-86c1-1233ad1b369c,3224,97,2017-11-26 07:39:00.0,vSensor2
2b18e505-62d5-473b-a375-ac41ca7aa4d5,1300,11,2017-11-26 07:39:00.0,vSensor2
2b47e1e2-0dc6-4419-8e32-acc3f6078f97,2241,8,2017-11-26 07:39:00.0,vSensor2
2b6cbbe3-3d52-430d-918b-87a58e3f3732,2100_2,58,2017-11-26 07:39:00.0,vSensor2
2b6e9297-8604-4913-afc6-ab23a19c73f8,2062,88,2017-11-26 07:39:00.0,vSensor2
2bb2b19c-4b49-4874-8c4e-33cbb774ba40,2086,10,2017-11-26 07:39:00.0,vSensor2
2be2ec97-ccee-491e-9c1d-ae9042effe4a,3092,64,2017-11-26 07:39:00.0,vSensor2
2cdc4090-56be-4d57-841b-98ef580028a7,6042,29,2017-11-26 07:39:00.0,vSensor2
2db1b777-0bf7-41ff-9f25-46b6dbd7d5ec,2219,87,2017-11-26 07:39:00.0,vSensor2
2e1c8880-6c84-4a87-ad51-cb93c005850d,1412,69,2017-11-26 07:39:00.0,vSensor2
2ec7cf29-7dd1-497d-9d17-3e0bed36b1b7,3216,64,2017-11-26 07:39:00.0,vSensor2
2f151f9f-573f-49f1-993d-28c9281b418f,2100_3,38,2017-11-26 07:39:00.0,vSensor2
2f4c10bc-6015-4977-99cb-bf0895c35bcb,5038,63,2017-11-26 07:39:00.0,vSensor2
2ffbf184-8462-4708-a0aa-55196024cf60,6044,54,2017-11-26 07:39:00.0,vSensor2
3079fec5-798f-47f8-ae94-176e08483472,5214,27,2017-11-26 07:39:00.0,vSensor2
30a4647d-a5ab-4038-bcf1-eee074e33e47,5219,33,2017-11-26 07:39:00.0,vSensor2
30fe57d7-0542-4a84-bf52-8cdba6c6c753,4212,91,2017-11-26 07:39:00.0,vSensor2
310ecd78-0b77-4a83-a98d-a4d68cee38b7,2032,27,2017-11-26 07:39:00.0,vSensor2
313d5f43-2e52-478c-ac7d-7b03ff331f00,6136,55,2017-11-26 07:39:00.0,vSensor2
315f7f38-d9c9-4d8b-b285-7e6df786d790,4243,28,2017-11-26 07:39:00.0,vSensor2
31f616d4-7a70-4ba3-8826-9b60bdbbd5af,6052,28,2017-11-26 07:39:00.0,vSensor2
31f8cc1d-cfa1-492d-a129-76338b7bade7,5061,9,2017-11-26 07:39:00.0,vSensor2
321539f9-dafc-463b-9b8f-0d4500fd89b8,6086,78,2017-11-26 07:39:00.0,vSensor2
32f17073-841f-481a-ba9e-6db381ec3370,2099,60,2017-11-26 07:39:00.0,vSensor2
342f568d-e5bb-4655-91d3-6f5d3ac5ce0f,4100_9,81,2017-11-26 07:39:00.0,vSensor2
349cb88b-3920-4678-afa3-effe51a2d70b,5002,36,2017-11-26 07:39:00.0,vSensor2
34b750b8-a5ad-4717-9a1b-f4e1ec684d54,4054,9,2017-11-26 07:39:00.0,vSensor2
34f1255e-4097-4010-885f-ddde79628db4,3100_4,98,2017-11-26 07:39:00.0,vSensor2
35288d1f-8ab9-4af1-8e23-ff81f3b58b76,1500,25,2017-11-26 07:39:00.0,vSensor2
35b6e685-da04-4d44-80aa-db939da65190,3028,54,2017-11-26 07:39:00.0,vSensor2
35c0070e-b2c9-4423-86fc-2eea0fb45be7,3222,17,2017-11-26 07:39:00.0,vSensor2
36184bd6-f8c6-46a9-9413-4157412440a9,3042,39,2017-11-26 07:39:00.0,vSensor2
3900db8e-70c1-4bfc-8b2c-5f2508e4930c,1403,24,2017-11-26 07:39:00.0,vSensor2
39c96bde-3ae8-4cb9-955d-66493f718545,2089,75,2017-11-26 07:39:00.0,vSensor2
3b08f37a-715c-453a-a6d8-fa7d7dc80058,4059,95,2017-11-26 07:39:00.0,vSensor2
3b2acded-22c1-46cd-985d-3015e33a61da,5231,34,2017-11-26 07:39:00.0,vSensor2
3b69483a-d880-4c10-9010-90c50c9f0637,4072,64,2017-11-26 07:39:00.0,vSensor2
3be37ee9-044b-4ca6-b4ab-c39308f0fc17,2232,34,2017-11-26 07:39:00.0,vSensor2
3ca80f6d-6e4a-42ca-95b4-4c296a9ca3e4,4082,90,2017-11-26 07:39:00.0,vSensor2
3d44ce9e-3e8f-42f4-ba12-aa81aec7c149,3044,91,2017-11-26 07:39:00.0,vSensor2
3eeede1d-56d9-44d8-a244-68d5e5ecc201,5089,37,2017-11-26 07:39:00.0,vSensor2
3fc76c22-fd0e-47a8-b9e2-7a1f59e6aa4c,4026,98,2017-11-26 07:39:00.0,vSensor2
4063665e-6575-4fd4-ab09-deada09ae434,3064,35,2017-11-26 07:39:00.0,vSensor2
40dd6079-3083-4cd4-a218-68886831c8f6,6082,32,2017-11-26 07:39:00.0,vSensor2
43d027b5-c4eb-4c41-bb33-c4c1d362b1c8,2082,43,2017-11-26 07:39:00.0,vSensor2
442a2382-5dea-4cf6-b458-f8bcebe5c6a2,5054,85,2017-11-26 07:39:00.0,vSensor2
452f1fa7-efce-462a-8e98-19924ff98c53,3091,70,2017-11-26 07:39:00.0,vSensor2
46319153-a233-4fdb-9301-b9d9c1fbb5c0,4219,26,2017-11-26 07:39:00.0,vSensor2
467b78d3-4c29-426a-9382-0fbbd07810e6,5100_3,2,2017-11-26 07:39:00.0,vSensor2
4686ce9a-d211-4239-85c7-bf82970df69c,5241,41,2017-11-26 07:39:00.0,vSensor2
47764a2a-766b-44ff-a31e-b119968f5633,3100_2,41,2017-11-26 07:39:00.0,vSensor2
485abe66-353e-4409-9d86-a888050feda9,6011,42,2017-11-26 07:39:00.0,vSensor2
4959f5bf-14a2-400a-84a3-1f78e9bbb83a,4065,42,2017-11-26 07:39:00.0,vSensor2
49fa13cc-5b63-430e-b022-645b87644757,4029,86,2017-11-26 07:39:00.0,vSensor2
4a301dd6-da72-4117-ad2a-c70c5a6062cb,3026,52,2017-11-26 07:39:00.0,vSensor2
4babdd87-25b5-434f-97c7-2e8f7822211e,6068,43,2017-11-26 07:39:00.0,vSensor2
4befc6b6-15b8-4e82-8bc3-1bb8bc876619,3059,14,2017-11-26 07:39:00.0,vSensor2
4bf126f2-6d41-451e-a4e8-4539a66aad55,6212,80,2017-11-26 07:39:00.0,vSensor2
4cc414c8-5ce8-46f1-aafe-bd65eac301af,4084,99,2017-11-26 07:39:00.0,vSensor2
4d01d21e-3955-479d-ac42-167eacf01b8c,4038,42,2017-11-26 07:39:00.0,vSensor2
4d553346-1068-4511-9624-a52f5173b1cf,5008,50,2017-11-26 07:39:00.0,vSensor2
4e09bfab-63c0-43de-bcb5-628c5c7b0f77,5056,71,2017-11-26 07:39:00.0,vSensor2
4eb746f0-5794-45c7-9f51-4ee61f8b8a65,3212,84,2017-11-26 07:39:00.0,vSensor2
4f1942d8-55d7-4689-8897-a70244c70bf9,5091,79,2017-11-26 07:39:00.0,vSensor2
4f89adb1-f619-43db-81f5-e07bc3881f1f,6032,44,2017-11-26 07:39:00.0,vSensor2
4ff1072e-7605-4d52-9611-c246354a837f,2029,83,2017-11-26 07:39:00.0,vSensor2
502a202a-29c8-41fc-8f8f-8e902427d620,6048,4,2017-11-26 07:39:00.0,vSensor2
51937a2a-03a0-412b-836b-6c1ed0873cbb,2216,44,2017-11-26 07:39:00.0,vSensor2
52271053-9a75-4c6f-a1f3-872cc32daf3d,6062,49,2017-11-26 07:39:00.0,vSensor2
5259e9ea-8b79-4dcd-91fd-e3e638bde674,4209,29,2017-11-26 07:39:00.0,vSensor2
52821753-c230-45be-a394-3f5252451e35,5028,5,2017-11-26 07:39:00.0,vSensor2
536dae67-e78f-48ac-a2eb-60ff87db70fb,4074,50,2017-11-26 07:39:00.0,vSensor2
5414bf39-dbf6-4a75-a91e-d33527f3adc7,6215,3,2017-11-26 07:39:00.0,vSensor2
557404ea-aec9-4da1-a075-993a06d0348b,3100_3,95,2017-11-26 07:39:00.0,vSensor2
580f22ff-9a25-4f0a-adef-0284c04fc417,5059,84,2017-11-26 07:39:00.0,vSensor2
58eaa762-4a05-4705-aef1-3b555cc5a009,3039,39,2017-11-26 07:39:00.0,vSensor2
592f1f60-2bae-48a8-afc8-b5d1d1e68c27,3011,16,2017-11-26 07:39:00.0,vSensor2
5a9e14e4-4c92-480a-a49a-195549ea8e98,3088,11,2017-11-26 07:39:00.0,vSensor2
5b134e05-bd46-4251-903c-dd9062ba206c,4231,5,2017-11-26 07:39:00.0,vSensor2
5b286e8b-8e4a-4c99-a85e-70dcbd465641,2206,71,2017-11-26 07:39:00.0,vSensor2
5b3fa884-ac3b-4e39-b5c1-0d7466ec4c72,6211,93,2017-11-26 07:39:00.0,vSensor2
5e22f630-d3a4-4ffd-9c7e-396a6a7c5f83,2013,61,2017-11-26 07:39:00.0,vSensor2
5e469c6d-d1f3-44be-9402-7e0d4efa72a7,1407,15,2017-11-26 07:39:00.0,vSensor2
5e4c3f8c-6abb-4968-b516-2037d8459414,4226,99,2017-11-26 07:39:00.0,vSensor2
5f7297b9-acd7-4d50-b7c8-d534a18a6dbb,2081,41,2017-11-26 07:39:00.0,vSensor2
5feceda7-a3f3-485d-a457-bed9070e124a,5209,54,2017-11-26 07:39:00.0,vSensor2
603c8d3f-02e0-42fe-9417-d0eb1acacae3,3100_10,25,2017-11-26 07:39:00.0,vSensor2
604941a3-3bcb-40f6-ba75-10cb8fad173d,4056,46,2017-11-26 07:39:00.0,vSensor2
61ca060b-ed0f-4806-80fb-57de08d0ce83,3058,52,2017-11-26 07:39:00.0,vSensor2
61d00a21-c079-479b-a3d7-cacba7ac7b93,5100_1,40,2017-11-26 07:39:00.0,vSensor2
620a015e-5cab-4505-8ccd-6cfcb805e53f,3100_5,65,2017-11-26 07:39:00.0,vSensor2
62b245c3-bc60-4fc9-8bcb-60037e92ccf1,4081,20,2017-11-26 07:39:00.0,vSensor2
636efb48-9912-4e15-a432-b30425fb0e40,6036,98,2017-11-26 07:39:00.0,vSensor2
63b3fa1e-c17e-4e56-a58c-a1ff9948f578,1413,96,2017-11-26 07:39:00.0,vSensor2
6441b67e-521c-4236-9466-def1c839f38d,3099,70,2017-11-26 07:39:00.0,vSensor2
64443b79-2e31-40a3-b033-36c8ac8f7d2d,4100_5,19,2017-11-26 07:39:00.0,vSensor2
6625a076-b0f1-4b1c-b12b-a1af5e6abd04,6210,48,2017-11-26 07:39:00.0,vSensor2
676c10ef-6098-4630-a08d-3b4c2e0cdad6,1434,75,2017-11-26 07:39:00.0,vSensor2
684cea57-e685-4e74-a8e9-a9596336acd0,2042,17,2017-11-26 07:39:00.0,vSensor2
69e277a0-8723-4e9c-b33b-72edd7851b65,4064,93,2017-11-26 07:39:00.0,vSensor2
6b5e9dd1-ed86-4a39-b3fa-8106203996a6,4089,89,2017-11-26 07:39:00.0,vSensor2
6c57d25a-a3c7-43d8-b1f5-2e1116cda910,3219,79,2017-11-26 07:39:00.0,vSensor2
6cb7356e-bf3a-4b41-8400-7fb38bf187d7,5082,58,2017-11-26 07:39:00.0,vSensor2
6e139f2f-f490-4c65-a136-3b2b400655c2,2100_4,75,2017-11-26 07:39:00.0,vSensor2
717a9056-d817-46cf-afe7-1300a288a91f,4062,70,2017-11-26 07:39:00.0,vSensor2
71890671-8e1f-4dea-b0f1-d2f4236091de,2228,0,2017-11-26 07:39:00.0,vSensor2
7246b281-c406-4893-b16c-13e1a5effea0,2056,33,2017-11-26 07:39:00.0,vSensor2
72d6686c-9339-41bd-8223-80b0cdb02307,6051,89,2017-11-26 07:39:00.0,vSensor2
75197517-dfd9-4eff-a045-cac61ee56415,3062,30,2017-11-26 07:39:00.0,vSensor2
75a0d8d7-8ecc-4bae-ae6e-1c2066d66eda,2088,47,2017-11-26 07:39:00.0,vSensor2
769664dd-0d7d-4229-8399-728772e748af,2058,11,2017-11-26 07:39:00.0,vSensor2
77a74fbe-8736-4c60-8b91-6980ea0d2119,2065,69,2017-11-26 07:39:00.0,vSensor2
77ba8af7-5fe0-4bb9-9a9b-c56f36dbf486,3056,47,2017-11-26 07:39:00.0,vSensor2
78fa1b33-886b-4432-9b61-bfe558f96760,2064,59,2017-11-26 07:39:00.0,vSensor2
7919740e-6021-4bd9-94d4-c152d5773b2e,4204,35,2017-11-26 07:39:00.0,vSensor2
798cf779-19a9-4377-8063-99473cfcf1b9,2084,8,2017-11-26 07:39:00.0,vSensor2
7a1d3fc2-d799-45e3-b5b7-b892887c3806,5004,32,2017-11-26 07:39:00.0,vSensor2
7a213c1c-7dd6-4ef1-9dc9-8e4a4bf010eb,2211,42,2017-11-26 07:39:00.0,vSensor2
7acf7468-3288-4274-90b3-6a5251a2b8e2,5019,39,2017-11-26 07:39:00.0,vSensor2
7aedb845-f252-4b48-a125-840e899dd893,3214,40,2017-11-26 07:39:00.0,vSensor2
7b454ccd-54bb-493b-96ca-5a913344f987,1406,99,2017-11-26 07:39:00.0,vSensor2
7b4715e6-5a17-4788-ad66-bb62fe7f8011,2076,18,2017-11-26 07:39:00.0,vSensor2
7bba4911-f90f-4a86-bd6f-67815932aae7,2100_9,18,2017-11-26 07:39:00.0,vSensor2
7c07879b-2e4b-4b59-9c86-81c03004f1df,6049,71,2017-11-26 07:39:00.0,vSensor2
7d88b4ad-dd86-4e9a-8d98-883936693d14,5042,29,2017-11-26 07:39:00.0,vSensor2
7e77f5e8-380e-4802-adcd-3023b0ec9704,2028,3,2017-11-26 07:39:00.0,vSensor2
7f90c18c-7fb4-43bf-a012-28d9de197980,2008,12,2017-11-26 07:39:00.0,vSensor2
80e40170-0076-44bf-835c-d185debe140a,3072,37,2017-11-26 07:39:00.0,vSensor2
81947c27-ad78-4381-869e-b9a109e51148,5076,34,2017-11-26 07:39:00.0,vSensor2
83f4b10d-3da3-48d6-a053-f9bd0d641e95,3232,74,2017-11-26 07:39:00.0,vSensor2
848cd4d2-dcac-4357-bd0e-fe8a9bac486d,2221,64,2017-11-26 07:39:00.0,vSensor2
84e011c1-161f-48d8-a07d-b70b635f6a60,1100,25,2017-11-26 07:39:00.0,vSensor2
84edb73f-0a3b-434c-a3d3-9e626242514e,5211,60,2017-11-26 07:39:00.0,vSensor2
85f5ce1d-5209-4535-ada9-a50480fad34c,5222,66,2017-11-26 07:39:00.0,vSensor2
86017d75-ada9-496a-8fd1-6a2eb750169c,5029,71,2017-11-26 07:39:00.0,vSensor2
8637df86-8ed0-476c-8d87-cf475ab86259,5066,63,2017-11-26 07:39:00.0,vSensor2
86b120ff-8a5a-434e-bfbf-324939699b39,2224,57,2017-11-26 07:39:00.0,vSensor2
86dbb163-019a-415d-9481-5b5200dcf11e,5026,69,2017-11-26 07:39:00.0,vSensor2
87fd0fd6-bf93-4d8e-bec3-9c5dbaaf8454,4019,22,2017-11-26 07:39:00.0,vSensor2
88f39396-2c8a-4b26-929b-87208af4a6c8,3228,50,2017-11-26 07:39:00.0,vSensor2
8977d963-8078-4012-8d6e-d156f56c94a2,4099,18,2017-11-26 07:39:00.0,vSensor2
89d10c54-baf2-4335-8e39-24f77671db65,5064,14,2017-11-26 07:39:00.0,vSensor2
8a5963c7-d823-49f0-b8d1-1355c2d53ee5,5058,17,2017-11-26 07:39:00.0,vSensor2
8a6adba8-b67d-4923-87a1-af1bee9c9594,5221,0,2017-11-26 07:39:00.0,vSensor2
8b064ccb-e942-4063-aaee-a9d8be544486,4044,73,2017-11-26 07:39:00.0,vSensor2
8b57461b-75dd-472c-9c07-4315c3c50585,5065,34,2017-11-26 07:39:00.0,vSensor2
8b79d5fe-af8e-4ec2-bc92-5a9814276082,4058,57,2017-11-26 07:39:00.0,vSensor2
8c77f13c-2134-466d-aae7-4563e397663c,2100_5,21,2017-11-26 07:39:00.0,vSensor2
8c8b132f-0d8f-4dcf-aeb5-4815cd0d9406,6064,9,2017-11-26 07:39:00.0,vSensor2
8d6db315-a451-47bf-b3b1-43121b546873,3204,47,2017-11-26 07:39:00.0,vSensor2
8e2d830b-5ce5-475c-837f-5516fc7f1601,2019,36,2017-11-26 07:39:00.0,vSensor2
8ed080d9-408b-45d5-b9e8-cf19f1c84e5e,3054,9,2017-11-26 07:39:00.0,vSensor2
8f082501-64b5-4fac-90de-8df4ffa94a2c,1423,42,2017-11-26 07:39:00.0,vSensor2
8f16aac6-4546-465f-902d-d6831921709a,5013,35,2017-11-26 07:39:00.0,vSensor2
8faac57a-132b-49ef-96a9-6b726da053af,3100_6,40,2017-11-26 07:39:00.0,vSensor2
9247b828-3b95-4d8c-b655-57e09f2587e9,1420,16,2017-11-26 07:39:00.0,vSensor2
92e390f4-f776-430d-8f84-5ebcd4942a38,3089,43,2017-11-26 07:39:00.0,vSensor2
945c8b0e-901f-4bb4-9781-8d627bb6591b,5069,51,2017-11-26 07:39:00.0,vSensor2
95374ac5-ba8e-4e03-8bfe-465c27191cbf,4100_4,5,2017-11-26 07:39:00.0,vSensor2
956bf811-c7b6-4576-8b39-85eaf31c6b0c,2068,91,2017-11-26 07:39:00.0,vSensor2
95ebbebc-f1ba-485c-b797-ea18ed34325d,6034,88,2017-11-26 07:39:00.0,vSensor2
96bd39fd-4c08-4d2b-b235-bd2e3f6c1e6a,2100_8,89,2017-11-26 07:39:00.0,vSensor2
98904479-b30c-4198-80b6-469d9a5600ff,3048,24,2017-11-26 07:39:00.0,vSensor2
9b7ebb6e-92e3-40cd-bd33-a0678b79a84d,3100_8,31,2017-11-26 07:39:00.0,vSensor2
9bae9886-c679-46f1-bfbd-1e9815c56153,6084,27,2017-11-26 07:39:00.0,vSensor2
9c0917e5-df9b-4e17-a648-00143b93747e,4011,38,2017-11-26 07:39:00.0,vSensor2
9c1c2d85-57fa-4d30-a74d-9719a195f750,2061,52,2017-11-26 07:39:00.0,vSensor2
9c3fb93d-3195-46e1-9846-b93dcb67f3da,5202,46,2017-11-26 07:39:00.0,vSensor2
9d7d2034-0f95-496a-a5fe-ce718768d752,3234,78,2017-11-26 07:39:00.0,vSensor2
9de31c30-b5ba-4fb0-a0da-0a595d8bcba8,3002,95,2017-11-26 07:39:00.0,vSensor2
9f178a52-0c10-4908-8a3e-f860ec0df07d,5032,52,2017-11-26 07:39:00.0,vSensor2
9f4b067c-b626-486d-a892-1ecf15b3c57d,5048,7,2017-11-26 07:39:00.0,vSensor2
9fdc4e30-db51-4ec7-9ab0-254e6c42f190,4032,31,2017-11-26 07:39:00.0,vSensor2
a0cc5bf4-35b3-407e-84e6-56f165461dad,4100_2,67,2017-11-26 07:39:00.0,vSensor2
a0fcf86c-b392-4e87-936d-69e15fcce905,3066,41,2017-11-26 07:39:00.0,vSensor2
a1849b7c-4f30-4d1f-bda4-63ea1f6c00f6,5100_9,71,2017-11-26 07:39:00.0,vSensor2
a3d39e85-6e64-4a29-81c3-65a13d4345ec,2072,24,2017-11-26 07:39:00.0,vSensor2
a56c829b-2c8f-4d08-86d2-c88abcb49bc5,3081,3,2017-11-26 07:39:00.0,vSensor2
a5a0cdd4-2162-4e90-aeac-374eeb74d463,2100_7,8,2017-11-26 07:39:00.0,vSensor2
a659b24a-36db-447e-b1d2-328a63554f9c,6039,68,2017-11-26 07:39:00.0,vSensor2
a6d60ec0-79fc-4c40-aa31-ec79edbccaea,4228,4,2017-11-26 07:39:00.0,vSensor2
a7c9b4d4-89ad-44d7-8f64-4967f84b2c5e,2074,68,2017-11-26 07:39:00.0,vSensor2
a861b590-3bb0-42b9-9525-0e0eb7a453e4,4004,62,2017-11-26 07:39:00.0,vSensor2
ac63832f-003f-4341-8a81-8a4fe20542a7,5212,49,2017-11-26 07:39:00.0,vSensor2
aca8ede8-418f-4a9b-89a3-b5b8d52748f3,3013,19,2017-11-26 07:39:00.0,vSensor2
aea486b2-0889-4bc7-adc9-716517d7a2b1,5204,52,2017-11-26 07:39:00.0,vSensor2
b0f98ba8-1ad2-49b3-9c41-908a53c20b96,2069,63,2017-11-26 07:39:00.0,vSensor2
b247aa40-60d7-48b5-9ce3-9ca23f11b0cc,4068,31,2017-11-26 07:39:00.0,vSensor2
b2b1ac01-2ef7-4c20-a224-09fded093529,3243,85,2017-11-26 07:39:00.0,vSensor2
b2c87875-1659-4be6-a5d4-9f15cdccb4d7,6024,66,2017-11-26 07:39:00.0,vSensor2
b32ba7a9-9f6f-422a-aab6-e11536a68119,4008,6,2017-11-26 07:39:00.0,vSensor2
b434161a-7ae4-42b4-afd9-888ddcc0abf7,3206,19,2017-11-26 07:39:00.0,vSensor2
b4a34b7f-1c14-42db-afaa-f06eed69265e,2011,36,2017-11-26 07:39:00.0,vSensor2
b4b2b6ed-b5a9-4138-b63a-5709a92fb577,3202,31,2017-11-26 07:39:00.0,vSensor2
b556afda-2a40-4350-aa05-268020b52cac,5100_6,1,2017-11-26 07:39:00.0,vSensor2
b55fdaa8-0b25-415f-bef0-78536b4f2e09,2048,96,2017-11-26 07:39:00.0,vSensor2
b5a5cd06-f5af-4e70-83d9-763c95609b42,3032,80,2017-11-26 07:39:00.0,vSensor2
b630ff73-1635-4a24-ac04-8440becd473f,4208,82,2017-11-26 07:39:00.0,vSensor2
b7d77a4e-2292-4447-8a0f-a1928f578c82,2212,68,2017-11-26 07:39:00.0,vSensor2
b88311ba-66f6-4bcc-b5ff-47b2f9299002,2066,50,2017-11-26 07:39:00.0,vSensor2
b88c4367-b9e9-4624-ae32-2e29dcb565ed,5051,55,2017-11-26 07:39:00.0,vSensor2
b8dbb422-7147-4192-b148-e9414b2f3726,6218,31,2017-11-26 07:39:00.0,vSensor2
b95455ad-2a06-4f80-97cc-50a3f61946fa,5100_2,12,2017-11-26 07:39:00.0,vSensor2
b9a717bf-fd6c-4288-97be-62f8843beaa3,2204,54,2017-11-26 07:39:00.0,vSensor2
bc6c8b8e-c9a1-4f3f-b24a-e7ed5d1313c2,3226,1,2017-11-26 07:39:00.0,vSensor2
c01392c0-9835-4f92-8988-274a7b246930,4100_10,55,2017-11-26 07:39:00.0,vSensor2
c147289d-fef4-4a7d-96a7-d4f79f089dbc,5068,15,2017-11-26 07:39:00.0,vSensor2
c16d39f3-48d0-4d7b-bd2b-fa0fb84eda3e,5072,20,2017-11-26 07:39:00.0,vSensor2
c1fb691f-b204-4df1-9a19-6ae38e6fd31a,3029,23,2017-11-26 07:39:00.0,vSensor2
c415b1b0-729f-46ef-8772-fd068a99fec8,4100_6,76,2017-11-26 07:39:00.0,vSensor2
c47b78da-58cb-447e-b4fc-1ba86e6be5ad,2092,64,2017-11-26 07:39:00.0,vSensor2
c56c0372-ec86-4da0-a91a-8db7a6c71d12,2226,17,2017-11-26 07:39:00.0,vSensor2
c5bd8f0a-364a-4dd3-a995-8ed904552f2b,1425,75,2017-11-26 07:39:00.0,vSensor2
c5c6e894-3df4-453a-93b7-cba8b58f9e09,3100_7,5,2017-11-26 07:39:00.0,vSensor2
c73e6472-eaca-4c3b-8960-83cf55b42667,6076,42,2017-11-26 07:39:00.0,vSensor2
c840de3f-e138-42cb-b350-caeb5717a49f,6046,83,2017-11-26 07:39:00.0,vSensor2
c9d047b5-9445-4c48-833e-2c24629374c1,5216,19,2017-11-26 07:39:00.0,vSensor2
cbdb7d17-08ec-4ba9-84e7-e68a45d0ad13,1200,22,2017-11-26 07:39:00.0,vSensor2
cbe4bd63-dff3-4a2b-9dfb-4cac79723149,2100_10,31,2017-11-26 07:39:00.0,vSensor2
cbe7518b-ca8d-4448-8058-4b2c8eee3df8,4100_7,34,2017-11-26 07:39:00.0,vSensor2
cd2467fc-98ca-4806-a20d-0078d7463de4,4211,78,2017-11-26 07:39:00.0,vSensor2
cd28a017-b24f-49d2-9255-eec41ae46c6d,6213,39,2017-11-26 07:39:00.0,vSensor2
cd72b189-1667-4935-bff1-7b41e58d713b,5011,29,2017-11-26 07:39:00.0,vSensor2
cda4f9ae-c5e7-4406-9206-2eee78bc99c3,4214,34,2017-11-26 07:39:00.0,vSensor2
cf054282-0c02-467a-8b67-efb10ee5ab91,3208,38,2017-11-26 07:39:00.0,vSensor2
cfdcc5e7-8892-4565-9943-1dd2bb8aed99,5100_10,21,2017-11-26 07:39:00.0,vSensor2
d14ced74-44f7-4957-9d34-fad566ce7a74,2004,46,2017-11-26 07:39:00.0,vSensor2
d2257f97-a2de-4c53-ac40-071f97734865,4069,53,2017-11-26 07:39:00.0,vSensor2
d2466dd8-4598-4142-a252-d12e15ef61cc,4066,41,2017-11-26 07:39:00.0,vSensor2
d27cdec5-1307-41cc-a539-4e1742e0c187,3038,93,2017-11-26 07:39:00.0,vSensor2
d5425d4e-c163-4399-8929-8f4689073e6f,5099,58,2017-11-26 07:39:00.0,vSensor2
d5b584f9-43e6-4f4a-9799-df7c4ba74a4e,5100_4,15,2017-11-26 07:39:00.0,vSensor2
d5dc51a7-8cea-4db0-9c2c-2dc9c030771f,2100_6,34,2017-11-26 07:39:00.0,vSensor2
d673168d-8447-478f-8510-913c8b0fae48,6026,68,2017-11-26 07:39:00.0,vSensor2
d6d021d7-2d60-4611-a255-6c4bfa7931a6,4092,57,2017-11-26 07:39:00.0,vSensor2
d7b0eba9-2b92-47d0-af2a-4c352d6302c9,3086,41,2017-11-26 07:39:00.0,vSensor2
d7fb5051-e783-4505-b49a-bc8cde7e4b8c,5100_7,80,2017-11-26 07:39:00.0,vSensor2
d87667d5-2112-4634-82f2-0c307405935f,4042,40,2017-11-26 07:39:00.0,vSensor2
d87b4c46-a3d2-4dcf-98ee-22165d53c52f,4061,69,2017-11-26 07:39:00.0,vSensor2
d8bdf358-2a14-4bf0-bc92-8715623fcecb,5100_5,52,2017-11-26 07:39:00.0,vSensor2
da23fc9e-4d5a-45a6-a0d2-97989c157b62,2091,18,2017-11-26 07:39:00.0,vSensor2
daa47662-8277-405c-8acf-8bb4be592bc5,6019,77,2017-11-26 07:39:00.0,vSensor2
db2da5d1-b1ce-4161-98f6-447becfb8041,1429,62,2017-11-26 07:39:00.0,vSensor2
db31b7dd-f964-4cae-95d8-b94043d0d92d,3051,75,2017-11-26 07:39:00.0,vSensor2
db7e1cab-471d-4a01-b1eb-6368a0f790d9,6092,84,2017-11-26 07:39:00.0,vSensor2
dc30e2bc-2511-4271-881b-28193a175724,4224,20,2017-11-26 07:39:00.0,vSensor2
dc50cef6-3ba3-46f7-873a-eb0bddbfb684,2054,57,2017-11-26 07:39:00.0,vSensor2
dcb5f7a6-18bc-44c0-86c5-90b520674b3f,6072,42,2017-11-26 07:39:00.0,vSensor2
dccd75ec-f15f-4b67-909b-fc83b7edac05,3084,78,2017-11-26 07:39:00.0,vSensor2
dcd02ce9-fa8f-41b1-9548-50030c4d8228,5044,48,2017-11-26 07:39:00.0,vSensor2
dd3633fe-ac1e-44f4-b00f-131c36fa4957,2209,63,2017-11-26 07:39:00.0,vSensor2
ddf2cedb-b576-4de8-a876-1fd5e7521898,3100_9,60,2017-11-26 07:39:00.0,vSensor2
de72f9d1-bf1b-41cb-ae81-c1e0275607ad,6219,15,2017-11-26 07:39:00.0,vSensor2
e1ebf923-f2e3-4717-9b99-b37f509a2f24,2243,54,2017-11-26 07:39:00.0,vSensor2
e5633789-f4c5-4b74-9bc5-c19bd4cc1b6a,5206,9,2017-11-26 07:39:00.0,vSensor2
e600a753-5382-4f7f-9d5b-a6d552016918,4222,30,2017-11-26 07:39:00.0,vSensor2
ea0ecd8b-174d-4f78-bc43-f17f73cb7b2f,5086,45,2017-11-26 07:39:00.0,vSensor2
ea4dff18-9391-4da0-a032-a4e199b796cc,2002,5,2017-11-26 07:39:00.0,vSensor2
eaaf2783-6cae-4121-84d1-8625fe0050ce,6013,21,2017-11-26 07:39:00.0,vSensor2
eaba2226-045b-445f-9944-28323e1f8338,2222,15,2017-11-26 07:39:00.0,vSensor2
eb30c7fb-87ae-407a-9c7e-94954594cddc,5074,83,2017-11-26 07:39:00.0,vSensor2
eb3e47e8-385f-4b6c-a4e2-5ddb4caaddca,5100_8,40,2017-11-26 07:39:00.0,vSensor2
eb93b7e6-0e3b-46a9-8068-f42b2b246ebe,3221,21,2017-11-26 07:39:00.0,vSensor2
ec1a84cd-6d87-48db-bb5c-8f987e3a747e,3231,69,2017-11-26 07:39:00.0,vSensor2
ec8cd3a2-ba1f-430d-b3a4-0fbc364bbc47,4028,25,2017-11-26 07:39:00.0,vSensor2
ece1fdf7-a90d-4f85-a9cc-a2599d9d5caa,3074,15,2017-11-26 07:39:00.0,vSensor2
ee10b13d-2b23-42c8-bb24-e0c0f4dd8366,4076,24,2017-11-26 07:39:00.0,vSensor2
ef301c5a-cc27-4662-be69-639f5d8ea35e,5208,30,2017-11-26 07:39:00.0,vSensor2
f0b34391-bf95-4590-b317-b00dfe204a26,2059,72,2017-11-26 07:39:00.0,vSensor2
f11db68d-d73e-407e-850b-a4f937154605,3076,86,2017-11-26 07:39:00.0,vSensor2
f1a0fe87-4374-4a8a-9ad1-375b0bb61ee6,1428,21,2017-11-26 07:39:00.0,vSensor2
f2b6eda9-5ba7-4b8c-8cf5-4d5af6a569e4,4048,12,2017-11-26 07:39:00.0,vSensor2
f3b5b2da-2781-416b-a679-b4fcecf6c1c0,3068,53,2017-11-26 07:39:00.0,vSensor2
f74204c1-bd70-408d-a5b7-fa13337b1fc4,4232,0,2017-11-26 07:39:00.0,vSensor2
f75a785d-3999-469c-a42e-5d40a385102c,3069,11,2017-11-26 07:39:00.0,vSensor2
f860b29e-c86f-4155-a37a-847405c88454,2208,98,2017-11-26 07:39:00.0,vSensor2
f89f2ec0-2af6-4f7c-b6a3-aff17d6a6f5d,5088,90,2017-11-26 07:39:00.0,vSensor2
f981dfed-8daa-4051-898f-4347ae5bc528,4100_1,74,2017-11-26 07:39:00.0,vSensor2
f9bfbb8c-e292-4719-993d-33be20813e64,5224,83,2017-11-26 07:39:00.0,vSensor2
fa779448-6416-4c26-8cfa-ce5ef5d91ccf,6056,68,2017-11-26 07:39:00.0,vSensor2
fad81683-fe37-47bf-b3f3-9dc17409fb0a,2214,65,2017-11-26 07:39:00.0,vSensor2
fba7e9c7-5167-491b-94df-7297034819ce,5243,100,2017-11-26 07:39:00.0,vSensor2
fbf5806e-a586-4035-8a19-dc1a911f4dfa,3004,35,2017-11-26 07:39:00.0,vSensor2
fc1d6567-0586-4363-ba47-82009be3c9ba,2234,26,2017-11-26 07:39:00.0,vSensor2
ff041486-a3d2-4459-a304-20675ad6b49d,3061,4,2017-11-26 07:39:00.0,vSensor2
