00747977-2fc7-4dca-8673-3273944b97ae,4100_3,11,2017-11-26 20:06:00.0,vSensor2
012df1ec-4132-4e56-9339-77daf7a2bb12,4221,84,2017-11-26 20:06:00.0,vSensor2
031da8c8-e829-4880-b691-d98132346724,3100_6,29,2017-11-26 20:06:00.0,vSensor2
0362e849-87cd-4b98-825c-4af2d8d160ca,2064,80,2017-11-26 20:06:00.0,vSensor2
0384dac6-4540-4884-8d6c-aea98da59f22,3100_8,17,2017-11-26 20:06:00.0,vSensor2
05c629ee-7d17-434c-a6d3-38d07eca05c4,2068,86,2017-11-26 20:06:00.0,vSensor2
068773f6-b316-444f-96ef-b929e007bc62,2052,3,2017-11-26 20:06:00.0,vSensor2
06990726-d7e2-4204-8d05-4d36ba1ea710,1431,44,2017-11-26 20:06:00.0,vSensor2
06afdd78-2725-4859-bd76-cdf6e7338592,3081,73,2017-11-26 20:06:00.0,vSensor2
06f79ea0-6f93-49dd-b6a5-94c4db26fed0,1423,57,2017-11-26 20:06:00.0,vSensor2
07a8f647-5ef2-4074-80f0-d544a714ce10,2059,63,2017-11-26 20:06:00.0,vSensor2
08465f2d-7440-4751-a8df-a9aebd1c1dbb,2062,34,2017-11-26 20:06:00.0,vSensor2
0977c59c-b96e-4681-864e-86e308189bdd,4231,91,2017-11-26 20:06:00.0,vSensor2
09be5e7e-6373-42ae-a45b-e0ff1ed3e891,5100_9,19,2017-11-26 20:06:00.0,vSensor2
0a109fc8-ab22-4863-9e2b-0772df9855e9,4008,44,2017-11-26 20:06:00.0,vSensor2
0b01570c-4da8-4e05-a69e-3a1435451faa,2074,63,2017-11-26 20:06:00.0,vSensor2
0c34d112-1faf-4ad7-88fe-433ed97f8850,4042,100,2017-11-26 20:06:00.0,vSensor2
0c582265-757b-43d7-9194-4abc52703702,5074,99,2017-11-26 20:06:00.0,vSensor2
0cfe30ab-2484-4e4e-875c-d401f62dfecf,3088,71,2017-11-26 20:06:00.0,vSensor2
0dfc57b8-398c-4055-b631-c6745014ae95,3029,26,2017-11-26 20:06:00.0,vSensor2
0e697c80-18e0-41f5-9ccb-679884df2f72,2100_5,90,2017-11-26 20:06:00.0,vSensor2
0e707411-0b97-4cf6-9b0e-8895db84d4e6,4056,99,2017-11-26 20:06:00.0,vSensor2
0f06ae2c-c1c0-4f00-93ac-544216d888e3,4100_1,31,2017-11-26 20:06:00.0,vSensor2
0f2ea929-b288-4767-89e3-2f790a43eeb3,6028,10,2017-11-26 20:06:00.0,vSensor2
10fc49b8-bdaa-40ec-84ca-3dae3c570ab7,5214,28,2017-11-26 20:06:00.0,vSensor2
122962ac-7117-44ee-aa29-c3ffcbfbf37c,5054,29,2017-11-26 20:06:00.0,vSensor2
1405b7cf-aa7c-433b-a533-bf90fe429dde,6042,73,2017-11-26 20:06:00.0,vSensor2
14c9c9f7-c7ff-4483-af94-0908311941ae,2004,0,2017-11-26 20:06:00.0,vSensor2
14ecea67-21e6-4e45-8d99-198aadb0d0f3,2072,14,2017-11-26 20:06:00.0,vSensor2
1527565f-b9d9-43cc-a076-167fce538405,2204,55,2017-11-26 20:06:00.0,vSensor2
1544c3ec-cf09-465a-a391-24f754a75c89,6019,69,2017-11-26 20:06:00.0,vSensor2
15f73730-81d9-458f-8472-2f9219d60ebc,5028,1,2017-11-26 20:06:00.0,vSensor2
183d61eb-18c0-4ac9-b7e1-e544f7b83dad,5216,35,2017-11-26 20:06:00.0,vSensor2
18818ca4-3842-49b0-b0c3-f257d74fef68,5062,87,2017-11-26 20:06:00.0,vSensor2
19ab719d-0303-4ebd-98b7-0aaccc293905,3100_2,100,2017-11-26 20:06:00.0,vSensor2
1c45afa2-47d7-422b-bb55-26d835ab8df9,5029,55,2017-11-26 20:06:00.0,vSensor2
1c4efff2-8682-481c-a348-ea0f47f19c2e,4226,44,2017-11-26 20:06:00.0,vSensor2
1c501d9a-b9f6-4031-97e4-c77e4c41032b,3211,63,2017-11-26 20:06:00.0,vSensor2
1c879455-269a-4ed9-8e99-e7f0c1fe87e3,4241,15,2017-11-26 20:06:00.0,vSensor2
1cafdfd2-3a12-445d-a685-d93fbcbd4ada,6213,64,2017-11-26 20:06:00.0,vSensor2
1cbbd14b-47d5-4071-bbd2-ce2322792b5e,2002,21,2017-11-26 20:06:00.0,vSensor2
1d603a08-7c35-4abf-b67e-fd9d519974cc,2100_10,99,2017-11-26 20:06:00.0,vSensor2
1e0add21-70c2-4917-bc31-a0048d99aeb6,3231,31,2017-11-26 20:06:00.0,vSensor2
2075687a-2cf4-4221-aa58-661e6f9cf890,2224,20,2017-11-26 20:06:00.0,vSensor2
20ef13f3-70e4-4582-8684-fb5822ce43d7,5059,100,2017-11-26 20:06:00.0,vSensor2
2197f2c2-008c-4fd5-8f6a-dd79dc66048f,5219,0,2017-11-26 20:06:00.0,vSensor2
22334654-60cc-4638-a3ed-895ce2a87ffb,3086,18,2017-11-26 20:06:00.0,vSensor2
230ea4f6-5d3c-4096-b53a-5f95dc1591e7,6044,11,2017-11-26 20:06:00.0,vSensor2
233cc044-71b3-4e2b-93c9-9d0f625e61d5,1100,36,2017-11-26 20:06:00.0,vSensor2
239cb2e7-3fa1-45a9-889e-2a5279a5819d,3038,79,2017-11-26 20:06:00.0,vSensor2
24130402-5158-4690-b378-6fa1f9edb5b5,3082,19,2017-11-26 20:06:00.0,vSensor2
249fc9b2-69f6-48e7-b0b6-8f96ed0f3efd,3232,61,2017-11-26 20:06:00.0,vSensor2
24b2f79f-ce31-4ea5-b498-a6366db1de29,1600,11,2017-11-26 20:06:00.0,vSensor2
24cca762-15b5-4bbc-9c14-e97b12fb0235,2100_1,67,2017-11-26 20:06:00.0,vSensor2
24e1d63d-6373-4db7-9cf8-0b654555bdee,5100_7,6,2017-11-26 20:06:00.0,vSensor2
24ff8509-2286-4871-8035-080eefc8d4a7,5088,71,2017-11-26 20:06:00.0,vSensor2
2538255b-18fd-4dad-8785-d438184dbd98,4064,38,2017-11-26 20:06:00.0,vSensor2
26238ee6-8965-407f-b9df-90472e10a2bc,2082,88,2017-11-26 20:06:00.0,vSensor2
265e4185-1b67-460c-b8cb-a1fa2b6fb6d5,3209,6,2017-11-26 20:06:00.0,vSensor2
2751b61a-3b71-4616-96f7-895376442857,5100_8,85,2017-11-26 20:06:00.0,vSensor2
27d5e745-6b60-40a1-8d08-5fb1454c8420,5221,67,2017-11-26 20:06:00.0,vSensor2
2a9d410b-c0f5-4391-ad44-5e614fdb0e07,3074,12,2017-11-26 20:06:00.0,vSensor2
2aa99d4b-36e3-4da4-a355-f8090c401ead,4074,30,2017-11-26 20:06:00.0,vSensor2
2adfa6b1-035b-42d2-b5b8-d076310f5cba,4052,93,2017-11-26 20:06:00.0,vSensor2
2b40e8f4-fe3f-4c35-918e-bd3af7c2ae2a,4100_7,28,2017-11-26 20:06:00.0,vSensor2
2c2c4a5e-c9bd-44bb-abcc-28e583a0a00e,2089,7,2017-11-26 20:06:00.0,vSensor2
2da8e0f1-02fc-44a8-8d14-185139fe8602,3219,82,2017-11-26 20:06:00.0,vSensor2
2e047118-4a9c-4fee-878d-fad6ebc09f2a,5039,57,2017-11-26 20:06:00.0,vSensor2
2e1ca9ec-7825-4ecc-9a1a-b273994f315a,3059,91,2017-11-26 20:06:00.0,vSensor2
2e9071da-1fe9-4df9-b144-babc41dc0a5b,5099,39,2017-11-26 20:06:00.0,vSensor2
2ee77c1c-13eb-45b3-845b-c6bb80baa1d3,3212,32,2017-11-26 20:06:00.0,vSensor2
2f357d4a-4973-409f-84c6-4c64ba9515ca,3221,75,2017-11-26 20:06:00.0,vSensor2
2fa936fa-5602-464a-8f25-136e326242de,2066,55,2017-11-26 20:06:00.0,vSensor2
31330292-0790-43d7-9386-f9317ad8a4e5,4029,80,2017-11-26 20:06:00.0,vSensor2
31f44c57-27da-45f8-b413-62a42e61dbfa,2011,4,2017-11-26 20:06:00.0,vSensor2
329510d2-9530-4ac2-bd63-7890c506318f,3214,2,2017-11-26 20:06:00.0,vSensor2
33078611-5966-46f1-8d84-a32a956b83e6,2051,98,2017-11-26 20:06:00.0,vSensor2
33c7f1f1-a12b-43ba-9ed3-c2b86b8f6ceb,4038,83,2017-11-26 20:06:00.0,vSensor2
33e3bd8b-fc0b-4c34-8c46-1fd4a0321976,2231,58,2017-11-26 20:06:00.0,vSensor2
3473f8a2-4701-4fef-969f-e790d74b2635,3064,35,2017-11-26 20:06:00.0,vSensor2
35128d41-04a4-4fcc-bf31-4f0928bb8359,4212,85,2017-11-26 20:06:00.0,vSensor2
35e76fac-7a84-4f07-8203-7a5223a1672d,6062,8,2017-11-26 20:06:00.0,vSensor2
383ef8d4-45e2-4c08-80d6-953c0d11b5ab,4232,18,2017-11-26 20:06:00.0,vSensor2
39182de3-ece4-4f69-86da-ca782355db0a,4058,2,2017-11-26 20:06:00.0,vSensor2
3a501591-ec86-4c5d-9656-6e4838ca59d9,5026,61,2017-11-26 20:06:00.0,vSensor2
3ae98679-2aa2-4949-bcbb-f3bdaa6fa7cd,6074,96,2017-11-26 20:06:00.0,vSensor2
3f959f63-e9f2-4cdc-816c-52144db25474,5084,85,2017-11-26 20:06:00.0,vSensor2
4282049c-2c4d-48bc-a0f8-4b0d8a345134,3052,57,2017-11-26 20:06:00.0,vSensor2
433ca8c7-67b9-4603-a78c-7e5369ffed37,3100_4,52,2017-11-26 20:06:00.0,vSensor2
43e663f7-e76e-4c5a-9f7b-cc09c69b2f7d,2032,47,2017-11-26 20:06:00.0,vSensor2
45698671-29f3-42c1-9c8e-36438cebb892,3002,34,2017-11-26 20:06:00.0,vSensor2
458bb132-21fb-4d54-bd35-06ee7c271a10,4061,4,2017-11-26 20:06:00.0,vSensor2
461e8eb7-7e48-455e-b8b1-1b4af82a84ac,1434,20,2017-11-26 20:06:00.0,vSensor2
463b2e98-76e7-46bc-bbc8-b5260b47314c,2076,91,2017-11-26 20:06:00.0,vSensor2
4724b02b-a16b-4fe2-b790-9e92e075f752,3072,32,2017-11-26 20:06:00.0,vSensor2
47f3ae26-a16a-40ab-a46c-e38dc3289197,6084,85,2017-11-26 20:06:00.0,vSensor2
48a03828-b64e-483c-9ec5-78cd6601359c,3066,40,2017-11-26 20:06:00.0,vSensor2
48bf92dc-0eb2-460e-b26a-cada966ed5a1,2058,84,2017-11-26 20:06:00.0,vSensor2
4a4144ee-0a7d-48bc-8f45-35ca5d1149fc,2065,10,2017-11-26 20:06:00.0,vSensor2
4c2369dc-a777-4a0c-b935-9aef54450092,2208,15,2017-11-26 20:06:00.0,vSensor2
4c6a9f9f-4578-4e33-b6a3-e8871f42f6fa,2221,97,2017-11-26 20:06:00.0,vSensor2
4d439da1-f067-4715-b43c-e8c43cfbf282,6039,41,2017-11-26 20:06:00.0,vSensor2
4e41795a-1b11-4960-867a-aa27e07db2aa,3026,82,2017-11-26 20:06:00.0,vSensor2
4e6115aa-3634-4434-a851-0f246a76070f,3100_1,0,2017-11-26 20:06:00.0,vSensor2
4f787f29-921d-4305-a561-0e0c0349d204,6011,13,2017-11-26 20:06:00.0,vSensor2
52f0e08f-a50c-4e3d-a6ec-7a236f593856,4062,25,2017-11-26 20:06:00.0,vSensor2
530bb197-851c-4c89-9fb1-7c01270f219f,2206,15,2017-11-26 20:06:00.0,vSensor2
54106857-6c9f-48c6-becc-bd0bfd3f7959,5100_6,85,2017-11-26 20:06:00.0,vSensor2
54497372-8026-431c-9fad-28a42a7450f2,2234,40,2017-11-26 20:06:00.0,vSensor2
544cb849-bbc8-4692-a94d-3d0213037418,5056,25,2017-11-26 20:06:00.0,vSensor2
5507af11-afcb-4da3-b16c-78a05d651a89,6026,48,2017-11-26 20:06:00.0,vSensor2
562eb8fa-40e2-4753-8260-4bf6c52a470d,4002,99,2017-11-26 20:06:00.0,vSensor2
566e1d61-dc4d-4db3-948d-af90b72f8ad3,5013,15,2017-11-26 20:06:00.0,vSensor2
579a7cdc-c394-446b-ab8c-d01a75664a55,3008,6,2017-11-26 20:06:00.0,vSensor2
58776f02-0df1-428b-af1d-76b8b49b8e2a,2099,59,2017-11-26 20:06:00.0,vSensor2
58c1ff11-433b-43fc-9a9e-ca04ad84837b,1412,58,2017-11-26 20:06:00.0,vSensor2
597d5434-4dec-4b08-83e7-13fdc746b653,3076,4,2017-11-26 20:06:00.0,vSensor2
5a5a57b4-a64a-413c-b10a-d5528482a8af,4011,36,2017-11-26 20:06:00.0,vSensor2
5a8d62b3-65d7-457f-82a0-6facd508d8ce,4202,5,2017-11-26 20:06:00.0,vSensor2
5b9998bf-1c58-4d62-bd2b-8fbb0c4af8eb,2226,22,2017-11-26 20:06:00.0,vSensor2
5c09016c-8bf1-4d28-bab4-1b40799a8d31,2092,62,2017-11-26 20:06:00.0,vSensor2
5e25727f-fc9b-4541-bbf7-c3b52d679046,5068,95,2017-11-26 20:06:00.0,vSensor2
5ea603b6-d1b4-47a7-9787-c7c364ef3b56,3100_3,98,2017-11-26 20:06:00.0,vSensor2
5f3092de-e0b9-4844-aeaf-25dc342d5d33,6082,79,2017-11-26 20:06:00.0,vSensor2
60ba7339-b602-4c0f-afaa-1e569d6e52c3,6212,61,2017-11-26 20:06:00.0,vSensor2
6154da79-7577-496f-95e9-4cee31f1c2cd,2086,60,2017-11-26 20:06:00.0,vSensor2
61a30a8c-1eb0-4e02-930e-a852847567eb,5011,13,2017-11-26 20:06:00.0,vSensor2
62c44361-0357-4e6a-9349-c84dff51fae0,3100_7,73,2017-11-26 20:06:00.0,vSensor2
632c2b72-0f66-42b9-8a54-c1f92da6333c,3011,46,2017-11-26 20:06:00.0,vSensor2
6391ffa0-6ca9-40fb-ba14-6cce5a4f72d7,2100_4,91,2017-11-26 20:06:00.0,vSensor2
652012b9-7bca-44a2-81b5-1e2f243be8d0,5004,25,2017-11-26 20:06:00.0,vSensor2
65755e23-4d3b-4f0f-8de7-6e8532df4bf5,4076,89,2017-11-26 20:06:00.0,vSensor2
66430eb3-4e41-457e-aa37-4d6a2c5025fc,1406,56,2017-11-26 20:06:00.0,vSensor2
66c6e113-d796-4b6d-9367-d85dbd3064fc,6046,95,2017-11-26 20:06:00.0,vSensor2
66c9a9d8-a2b9-4557-86ef-e84a3b351fd4,5089,4,2017-11-26 20:06:00.0,vSensor2
66d71d43-5eaf-4c76-a6e2-b8fe378e5c0a,3092,30,2017-11-26 20:06:00.0,vSensor2
66f902d5-7f91-4d8f-800c-355b28b02968,2084,40,2017-11-26 20:06:00.0,vSensor2
679b53a3-41b6-411d-811b-b85910333c0d,5042,9,2017-11-26 20:06:00.0,vSensor2
68ed71cd-3fd7-46ee-b9bd-138e8b83ae4e,2202,49,2017-11-26 20:06:00.0,vSensor2
6a9896ec-e86d-484f-bd31-4739942ac568,6215,50,2017-11-26 20:06:00.0,vSensor2
6b39cefd-03b6-488b-a5d7-66005a3d99e8,3234,46,2017-11-26 20:06:00.0,vSensor2
6b7926fa-086c-413b-8d61-ec167870caa7,4081,17,2017-11-26 20:06:00.0,vSensor2
6b7a4d16-a7d9-476b-b032-378d2135a1f6,2044,21,2017-11-26 20:06:00.0,vSensor2
6cbf8e25-d3fe-40ee-8527-e505ee1ed834,3202,55,2017-11-26 20:06:00.0,vSensor2
6f05f8b4-2143-4829-b615-f86aa2c3f9ea,4208,56,2017-11-26 20:06:00.0,vSensor2
6f12afc2-3df6-4275-a9f9-ee2f92d9fbd7,4100_9,97,2017-11-26 20:06:00.0,vSensor2
6f456454-2860-4c90-8aff-19b1fb77c250,5086,14,2017-11-26 20:06:00.0,vSensor2
6ff3cf1b-06f4-4a4c-a21e-7d0fc523423a,4219,60,2017-11-26 20:06:00.0,vSensor2
7329fb73-fd45-4d70-b040-ec84509477dc,3206,40,2017-11-26 20:06:00.0,vSensor2
73ead93f-69d4-41c7-95d1-25ab53ff867b,1420,29,2017-11-26 20:06:00.0,vSensor2
7530cfc8-28e3-4e48-93f2-c22ec0bf9738,2241,85,2017-11-26 20:06:00.0,vSensor2
7544488b-db47-4aa7-b488-def17514f548,5241,85,2017-11-26 20:06:00.0,vSensor2
7631c05e-add0-48e1-8444-867bcb458f3b,5058,51,2017-11-26 20:06:00.0,vSensor2
76506bea-cf32-451d-822f-058a94cf0245,4214,95,2017-11-26 20:06:00.0,vSensor2
776b886e-74fc-40c8-bf68-3dccef1dc7c7,5066,68,2017-11-26 20:06:00.0,vSensor2
784c66c7-432e-47cd-90d6-fdee4d7c0cbf,4100_5,91,2017-11-26 20:06:00.0,vSensor2
78744a57-ad6f-41d5-bc44-953c49e25638,6218,15,2017-11-26 20:06:00.0,vSensor2
7992569a-be76-4bdb-9058-eea9187928cc,5051,53,2017-11-26 20:06:00.0,vSensor2
7a3dd7f3-c1e4-41b1-ac74-bf4a9964e5f7,2026,88,2017-11-26 20:06:00.0,vSensor2
7b512d26-b434-45ee-9c70-9fb3d6aa5d5a,1200,21,2017-11-26 20:06:00.0,vSensor2
7bd7fc62-7288-49e9-bc49-011c1b025dec,5100_4,93,2017-11-26 20:06:00.0,vSensor2
7cf5297e-dead-45a4-94e3-e708ea8cad1b,5222,67,2017-11-26 20:06:00.0,vSensor2
7d0bbf96-9cf3-4991-af81-aff7140d158d,4019,89,2017-11-26 20:06:00.0,vSensor2
7d4986bb-8917-46b8-bbcb-6d494c09e631,1427,13,2017-11-26 20:06:00.0,vSensor2
7e932e69-502b-4bab-8854-0f6f628b4bfd,5048,39,2017-11-26 20:06:00.0,vSensor2
7eb36ff5-cc5d-4e7c-83eb-7fd133d4fa98,2243,54,2017-11-26 20:06:00.0,vSensor2
7fd6b40c-17e9-4cbb-8dea-03d305d59529,4013,19,2017-11-26 20:06:00.0,vSensor2
80f78d26-529c-4abd-b6ac-11f254f43ec2,3062,49,2017-11-26 20:06:00.0,vSensor2
81c884c0-aa58-4777-9c2d-e73baa726813,5072,38,2017-11-26 20:06:00.0,vSensor2
81e5cd6d-fd13-4414-b8a0-9d78562b5fb4,2100_3,100,2017-11-26 20:06:00.0,vSensor2
821c603a-c36d-4664-b24b-5b288ebc5c29,3099,2,2017-11-26 20:06:00.0,vSensor2
824fabb6-8e92-49ff-bd9f-081e2ea09b96,5232,36,2017-11-26 20:06:00.0,vSensor2
8380646b-005f-499e-adf4-0a00f4670dc4,5008,49,2017-11-26 20:06:00.0,vSensor2
8387161e-60fa-4849-b7bf-307714d13e43,5202,5,2017-11-26 20:06:00.0,vSensor2
8478487f-9428-41a6-a587-154c436d84e2,2100_2,54,2017-11-26 20:06:00.0,vSensor2
86477971-abf0-4daf-9c43-dc5067b17469,1413,22,2017-11-26 20:06:00.0,vSensor2
86b4feac-efaf-4cba-a9e6-a2a4a04781a3,4084,66,2017-11-26 20:06:00.0,vSensor2
86ce9c0a-d0a8-4dcb-956d-e2ad7f06e750,5032,27,2017-11-26 20:06:00.0,vSensor2
873ad1c9-deae-492e-84bf-4e38dfce50cb,5206,4,2017-11-26 20:06:00.0,vSensor2
89409ea0-c894-4049-88e2-be7674cff090,1433,53,2017-11-26 20:06:00.0,vSensor2
8b9c3c66-66c8-4159-9997-f062c897bfc3,1500,13,2017-11-26 20:06:00.0,vSensor2
8bf0896e-589a-42bb-ba70-20cacee8893b,3044,75,2017-11-26 20:06:00.0,vSensor2
8c617cd4-ad6f-40f3-9cfb-0c7a602f841a,3065,20,2017-11-26 20:06:00.0,vSensor2
8d46d265-9cbb-4c64-9fc3-5ef03469fd01,2048,79,2017-11-26 20:06:00.0,vSensor2
8d4e3884-5259-4bfc-a823-63479845f6ed,3042,48,2017-11-26 20:06:00.0,vSensor2
8da5572c-a8ec-4e9e-9d5a-54ce566be0de,6024,70,2017-11-26 20:06:00.0,vSensor2
8e11cdf2-cbae-4f88-8018-cd4a05e953b7,2228,0,2017-11-26 20:06:00.0,vSensor2
8e296f6b-66ef-4be6-af30-5ccf44f75f8e,1300,38,2017-11-26 20:06:00.0,vSensor2
8f6e9230-e047-45cf-a741-15f305502bf7,4224,59,2017-11-26 20:06:00.0,vSensor2
90caef5f-164f-433f-bda8-a28faf6d1585,4100_8,89,2017-11-26 20:06:00.0,vSensor2
911558e0-cbde-4e70-af2e-8cee54876dca,4206,88,2017-11-26 20:06:00.0,vSensor2
925657f4-3ed4-41de-b0f7-812a665609dc,4204,0,2017-11-26 20:06:00.0,vSensor2
9257af78-e87a-4aa2-998d-f2f45e1b1415,3068,92,2017-11-26 20:06:00.0,vSensor2
92d7edcc-b5dd-4c9b-9cc2-5aa2065ecd56,5091,87,2017-11-26 20:06:00.0,vSensor2
9414a6b6-d411-4df3-bc8d-fdca0cfb5a46,6049,27,2017-11-26 20:06:00.0,vSensor2
97478522-1153-4573-9025-8c4d5b497dc2,4066,1,2017-11-26 20:06:00.0,vSensor2
9767f2f5-404e-4698-9705-bd5debd2e5fc,5100_10,8,2017-11-26 20:06:00.0,vSensor2
97d02c83-544d-4c6d-9179-39a843142561,3048,83,2017-11-26 20:06:00.0,vSensor2
97f58044-a342-4d9a-9fb1-7980c692487c,2232,49,2017-11-26 20:06:00.0,vSensor2
98997437-4780-4257-81d5-e9092f47fb27,3241,7,2017-11-26 20:06:00.0,vSensor2
98c2df32-5a60-4634-ada7-27e075291795,4088,43,2017-11-26 20:06:00.0,vSensor2
9926fef4-da4c-4ed5-ac8d-14a918b68b01,3019,80,2017-11-26 20:06:00.0,vSensor2
99ceeff0-2225-4642-a74d-6f4e3f2c70a0,4089,65,2017-11-26 20:06:00.0,vSensor2
99e8f2f6-d6c3-4df1-a6ba-9827edc7b848,2029,26,2017-11-26 20:06:00.0,vSensor2
9a173aa5-dd7e-4e8a-96d6-44933125f27b,4091,72,2017-11-26 20:06:00.0,vSensor2
9d1ef114-e775-4fa8-9120-8042061a87dc,4048,29,2017-11-26 20:06:00.0,vSensor2
9d1fc7ca-ba66-481f-b878-002f87245034,6076,33,2017-11-26 20:06:00.0,vSensor2
9d8eb28b-f146-4c8b-8440-f76e00b827e7,5243,33,2017-11-26 20:06:00.0,vSensor2
9dc34802-0293-45fe-bceb-dfe778dc1777,4099,36,2017-11-26 20:06:00.0,vSensor2
9ef35bf6-430b-4509-8a4f-fd2e2e23f1a6,5100_3,13,2017-11-26 20:06:00.0,vSensor2
9f2aaaf4-f01d-4adc-9c15-c0c9e76e55c1,3004,22,2017-11-26 20:06:00.0,vSensor2
9f3832c6-e074-4ed8-8a63-59d4a08328d7,4209,42,2017-11-26 20:06:00.0,vSensor2
9f64671f-b17f-410a-9623-ca49a43da93d,6066,40,2017-11-26 20:06:00.0,vSensor2
9ff174dd-9cd4-4bf4-a145-39563502b300,2222,1,2017-11-26 20:06:00.0,vSensor2
a0e8a47d-d6b1-4c54-91aa-a85d9c50d8a4,4026,59,2017-11-26 20:06:00.0,vSensor2
a0f11964-7e51-4520-8b1b-bc6a9a5308ae,3091,21,2017-11-26 20:06:00.0,vSensor2
a12416c9-90ae-48f5-ad6d-4f96092b20c7,3089,2,2017-11-26 20:06:00.0,vSensor2
a23b8c09-10ed-47db-92d8-e6a6b829141e,6034,0,2017-11-26 20:06:00.0,vSensor2
a3699b55-710b-4978-9af9-9052f0d9c761,5228,17,2017-11-26 20:06:00.0,vSensor2
a54a53f5-bfd4-4705-8c00-3ae551f7f67c,4100_4,20,2017-11-26 20:06:00.0,vSensor2
a5f14b85-8217-4d66-a58e-3c689d703099,6051,49,2017-11-26 20:06:00.0,vSensor2
a60f9082-e2e7-45be-91ee-9de44e3a68fe,2100_7,20,2017-11-26 20:06:00.0,vSensor2
a61c19f2-e7bb-4dc0-94a9-af1407527350,5061,38,2017-11-26 20:06:00.0,vSensor2
a6b739ab-8a72-4a4b-84d5-6b444d09d946,3208,52,2017-11-26 20:06:00.0,vSensor2
a6c9c322-e069-4bf0-aa35-e17a1078c8de,3051,11,2017-11-26 20:06:00.0,vSensor2
a817460e-e7e2-49e3-97c4-6d53c89a8cc3,4039,100,2017-11-26 20:06:00.0,vSensor2
a936d6bb-87c9-48fc-900b-61a503584b94,4100_2,24,2017-11-26 20:06:00.0,vSensor2
a9a8f177-5373-4f0e-8cf6-f8116fca09a1,1407,85,2017-11-26 20:06:00.0,vSensor2
aa2fbfa0-737a-4392-b459-29a61f08c1a4,3069,75,2017-11-26 20:06:00.0,vSensor2
aa306cc1-d5eb-49df-b924-1c4eca57762b,3224,41,2017-11-26 20:06:00.0,vSensor2
aa6f40d0-22d6-453f-8b3a-c17ab18d2c0d,2100_6,27,2017-11-26 20:06:00.0,vSensor2
ab30d8ff-ea72-4699-bee4-1f0494c7c013,4051,23,2017-11-26 20:06:00.0,vSensor2
ac9db4fb-26e3-4868-90f6-55d1aac6246f,6048,23,2017-11-26 20:06:00.0,vSensor2
acb60454-a202-4b88-afb8-aee83fffe344,5231,77,2017-11-26 20:06:00.0,vSensor2
ae4a3dfd-262d-47d9-8b0c-74002b1de30f,3039,79,2017-11-26 20:06:00.0,vSensor2
ae58b617-b862-47d3-8eb2-0abc3fbf1715,6136,14,2017-11-26 20:06:00.0,vSensor2
b018ea14-5cae-4211-aa75-58ce46e464e1,4072,51,2017-11-26 20:06:00.0,vSensor2
b040265a-cd86-470b-94c4-dc8eb051622b,5092,67,2017-11-26 20:06:00.0,vSensor2
b0c7ef03-8966-4aea-afa6-ef5e28e7b37d,5038,70,2017-11-26 20:06:00.0,vSensor2
b173f1e9-82e5-42e4-b2bd-f6e427c01ce8,2008,74,2017-11-26 20:06:00.0,vSensor2
b191843f-e55f-4f24-863c-bc75f1399211,4092,65,2017-11-26 20:06:00.0,vSensor2
b1dbec7a-4cf7-4471-91b2-906ddef26591,6013,93,2017-11-26 20:06:00.0,vSensor2
b1f24509-20d1-4db7-b00e-a938db186b69,5100_1,55,2017-11-26 20:06:00.0,vSensor2
b300f354-8e35-45e8-8b5f-ba37b021f9b5,4222,40,2017-11-26 20:06:00.0,vSensor2
b44d4c2b-e31a-4872-9c0a-50515944ef0f,6092,36,2017-11-26 20:06:00.0,vSensor2
b567a7e2-d5e3-44cb-b3e9-0727a96e5a6d,2013,57,2017-11-26 20:06:00.0,vSensor2
b5907400-7546-4290-9074-f46fa3e43546,3058,19,2017-11-26 20:06:00.0,vSensor2
b65cfec8-cff9-4a8f-8482-c250c2c42c11,3243,71,2017-11-26 20:06:00.0,vSensor2
b677c82f-cec7-4049-b7d9-0effd3cb408c,3032,3,2017-11-26 20:06:00.0,vSensor2
b80b155b-8254-4e0d-8973-e119260ff0a7,4054,46,2017-11-26 20:06:00.0,vSensor2
b9797e1d-5e52-4e41-9a25-2f559507ffbf,5081,62,2017-11-26 20:06:00.0,vSensor2
ba454f39-ee45-4f64-a047-c39c81d7ef76,4243,100,2017-11-26 20:06:00.0,vSensor2
ba56d56a-e843-409c-93ae-d6b62ed49f96,2100_8,48,2017-11-26 20:06:00.0,vSensor2
ba9e955d-767a-49f1-aad5-811bfc4f94f7,3100_10,47,2017-11-26 20:06:00.0,vSensor2
bc60971f-cf26-4fff-bb41-8e28177fd583,4032,28,2017-11-26 20:06:00.0,vSensor2
bc79963a-cba7-4803-b0b7-fc84935f972b,6132,2,2017-11-26 20:06:00.0,vSensor2
bd1e3d9c-d056-4ccc-b13c-806f1a1813a4,6036,3,2017-11-26 20:06:00.0,vSensor2
be177355-1ced-421b-8bfa-e4aa287048d8,4086,78,2017-11-26 20:06:00.0,vSensor2
bf6b52d7-bb4d-4045-9e90-5271417f8138,5226,30,2017-11-26 20:06:00.0,vSensor2
c08e8e75-3238-4a4b-8e5d-290ed04690db,4065,71,2017-11-26 20:06:00.0,vSensor2
c0fa5a4b-df2d-42cd-9b46-de6ec469b1a2,2216,91,2017-11-26 20:06:00.0,vSensor2
c101db92-307d-4cf4-ba18-48beeb3e6e21,4100_6,62,2017-11-26 20:06:00.0,vSensor2
c10d4349-4be3-40f0-b7ca-c2aa541ebdc0,1429,70,2017-11-26 20:06:00.0,vSensor2
c1145368-b3d9-4e89-bf66-dab512c42f77,4044,11,2017-11-26 20:06:00.0,vSensor2
c1e870ff-9e16-4144-8120-58ed228edc09,6088,33,2017-11-26 20:06:00.0,vSensor2
c2776791-0780-4235-b09f-3fd3ac995b6a,2061,75,2017-11-26 20:06:00.0,vSensor2
c2a0550a-b34e-4c95-a9bd-a0aba23c55ad,3054,28,2017-11-26 20:06:00.0,vSensor2
c31ebf86-a760-47af-9654-a974afb24d0b,2069,32,2017-11-26 20:06:00.0,vSensor2
c4468f64-3eb8-4354-82c0-c677b1b1ddca,5076,100,2017-11-26 20:06:00.0,vSensor2
c53e8e78-8571-46bb-9e53-026b913814bd,6032,13,2017-11-26 20:06:00.0,vSensor2
c8dcd97d-2429-4883-8cd1-41f4210bba95,5100_2,25,2017-11-26 20:06:00.0,vSensor2
c8dd31e1-f88b-47d2-b4a5-03f08648f83c,3222,68,2017-11-26 20:06:00.0,vSensor2
c97d1af7-4c78-4d70-83cb-6a491469bea4,4216,32,2017-11-26 20:06:00.0,vSensor2
cacbd51a-264b-4cad-831c-0eb7d3fd22fa,4100_10,15,2017-11-26 20:06:00.0,vSensor2
cb40e230-32e9-499e-9c3e-52c2afead726,4082,61,2017-11-26 20:06:00.0,vSensor2
cda23769-3dd6-46e7-b8ab-b0966c20cee6,5064,78,2017-11-26 20:06:00.0,vSensor2
cda9d175-f01a-476d-bc11-8ed53cdba1f3,4068,1,2017-11-26 20:06:00.0,vSensor2
cf6050cc-3046-46ce-b1c4-0840f97ed35c,6052,33,2017-11-26 20:06:00.0,vSensor2
cfb00904-ebdf-4ba6-b69a-3251166fdf52,5234,2,2017-11-26 20:06:00.0,vSensor2
d02f1a96-2971-4953-b7c2-5c7f80e8eb67,5209,76,2017-11-26 20:06:00.0,vSensor2
d1004470-3c76-4457-bcfd-3700eb87e7c7,6064,53,2017-11-26 20:06:00.0,vSensor2
d24a55f3-d380-48a6-b311-a6bd7b9c73c4,6219,85,2017-11-26 20:06:00.0,vSensor2
d28c83f0-a5de-408a-a156-f3383f65d256,3013,14,2017-11-26 20:06:00.0,vSensor2
d2a5ab5a-ca61-44ba-8d54-70fdd35d4f78,5212,11,2017-11-26 20:06:00.0,vSensor2
d2a89db0-8d81-4d77-afe0-24245cedf7ab,3226,61,2017-11-26 20:06:00.0,vSensor2
d3558f52-b715-4abf-83e3-86a835b81262,2088,3,2017-11-26 20:06:00.0,vSensor2
d35f62b0-3cb5-4543-a5ce-6e5f559b7606,4028,100,2017-11-26 20:06:00.0,vSensor2
d41c59b4-5540-4b37-85e8-6d93157a15dc,2219,48,2017-11-26 20:06:00.0,vSensor2
d701e2d6-d626-4e71-b1de-5e1a3ccae43f,3056,48,2017-11-26 20:06:00.0,vSensor2
d7062f61-5f95-4f28-b088-2c43dc626494,2056,68,2017-11-26 20:06:00.0,vSensor2
d7d92a62-0d2c-4c9b-baa8-6f74f5fac090,4004,54,2017-11-26 20:06:00.0,vSensor2
d8bb755c-f13e-4d9e-be4f-4daed3b2e4d0,5044,36,2017-11-26 20:06:00.0,vSensor2
d9214575-d98f-4645-8a5b-33490a23ffc3,6056,45,2017-11-26 20:06:00.0,vSensor2
d972075e-a1de-407e-bf12-c2fe22475082,3084,53,2017-11-26 20:06:00.0,vSensor2
daee7432-a0dd-4def-b5e5-c8d2bfe0e614,3100_9,54,2017-11-26 20:06:00.0,vSensor2
de8eac4e-63e5-4a2d-8497-cb7cdce7abcc,3028,53,2017-11-26 20:06:00.0,vSensor2
dedcab5c-cfeb-4d1e-8ba9-1311232ef6db,6072,39,2017-11-26 20:06:00.0,vSensor2
e02a2212-b79b-473a-b3e2-efba02eb25c6,2019,59,2017-11-26 20:06:00.0,vSensor2
e06ee68e-62f4-42de-808c-80a6881dd0a8,5052,98,2017-11-26 20:06:00.0,vSensor2
e1f064b7-6b39-4dfd-9026-629c55de1e9c,6211,32,2017-11-26 20:06:00.0,vSensor2
e236da67-736a-4d78-85ea-268174f4875a,2042,17,2017-11-26 20:06:00.0,vSensor2
e326f3f9-5734-43ce-9da9-81d46898b6a0,4228,32,2017-11-26 20:06:00.0,vSensor2
e3c38237-c91c-49d8-80a2-c05aa49a2b09,5204,17,2017-11-26 20:06:00.0,vSensor2
e3e83212-d779-4741-9039-1962e6e0a838,1422,0,2017-11-26 20:06:00.0,vSensor2
e456837e-bcd8-487c-a9fa-a73ffcf91595,1403,43,2017-11-26 20:06:00.0,vSensor2
e5911c31-a7f9-4fda-8fc2-c0a29649704f,5065,64,2017-11-26 20:06:00.0,vSensor2
e5a17ce1-9f2e-41f6-b8ca-fdb7ae439ed5,2038,1,2017-11-26 20:06:00.0,vSensor2
e6475c13-74a4-4821-940f-2b0a881540b5,2091,49,2017-11-26 20:06:00.0,vSensor2
e6b1ae63-a859-4d4e-8a84-e10db5bcbb09,5211,74,2017-11-26 20:06:00.0,vSensor2
e7d827b2-838b-4cd4-86af-886c02ebb79c,5002,100,2017-11-26 20:06:00.0,vSensor2
e80f1039-d819-49ee-be0f-95a5ce3b7a10,3100_5,2,2017-11-26 20:06:00.0,vSensor2
e8ea9072-b162-41f0-8ff7-f3a70242933c,5019,68,2017-11-26 20:06:00.0,vSensor2
e93206ca-80c5-4289-8f11-8008e9953157,2039,59,2017-11-26 20:06:00.0,vSensor2
eb6be2fd-783e-4a35-a1c2-294cd69641dc,2028,67,2017-11-26 20:06:00.0,vSensor2
ebb91992-473f-4716-ae0f-9014977e8a7f,4234,28,2017-11-26 20:06:00.0,vSensor2
ebbb1dd7-0e2d-4707-b397-884c4c490514,2100_9,76,2017-11-26 20:06:00.0,vSensor2
ed388dc2-bb66-476f-94eb-52ff5b4db989,2054,88,2017-11-26 20:06:00.0,vSensor2
ee5735fa-c8c4-47b3-bedc-c548e7c10a78,2081,70,2017-11-26 20:06:00.0,vSensor2
eeb3cea7-ea53-490a-9b33-b9e0490df92f,5069,27,2017-11-26 20:06:00.0,vSensor2
eff25bdd-da1e-405c-9f9a-2b692cb3c3b0,5082,7,2017-11-26 20:06:00.0,vSensor2
f01a48c3-f847-4c7e-ab2f-d395f748470b,2214,18,2017-11-26 20:06:00.0,vSensor2
f0c7f6e5-24e4-4db7-aa58-8aa301610339,6068,12,2017-11-26 20:06:00.0,vSensor2
f1a1db60-c648-4d97-9663-0f1cfcf2f257,3061,10,2017-11-26 20:06:00.0,vSensor2
f1df24a9-4f1c-4365-967e-01bc25caddc5,2209,31,2017-11-26 20:06:00.0,vSensor2
f2697e9a-9e24-4efb-ae3f-be51a30de10f,6086,34,2017-11-26 20:06:00.0,vSensor2
f29aa0f2-ba4e-4149-b5ea-7e0c1162b9a3,6029,81,2017-11-26 20:06:00.0,vSensor2
f48f7ff0-8204-4ab5-a228-caa96b09c90c,3228,67,2017-11-26 20:06:00.0,vSensor2
f56f7430-b72f-450a-924a-3d0bd30a38b0,5208,96,2017-11-26 20:06:00.0,vSensor2
f8186394-2462-4f7c-bb34-3b5dd7d4fb13,5224,88,2017-11-26 20:06:00.0,vSensor2
f9743e08-8aee-4d74-b584-16243d3ddd28,2212,46,2017-11-26 20:06:00.0,vSensor2
f981a61b-834f-4d54-9f3e-b502cc6611de,4059,46,2017-11-26 20:06:00.0,vSensor2
f9c591f2-073e-4a41-a6c1-72b132037179,5100_5,59,2017-11-26 20:06:00.0,vSensor2
f9df534a-05fd-484a-98eb-d145a2f397ac,4211,75,2017-11-26 20:06:00.0,vSensor2
fa530b00-47b3-4a85-bc5c-0ba737baeed8,2211,24,2017-11-26 20:06:00.0,vSensor2
fa9ce111-d47a-42f3-aec5-cba5927f8dce,1428,59,2017-11-26 20:06:00.0,vSensor2
fd10ba06-7fbc-48f7-946e-da0b22895cf0,3216,68,2017-11-26 20:06:00.0,vSensor2
fdcc2299-3c71-4cd2-a984-bbb16a6aa650,4069,38,2017-11-26 20:06:00.0,vSensor2
fdfcea1e-eca7-4b0a-b14f-3f2635189b06,3204,35,2017-11-26 20:06:00.0,vSensor2
ff3d43b5-39f7-400a-a03f-2a7a725b49f3,6210,30,2017-11-26 20:06:00.0,vSensor2
ffb56d41-41e1-4cef-b1b8-96d5e09aebce,1425,2,2017-11-26 20:06:00.0,vSensor2
