006ea649-19e9-42f9-a7e9-48ee34f63bb1,6049,82,2017-11-09 08:57:00.0,vSensor2
0275c6d4-d610-44d7-8b5e-3ff2fe567e58,5089,70,2017-11-09 08:57:00.0,vSensor2
064ded11-cd76-490b-ab27-e84e3cc91fcb,6088,32,2017-11-09 08:57:00.0,vSensor2
0849f15c-f0ea-4fd5-8f51-718c4e8aa395,5011,68,2017-11-09 08:57:00.0,vSensor2
0867060c-1307-443e-b7e6-4b84546fe193,5100_5,32,2017-11-09 08:57:00.0,vSensor2
088cbad5-a6ff-4775-a3cf-66b7547014d4,2224,94,2017-11-09 08:57:00.0,vSensor2
0973a0bd-31b5-4fff-9a98-64286850149e,4243,52,2017-11-09 08:57:00.0,vSensor2
09ad7457-1b25-472d-bbdd-beee8ba8eea8,5059,4,2017-11-09 08:57:00.0,vSensor2
0a85798f-c31d-4235-be5f-4003705a72da,4004,37,2017-11-09 08:57:00.0,vSensor2
0a87f494-c12c-41a5-b740-09b814f16e5a,4089,94,2017-11-09 08:57:00.0,vSensor2
0b1521d7-55e1-4393-af64-92b7fb09b85c,6013,97,2017-11-09 08:57:00.0,vSensor2
0b7b4e4e-43a7-40da-96d8-e8b5e58805ac,2051,66,2017-11-09 08:57:00.0,vSensor2
0bef9812-e480-4f76-97e0-2184bdfd1680,2228,96,2017-11-09 08:57:00.0,vSensor2
0e1c6f5c-593c-426b-a4ad-b308f96325d6,5202,10,2017-11-09 08:57:00.0,vSensor2
0e985877-d29b-4168-9227-2c2ef55bcbd1,5066,60,2017-11-09 08:57:00.0,vSensor2
0f1bcd93-bb7f-43e5-b10a-9480ca8d2ac2,2013,1,2017-11-09 08:57:00.0,vSensor2
0f5b3b84-351a-4bea-a787-4ffb6ba71ba7,2086,27,2017-11-09 08:57:00.0,vSensor2
0fefb20f-ecbb-49c3-8b14-69ba132cab3a,2234,75,2017-11-09 08:57:00.0,vSensor2
11ef6d71-1a9b-44e2-98dd-47c43e47ca7d,4100_2,19,2017-11-09 08:57:00.0,vSensor2
136efa57-fb66-4966-971e-3a53deb28e2f,2099,79,2017-11-09 08:57:00.0,vSensor2
13a10298-8a71-43ba-8d28-ab3b32b74369,1600,62,2017-11-09 08:57:00.0,vSensor2
13b16ed6-1be3-4e90-84e0-fdbac8a04363,5222,58,2017-11-09 08:57:00.0,vSensor2
14249d13-ed33-4fa3-9d82-8b7d838d49db,5100_1,83,2017-11-09 08:57:00.0,vSensor2
143afb2e-3b24-4c69-9ec3-e296d822b428,2019,28,2017-11-09 08:57:00.0,vSensor2
15a3d7fa-2cb5-431f-aae3-b828d4908fb7,5019,3,2017-11-09 08:57:00.0,vSensor2
179e6872-076b-41f2-8470-bedb96253fb3,2088,9,2017-11-09 08:57:00.0,vSensor2
19333ce3-4cdf-4541-84be-311c840cadbb,3100_7,71,2017-11-09 08:57:00.0,vSensor2
195c2a26-c32b-4bb3-bc1d-44c0be61188e,2089,54,2017-11-09 08:57:00.0,vSensor2
19ef0a7d-62fe-488e-a4cc-f46289be4a9a,2100_4,97,2017-11-09 08:57:00.0,vSensor2
1a6aa058-960f-4c76-b722-d87490a20827,4013,1,2017-11-09 08:57:00.0,vSensor2
1acff1f3-a745-4637-8d40-0109470bac6f,5204,0,2017-11-09 08:57:00.0,vSensor2
1d8b2d6d-57a4-4b0a-b3c8-30e90c6215dd,1407,30,2017-11-09 08:57:00.0,vSensor2
1e406691-18cc-4618-9b15-33953ca97a73,2216,4,2017-11-09 08:57:00.0,vSensor2
1ed455bc-4072-4b6f-8b8b-0d1b2ba3b2c8,2208,32,2017-11-09 08:57:00.0,vSensor2
1f159f4c-4e4e-44ee-a198-fc5bc815a287,4082,76,2017-11-09 08:57:00.0,vSensor2
20006237-bc38-4136-81c4-bbba3996c151,2061,39,2017-11-09 08:57:00.0,vSensor2
206108fb-e821-46fe-8481-31de23e394bc,2214,25,2017-11-09 08:57:00.0,vSensor2
212c7371-5b4f-4f5e-a2ce-2de3a5529fcb,5061,3,2017-11-09 08:57:00.0,vSensor2
21ac6dbd-ce57-4115-9cce-b5492fd5471f,2212,52,2017-11-09 08:57:00.0,vSensor2
22f2e53b-e98b-48cf-9673-ff27dc2cfba9,5100_10,44,2017-11-09 08:57:00.0,vSensor2
2372f30b-9b41-4a5e-8c2b-b00485e50fac,3100_2,45,2017-11-09 08:57:00.0,vSensor2
2518a4c9-8279-44e1-a567-c702a3b77e04,5219,63,2017-11-09 08:57:00.0,vSensor2
278ef55c-6ebd-4a56-bdd4-5cfb3b6b7e66,3100_8,68,2017-11-09 08:57:00.0,vSensor2
288ee2f5-6bed-4f1f-8ff7-dd414213135d,3069,55,2017-11-09 08:57:00.0,vSensor2
28c29af3-8053-4064-855a-0da7d67e30ee,3082,15,2017-11-09 08:57:00.0,vSensor2
28e3ed56-0781-4e8e-a8a4-b566f2cd3a01,2100_10,61,2017-11-09 08:57:00.0,vSensor2
298ef25b-ee25-46c5-aea5-d39fd0a4c6a0,1100,44,2017-11-09 08:57:00.0,vSensor2
2a206aa4-0262-41c4-8001-9bf17f31e231,4058,16,2017-11-09 08:57:00.0,vSensor2
2d93022a-58ef-4436-8603-f8d8f1af19b7,4221,46,2017-11-09 08:57:00.0,vSensor2
2ed3947b-068d-4d73-9398-7593c660df92,3088,82,2017-11-09 08:57:00.0,vSensor2
30357fa3-b6d0-42a4-9b73-8292dce5c5d2,4056,28,2017-11-09 08:57:00.0,vSensor2
31a39171-4f52-4de7-8eed-5ea8be31eb4c,2028,34,2017-11-09 08:57:00.0,vSensor2
340a7fce-061f-4986-b2eb-3913165b630b,2064,30,2017-11-09 08:57:00.0,vSensor2
343cc5f0-8d9c-46be-b567-2622596b1b04,4054,73,2017-11-09 08:57:00.0,vSensor2
3485f5bc-e8d3-426f-b8b7-38f2acd75b3a,6044,71,2017-11-09 08:57:00.0,vSensor2
35208051-1426-46f3-92df-30f02bbe7318,4100_8,21,2017-11-09 08:57:00.0,vSensor2
3582c39c-41ca-443e-ac98-670ff31fc672,3212,14,2017-11-09 08:57:00.0,vSensor2
36747e1a-8e85-4725-8fbc-b86b701cf44e,2202,72,2017-11-09 08:57:00.0,vSensor2
36c1f8c2-7ea2-4d9d-9c44-d58c13bd0431,3028,48,2017-11-09 08:57:00.0,vSensor2
36e56e2e-6776-4fc4-bbef-45f84a983ab0,2072,89,2017-11-09 08:57:00.0,vSensor2
37bae7dd-e59b-4a2d-b874-e75c95cc908a,4099,36,2017-11-09 08:57:00.0,vSensor2
3a2fa807-d576-4a28-b9b9-fd650a9dced2,1427,10,2017-11-09 08:57:00.0,vSensor2
3aa98e3c-6b87-4d7d-9bff-128282e10558,5214,96,2017-11-09 08:57:00.0,vSensor2
3ab27cb2-ce51-4735-8ea3-24189733a9ac,4204,47,2017-11-09 08:57:00.0,vSensor2
3b061932-9bcd-45d3-a3fd-42dc341b2af2,4231,60,2017-11-09 08:57:00.0,vSensor2
3cce3214-39dc-4b43-86f6-35916527f9b7,6024,11,2017-11-09 08:57:00.0,vSensor2
3de32d83-af84-45bb-b5ab-257ec3a692b7,4028,40,2017-11-09 08:57:00.0,vSensor2
3e5c8b85-2873-41c2-bf7e-d107e874d924,3013,27,2017-11-09 08:57:00.0,vSensor2
4026b3a6-ac22-40d0-b322-fb7b59dd9309,6019,66,2017-11-09 08:57:00.0,vSensor2
404d7360-20b8-4013-82fe-c1bf50e3712c,5062,16,2017-11-09 08:57:00.0,vSensor2
406ee1e2-228e-4e24-ae3a-fee4c6f5237b,3222,56,2017-11-09 08:57:00.0,vSensor2
415b5c16-1722-4160-b020-29c0d532fb8c,4232,25,2017-11-09 08:57:00.0,vSensor2
42ad52c3-0d92-4045-a483-f4595779276e,1413,70,2017-11-09 08:57:00.0,vSensor2
434560e5-8576-47ad-aa23-6582a9a07b79,2100_6,14,2017-11-09 08:57:00.0,vSensor2
441327ef-ad5e-42fc-b03d-a5b9b090fa5b,2243,7,2017-11-09 08:57:00.0,vSensor2
44640a9c-f6e7-4925-b846-3dd07ef1a0f3,4084,98,2017-11-09 08:57:00.0,vSensor2
4500e508-f006-465e-bba6-ec182a063f91,5209,71,2017-11-09 08:57:00.0,vSensor2
45502f7c-adb7-455e-acd7-07fe09f1e2ed,5004,63,2017-11-09 08:57:00.0,vSensor2
461e5aa8-0d82-4c48-b604-56915df9340d,2091,32,2017-11-09 08:57:00.0,vSensor2
465b7e32-85e0-4d20-ac10-de9cc6c75d50,4064,80,2017-11-09 08:57:00.0,vSensor2
46cfc0d5-3e65-4a30-9e1d-8c5c195c6abe,4228,62,2017-11-09 08:57:00.0,vSensor2
47dd0b34-43dc-4e40-b658-a3905d944dbe,6066,26,2017-11-09 08:57:00.0,vSensor2
49f48d81-7b65-4b1b-9da1-0239f1038f89,4241,87,2017-11-09 08:57:00.0,vSensor2
4a1b789a-a27e-4e49-9fc2-8a099400ea05,5038,37,2017-11-09 08:57:00.0,vSensor2
4ac03947-7021-4860-886b-929c8be6875c,3092,6,2017-11-09 08:57:00.0,vSensor2
4b981902-4081-403c-8b7d-d98f73c98bf4,4042,89,2017-11-09 08:57:00.0,vSensor2
4ba38353-1334-45ff-b28b-85fb19478b5c,6056,11,2017-11-09 08:57:00.0,vSensor2
4c54be23-6aea-454a-8cdd-0b5dea7183fc,4100_9,42,2017-11-09 08:57:00.0,vSensor2
4c86ce1e-d0a8-4c43-a85c-cf576976d3dd,5048,47,2017-11-09 08:57:00.0,vSensor2
4cbd1c74-23da-4d94-bde7-e683e448f3fc,5068,26,2017-11-09 08:57:00.0,vSensor2
4d57f793-3c5b-4c86-a102-4c07df522af2,3100_9,17,2017-11-09 08:57:00.0,vSensor2
4e4055cd-b946-482f-8fff-34051f2119b4,6211,95,2017-11-09 08:57:00.0,vSensor2
4ee87093-23d3-47ae-b68e-b7bbcd11ebca,6028,75,2017-11-09 08:57:00.0,vSensor2
4f69ec59-1f15-467a-bd1a-bbfa44a7e748,2082,52,2017-11-09 08:57:00.0,vSensor2
50cc1e68-24d4-413b-b0f1-aa94f11ba75b,4011,35,2017-11-09 08:57:00.0,vSensor2
5281b47c-4f2e-4b9e-a6c8-4f86e0ff0a06,1420,99,2017-11-09 08:57:00.0,vSensor2
52b5fa61-e61f-43a9-83a7-688294c85baa,1422,6,2017-11-09 08:57:00.0,vSensor2
5315d479-80d3-420d-97cb-093c06ac2502,3061,70,2017-11-09 08:57:00.0,vSensor2
546d80a1-185c-45c4-a455-75a40be07a38,2226,62,2017-11-09 08:57:00.0,vSensor2
552cd01f-8304-42b7-8695-ccd9b9434f85,4029,90,2017-11-09 08:57:00.0,vSensor2
562cd43a-5b7c-43a2-a678-6103d8e2c180,5100_9,57,2017-11-09 08:57:00.0,vSensor2
565422a8-876c-4e61-b7c4-4b450f278b2e,2058,72,2017-11-09 08:57:00.0,vSensor2
56f89030-a887-47ce-abcf-17afa95396fa,4061,9,2017-11-09 08:57:00.0,vSensor2
57850189-17fd-42a6-b47e-7d34bccfd65f,3100_10,73,2017-11-09 08:57:00.0,vSensor2
58fd297a-6897-4762-96e6-deee92da1a0e,4224,69,2017-11-09 08:57:00.0,vSensor2
5959b244-6ccb-43ea-9e84-9dcb9ca2393c,4216,87,2017-11-09 08:57:00.0,vSensor2
5a4368ca-967e-4d98-b233-3ba04f411bc3,3206,3,2017-11-09 08:57:00.0,vSensor2
5a618487-2e6a-48f4-8a73-5adb02cba6fe,2100_3,12,2017-11-09 08:57:00.0,vSensor2
5c454585-79a1-415e-a405-63e75dbe7605,2062,56,2017-11-09 08:57:00.0,vSensor2
5c45aa2a-a117-441a-97f6-0842a110b19e,4019,33,2017-11-09 08:57:00.0,vSensor2
5d282fa5-3ea5-4aa7-9b95-6241ac8c6c9d,3059,6,2017-11-09 08:57:00.0,vSensor2
5dc5ed52-3dbe-45f2-b0e8-64509c893185,2231,98,2017-11-09 08:57:00.0,vSensor2
5f528dba-a01b-40a8-840e-f8af095e706d,3062,20,2017-11-09 08:57:00.0,vSensor2
5f761c29-52c8-4ac3-ba77-18a4806b32aa,5224,11,2017-11-09 08:57:00.0,vSensor2
61378817-8ccc-4f16-b0d3-60baa13402e0,3072,12,2017-11-09 08:57:00.0,vSensor2
6377da65-3427-4f43-811d-89cc740a4e38,2052,92,2017-11-09 08:57:00.0,vSensor2
6480c44e-acba-434d-845e-928c4dbb5c86,3100_1,80,2017-11-09 08:57:00.0,vSensor2
657d74fe-c247-4d29-904b-3b8c440cab5b,3091,55,2017-11-09 08:57:00.0,vSensor2
65b25631-a598-46a1-94d7-4ae70c7e9643,2100_2,9,2017-11-09 08:57:00.0,vSensor2
69bc7037-50e5-4f03-843a-cfdc69b301a9,6034,71,2017-11-09 08:57:00.0,vSensor2
6a31fc61-f68a-4491-afed-eea82addd6c4,6068,93,2017-11-09 08:57:00.0,vSensor2
6c17e35b-3de9-4043-b67d-abfcb212c250,6074,28,2017-11-09 08:57:00.0,vSensor2
6c54bcf0-4c6b-41d3-8ad0-0abaf6c9fb98,1200,31,2017-11-09 08:57:00.0,vSensor2
6d6aa345-9b15-4aea-acbd-018f90ed2752,5206,59,2017-11-09 08:57:00.0,vSensor2
708beea3-cb8a-4015-9db9-1a212b2d3939,5234,3,2017-11-09 08:57:00.0,vSensor2
70b326f4-ecde-42c3-b974-9cfa258e77f9,2221,64,2017-11-09 08:57:00.0,vSensor2
722b126f-f7df-4a11-8367-88ba7a5c6849,4234,96,2017-11-09 08:57:00.0,vSensor2
72da660b-fcb7-4f81-8e2b-a451f5b2e0e9,2032,18,2017-11-09 08:57:00.0,vSensor2
730fc714-7a20-43c3-b936-2e7327d02a76,6084,23,2017-11-09 08:57:00.0,vSensor2
7311c964-6e87-4e70-8ad9-dd7a11b6891e,5088,91,2017-11-09 08:57:00.0,vSensor2
7385af22-0d06-4c70-9b0b-a9ae3984ac71,3221,53,2017-11-09 08:57:00.0,vSensor2
74cfea32-3df5-4ad1-9edd-20ace3461a89,4086,69,2017-11-09 08:57:00.0,vSensor2
75d95f72-5cfb-4f18-9908-a88859acb19b,5054,38,2017-11-09 08:57:00.0,vSensor2
76a180fc-82c0-43a8-9f87-5d761ecf72f9,2209,47,2017-11-09 08:57:00.0,vSensor2
774b1fff-c4ff-4b04-9e35-5524086f9989,5232,42,2017-11-09 08:57:00.0,vSensor2
77cbf4e2-460c-4d87-b1c7-328b84b6f44e,4062,13,2017-11-09 08:57:00.0,vSensor2
78429ef2-5f78-466d-ac9e-e04d48c5540f,3076,62,2017-11-09 08:57:00.0,vSensor2
79191c47-ced0-4f33-89f2-ba5042ca4d09,4100_4,76,2017-11-09 08:57:00.0,vSensor2
79859958-26af-435f-823f-69c670b4c82a,4226,69,2017-11-09 08:57:00.0,vSensor2
79a5f2fd-a059-483f-8b07-7c49eeff6725,4038,93,2017-11-09 08:57:00.0,vSensor2
79df1aa0-1df5-4224-aaae-f54de0db89b2,3011,70,2017-11-09 08:57:00.0,vSensor2
7a3b2aeb-588d-4342-8bf0-68cfa51d41ab,5058,15,2017-11-09 08:57:00.0,vSensor2
7a9df187-830d-4cdd-8b13-5990a2c4b3d5,2044,64,2017-11-09 08:57:00.0,vSensor2
7b18fcb7-3d2a-4e61-97c5-a3e3967bdb33,5013,42,2017-11-09 08:57:00.0,vSensor2
7c25ffd5-8c2a-4c02-b2fb-3122ba00ff14,4068,3,2017-11-09 08:57:00.0,vSensor2
7c2747b3-1966-4f0b-a4f9-5595cd68e8a4,5100_8,63,2017-11-09 08:57:00.0,vSensor2
7c3731b4-1e49-4258-8237-ff68d03394b8,4074,47,2017-11-09 08:57:00.0,vSensor2
7cec395b-7894-45ef-a519-94c33ad0ef31,4002,79,2017-11-09 08:57:00.0,vSensor2
7e14f581-35ef-4c98-88a2-562e0d5f73b2,5243,49,2017-11-09 08:57:00.0,vSensor2
7e71c6e1-35dc-4c8d-a9b9-151d430ea8fa,2084,8,2017-11-09 08:57:00.0,vSensor2
7efc469f-27a9-40c8-be5f-38b44f896ef4,5052,6,2017-11-09 08:57:00.0,vSensor2
7f9b9b7a-4b3f-4810-924e-828166e0bf84,3089,50,2017-11-09 08:57:00.0,vSensor2
7fbeba67-954e-4f27-813c-4fb2b8beb124,5226,63,2017-11-09 08:57:00.0,vSensor2
8092e684-8336-4a6a-a072-2aacf5a22b1a,2008,25,2017-11-09 08:57:00.0,vSensor2
81403a0a-16a9-4e38-a759-16512a308909,4066,25,2017-11-09 08:57:00.0,vSensor2
816ece22-f653-47a5-a91c-abefd564f2a6,3065,91,2017-11-09 08:57:00.0,vSensor2
81dd24ed-9d70-4eb5-8b5b-3ffe3c460a9c,3100_4,61,2017-11-09 08:57:00.0,vSensor2
83760ca4-8e72-4ccc-be47-2f4847f0bfe5,3214,7,2017-11-09 08:57:00.0,vSensor2
83ae878a-717f-4cb0-b29e-fe8dd1d8615c,2241,100,2017-11-09 08:57:00.0,vSensor2
848b4b9c-96b3-4fc4-aa45-230773905a47,3241,56,2017-11-09 08:57:00.0,vSensor2
849e42f1-0587-4b0e-9ab8-762cf9212460,3044,27,2017-11-09 08:57:00.0,vSensor2
85621c0c-ef17-4332-a85e-643b43d7b12d,3081,27,2017-11-09 08:57:00.0,vSensor2
85eb24af-141f-42f9-9821-4f6050df2515,6032,54,2017-11-09 08:57:00.0,vSensor2
86a35566-a10e-463a-9e22-b24839375fce,1425,97,2017-11-09 08:57:00.0,vSensor2
87ef92dc-3e6e-42f5-b12b-1a67c31eefc5,1431,89,2017-11-09 08:57:00.0,vSensor2
88d970e2-472b-40da-8642-7ced19cfd5c2,2002,61,2017-11-09 08:57:00.0,vSensor2
896e09e1-84b1-42c5-a253-56045fc9fa72,2069,1,2017-11-09 08:57:00.0,vSensor2
8ae7e9d2-1682-4bc6-b7a8-d1d2b7dba16c,2100_5,36,2017-11-09 08:57:00.0,vSensor2
8b965d59-512c-4574-91fd-09d715778da1,6082,43,2017-11-09 08:57:00.0,vSensor2
8cf3e989-ba49-4cc6-8b91-b9deb57de4df,2039,75,2017-11-09 08:57:00.0,vSensor2
8cf86bc1-db05-475f-977a-2d47ddf501d4,4092,34,2017-11-09 08:57:00.0,vSensor2
8d24481d-b124-4ff4-89c5-f51c4ba7bdce,2029,53,2017-11-09 08:57:00.0,vSensor2
8e6e2ee1-8c16-4968-8ff9-ac8cc55721b6,1428,66,2017-11-09 08:57:00.0,vSensor2
8ed21410-d009-445e-a30a-809077ebf534,5044,36,2017-11-09 08:57:00.0,vSensor2
8fffbb14-72aa-40c6-8bf2-144a6bcd16c9,4202,98,2017-11-09 08:57:00.0,vSensor2
91b4a5f0-0775-4b26-948e-9308efdedfd1,4212,78,2017-11-09 08:57:00.0,vSensor2
92232ed2-17e4-46e2-b061-848a6add55be,5076,2,2017-11-09 08:57:00.0,vSensor2
933eb009-cd97-49d5-85e9-ecdad8eefd5d,2100_8,15,2017-11-09 08:57:00.0,vSensor2
935989ac-391f-4ecc-bf80-f4c39e3092a0,2100_9,76,2017-11-09 08:57:00.0,vSensor2
938d4c92-1cd4-4cff-ac12-ee8f969c869b,1433,10,2017-11-09 08:57:00.0,vSensor2
93a7fcfa-38c1-49fe-804c-6d99c719ba08,5065,58,2017-11-09 08:57:00.0,vSensor2
9423c38e-ced8-416c-a442-4a62adb3ef14,2054,95,2017-11-09 08:57:00.0,vSensor2
94cf56c4-8b89-469e-8b28-e55cf35299e8,3058,76,2017-11-09 08:57:00.0,vSensor2
94f1a230-d055-4458-9555-2698c7470e8a,4100_5,1,2017-11-09 08:57:00.0,vSensor2
95821082-6961-49c3-86c1-1aa4c3478674,2065,80,2017-11-09 08:57:00.0,vSensor2
95f01238-08c2-44e0-8f67-664fe522ec62,2219,62,2017-11-09 08:57:00.0,vSensor2
96a3c66c-24d5-4258-8b30-d630b34ab8ea,4048,42,2017-11-09 08:57:00.0,vSensor2
96b3f8b6-ec62-4232-b27c-c30f2d7d2fb7,3008,10,2017-11-09 08:57:00.0,vSensor2
96d16b29-f3e9-49bf-ae60-b8a166521343,4076,26,2017-11-09 08:57:00.0,vSensor2
97800469-33e0-4baa-a27f-58e81fbaf7e6,3051,91,2017-11-09 08:57:00.0,vSensor2
987f81a0-6998-4f06-b84e-bfb622b58ed2,2059,92,2017-11-09 08:57:00.0,vSensor2
9918e224-127e-4a1e-92ec-a2c9be98b9ef,5002,2,2017-11-09 08:57:00.0,vSensor2
99274293-a386-42b7-a257-c01d29024f77,6048,65,2017-11-09 08:57:00.0,vSensor2
995a77b7-09e0-4cc3-83da-916c7983fcd3,4208,8,2017-11-09 08:57:00.0,vSensor2
9a734f64-2798-4422-bc31-132064812898,3052,58,2017-11-09 08:57:00.0,vSensor2
9b1376d1-8013-4138-936c-dc4589092a5e,6218,22,2017-11-09 08:57:00.0,vSensor2
9b704224-b223-4013-bb04-0cc8be31b6ea,5082,40,2017-11-09 08:57:00.0,vSensor2
9b948784-0285-4315-9465-0fff9212a746,6036,65,2017-11-09 08:57:00.0,vSensor2
9bc013c9-59f8-4435-8c9e-aa43cd52c17c,6219,19,2017-11-09 08:57:00.0,vSensor2
9bf1a099-0da7-4ee9-90ac-89544c7bcc75,3038,76,2017-11-09 08:57:00.0,vSensor2
9bf3a58c-8855-4467-9175-64fbc02c35c2,2048,24,2017-11-09 08:57:00.0,vSensor2
9cb8b93a-39f2-473a-bcf4-8486dedd740f,2011,2,2017-11-09 08:57:00.0,vSensor2
9d15044b-7231-47fb-b99d-f2851af05efd,4091,42,2017-11-09 08:57:00.0,vSensor2
9d2326e5-a4ed-4d12-876a-088886d6b6cf,4032,96,2017-11-09 08:57:00.0,vSensor2
9e4ecee2-df61-4669-8d3c-edbfb1ff0c05,5074,8,2017-11-09 08:57:00.0,vSensor2
9e4ff5f9-2429-40ea-9039-2b37fde0f4cd,3204,77,2017-11-09 08:57:00.0,vSensor2
9e677311-234d-417e-a191-8a6358b35ee0,4222,80,2017-11-09 08:57:00.0,vSensor2
9e8fb654-78c3-4b8a-9301-618fec80c208,3224,13,2017-11-09 08:57:00.0,vSensor2
9eb86826-f5c9-4564-affc-1ae64703ef67,3086,23,2017-11-09 08:57:00.0,vSensor2
9f716bf6-adfe-43b3-9c37-cee2075ed061,4206,42,2017-11-09 08:57:00.0,vSensor2
a0243f93-5221-4c5c-84e3-bf0266a1b008,2100_7,74,2017-11-09 08:57:00.0,vSensor2
a143bb43-36c6-47ca-83bb-c1aa371a7267,4214,59,2017-11-09 08:57:00.0,vSensor2
a15db995-9e6d-423a-8757-96359df25ab7,5028,96,2017-11-09 08:57:00.0,vSensor2
a1cbdd30-87d3-4ec0-a2d1-3f8c955a1f64,6046,77,2017-11-09 08:57:00.0,vSensor2
a1fbe8ef-56d7-4ef0-b1b2-320abf4d153c,5081,36,2017-11-09 08:57:00.0,vSensor2
a28cadfe-1032-49df-8f42-97036516fa07,3056,44,2017-11-09 08:57:00.0,vSensor2
a2a1d876-b5f3-4c75-92f9-a6b946f6353b,4044,35,2017-11-09 08:57:00.0,vSensor2
a2d402d6-ef19-4551-93e4-ad133dcb3375,1412,36,2017-11-09 08:57:00.0,vSensor2
a3146f4e-819e-454c-96ea-c34c5ad06433,3234,14,2017-11-09 08:57:00.0,vSensor2
a390e8e4-e2ea-47c1-95bd-9d4e0af14a76,2092,51,2017-11-09 08:57:00.0,vSensor2
a3a318c6-0bf5-4435-952c-4fd54d9ac808,4039,63,2017-11-09 08:57:00.0,vSensor2
a3ff32c4-15af-492c-b460-75c93d5ef5a7,3066,56,2017-11-09 08:57:00.0,vSensor2
a4d02651-0b02-4056-85ae-0961c574bfb5,3100_6,43,2017-11-09 08:57:00.0,vSensor2
a53ee3a4-951a-4bdc-a07e-5a16d2584c85,5091,24,2017-11-09 08:57:00.0,vSensor2
a59b1a47-685b-4698-93e1-12d09ae9c209,6026,38,2017-11-09 08:57:00.0,vSensor2
a5e906d9-d860-41bf-9a02-e3db308dd097,6092,98,2017-11-09 08:57:00.0,vSensor2
a6f2a9b3-9307-45c2-98f3-6f48660d28c3,6136,53,2017-11-09 08:57:00.0,vSensor2
a77749ef-520d-4304-8b47-518282fd994f,4219,29,2017-11-09 08:57:00.0,vSensor2
a8472cb5-30db-41b5-82c6-7cf5b1930d86,6052,40,2017-11-09 08:57:00.0,vSensor2
a9755705-4b45-42a6-b580-c45da8fbc4b6,5064,73,2017-11-09 08:57:00.0,vSensor2
a9f16c86-fba7-4265-bbe0-069bfbb47840,5228,31,2017-11-09 08:57:00.0,vSensor2
aa1f214c-4e24-4c45-806e-cb0d59d0e676,1500,9,2017-11-09 08:57:00.0,vSensor2
aa738c8b-5049-4a12-85a7-68c8f8eb0afb,4065,63,2017-11-09 08:57:00.0,vSensor2
ab4a3ef3-de18-41ab-8008-6d590fb509f8,5042,21,2017-11-09 08:57:00.0,vSensor2
ab577685-13ed-4c64-bf05-38fd4090257f,5051,77,2017-11-09 08:57:00.0,vSensor2
ab88f7c8-02d6-4fc2-b447-5817dabddec5,4100_10,1,2017-11-09 08:57:00.0,vSensor2
aca9f974-55ec-45b8-a977-8a736aed86fd,5100_6,39,2017-11-09 08:57:00.0,vSensor2
acc9e199-851d-43a0-86f0-e0be5d666dad,4100_6,2,2017-11-09 08:57:00.0,vSensor2
acf384db-fa1c-4101-bed6-330887d0778b,3100_3,51,2017-11-09 08:57:00.0,vSensor2
ad647e28-da07-4664-a9c2-2582afd40d69,3209,21,2017-11-09 08:57:00.0,vSensor2
ad68eb12-5126-4f56-8713-558139693922,1406,43,2017-11-09 08:57:00.0,vSensor2
affd479a-6d7e-45ee-9455-f4a3a2630abe,6051,21,2017-11-09 08:57:00.0,vSensor2
b106c37f-ef0e-4726-8743-89dd7f7c0a0d,6213,95,2017-11-09 08:57:00.0,vSensor2
b185272a-fff4-44c1-a278-1234e512ca1b,2081,30,2017-11-09 08:57:00.0,vSensor2
b2ec610f-191e-4c82-a169-e263027068bf,2038,50,2017-11-09 08:57:00.0,vSensor2
b33248f2-bcbc-4c83-b421-18f8e651b974,6072,92,2017-11-09 08:57:00.0,vSensor2
b385341b-39a5-4263-9fef-40e7308c2477,3004,46,2017-11-09 08:57:00.0,vSensor2
b3ed1044-e7cf-4de0-b129-a07cb80d5b0f,3228,46,2017-11-09 08:57:00.0,vSensor2
b488c2c7-1006-4750-b65c-3ceb0937336d,3219,38,2017-11-09 08:57:00.0,vSensor2
b4c730bf-f440-4c54-b7cb-e123c6af10c7,2076,22,2017-11-09 08:57:00.0,vSensor2
b4c783ed-dd6c-4ff3-b262-a35b8fd1acaa,5032,50,2017-11-09 08:57:00.0,vSensor2
b63d8599-5f01-48ad-976a-e8f6b89bbbdd,3216,41,2017-11-09 08:57:00.0,vSensor2
b94738b3-9e6c-4a25-85db-bb309b185bc9,5099,6,2017-11-09 08:57:00.0,vSensor2
bc95c46e-9509-4fb0-80d0-70d08d3f7343,1403,13,2017-11-09 08:57:00.0,vSensor2
bcee64f3-39da-48b4-9d94-b8fc9dc95399,4051,56,2017-11-09 08:57:00.0,vSensor2
bdaaf50a-eaa1-409c-93f7-dcec73abe7fb,3039,63,2017-11-09 08:57:00.0,vSensor2
be75e8bd-5ae9-48f8-bcba-b18afae01492,3099,90,2017-11-09 08:57:00.0,vSensor2
bea1600d-ffe1-40c3-bebd-759cef2ccb08,1300,76,2017-11-09 08:57:00.0,vSensor2
bef7d1c9-4487-4984-9e82-8a7ffd4e62d1,2056,70,2017-11-09 08:57:00.0,vSensor2
bf444bcb-d0a9-4887-923a-6a4b66c2a948,3202,89,2017-11-09 08:57:00.0,vSensor2
bf58bbd4-a596-443a-8791-d5a4a428b2c6,6039,16,2017-11-09 08:57:00.0,vSensor2
c0247b49-3286-414b-9687-f1095271bc6c,2026,100,2017-11-09 08:57:00.0,vSensor2
c0345345-4515-414c-8046-e0d2e1460274,4081,21,2017-11-09 08:57:00.0,vSensor2
c0ce2745-0ef1-4270-9e14-fdfa0ef6569d,5056,5,2017-11-09 08:57:00.0,vSensor2
c12a3a00-35fc-4fcc-8284-7c77409b3de8,4100_1,59,2017-11-09 08:57:00.0,vSensor2
c19a2346-87fe-4632-88b3-92cc465a50c1,4026,13,2017-11-09 08:57:00.0,vSensor2
c291e48e-690d-438e-815e-e9098af3a646,6064,32,2017-11-09 08:57:00.0,vSensor2
c398e028-191b-4626-a461-f0398cfa774f,1434,9,2017-11-09 08:57:00.0,vSensor2
c452e40b-2f18-4e45-bcaa-016bbc923f24,4069,63,2017-11-09 08:57:00.0,vSensor2
c4f4d3d1-929c-4092-ab17-417f82da3b39,3002,30,2017-11-09 08:57:00.0,vSensor2
c5235fd4-b0ea-4fcc-9a77-5a5c5d94bb61,3232,65,2017-11-09 08:57:00.0,vSensor2
c52408e5-f510-4175-8e9d-7363c1183ad0,5092,43,2017-11-09 08:57:00.0,vSensor2
c67c519a-e0c3-4714-8990-a33287274a6e,6011,25,2017-11-09 08:57:00.0,vSensor2
c6a9d5fe-846f-407a-8766-78121e86152b,3100_5,64,2017-11-09 08:57:00.0,vSensor2
c6eaec6a-0515-406e-a9ee-6d1d0ab0b98a,2206,54,2017-11-09 08:57:00.0,vSensor2
c771d133-b985-4a6f-bd71-c0ea8fbe92a2,6076,6,2017-11-09 08:57:00.0,vSensor2
c79e6cbc-b1ef-416d-9f2c-5ceede64437b,2068,17,2017-11-09 08:57:00.0,vSensor2
c8552a26-ca39-4ec9-871d-0e984ef370a2,2232,13,2017-11-09 08:57:00.0,vSensor2
c95cc002-7607-406f-be77-9bba329b3b30,2100_1,7,2017-11-09 08:57:00.0,vSensor2
ca8f96d9-e6fc-4745-9132-2b59d20a84cc,4100_3,94,2017-11-09 08:57:00.0,vSensor2
cad2da6d-fb10-4f46-b861-b20de362ca7a,5026,94,2017-11-09 08:57:00.0,vSensor2
cb3d5ff9-5886-43d3-a4be-c1c349488488,3074,14,2017-11-09 08:57:00.0,vSensor2
ccf94bb3-799a-4c8d-b44a-35d4cd44b70f,3064,61,2017-11-09 08:57:00.0,vSensor2
ccfec389-4110-472a-9ee1-bb4497e8f328,5100_2,94,2017-11-09 08:57:00.0,vSensor2
ceb5733c-6b6c-4c81-8c8e-f0b25de60ad0,4211,91,2017-11-09 08:57:00.0,vSensor2
cec43266-cb8f-451f-bd41-726c2cbda9a9,5208,67,2017-11-09 08:57:00.0,vSensor2
cee200b4-a6ba-4b2c-9123-1cdf0b00cc8f,3243,28,2017-11-09 08:57:00.0,vSensor2
cf412c9a-739c-4d89-aadf-7283bedfb662,5212,87,2017-11-09 08:57:00.0,vSensor2
d0c4f9dc-4440-43c2-baf8-c76502f23d76,5069,88,2017-11-09 08:57:00.0,vSensor2
d3f64812-92b9-4d98-b5c7-ebe9e1296444,6042,21,2017-11-09 08:57:00.0,vSensor2
d60f8428-9aac-4ad4-a684-6792b5dc9998,6210,19,2017-11-09 08:57:00.0,vSensor2
d9699a69-d206-4859-90fd-1f74bf541696,3029,74,2017-11-09 08:57:00.0,vSensor2
d9741b0e-c7ab-47a8-b87e-25a1cbe27e23,6132,4,2017-11-09 08:57:00.0,vSensor2
d99abc2e-9308-47ad-8b52-933c2a798e03,3068,12,2017-11-09 08:57:00.0,vSensor2
d9da8882-a518-4ea6-ab25-71c74f0267de,4100_7,77,2017-11-09 08:57:00.0,vSensor2
dc9216f7-12a6-4a74-8791-c5958302b02a,4209,95,2017-11-09 08:57:00.0,vSensor2
dd181852-9137-4ae1-af59-5b2218125cce,5221,90,2017-11-09 08:57:00.0,vSensor2
df2aa342-bfef-4341-8234-be2d9623d298,3211,63,2017-11-09 08:57:00.0,vSensor2
dfb1b784-9e0a-4943-96ad-9d9c7edb6abd,4008,94,2017-11-09 08:57:00.0,vSensor2
e01ea172-98ba-47c4-9202-24e975cd5432,4059,34,2017-11-09 08:57:00.0,vSensor2
e0fbe2c8-b1b6-4cc6-b9ec-e2158c5362ea,3084,74,2017-11-09 08:57:00.0,vSensor2
e25c7399-6e75-4fdb-aae3-a1f3f09ac016,3208,62,2017-11-09 08:57:00.0,vSensor2
e2fbaf39-70b6-4f4d-b267-60d63226e58e,2004,2,2017-11-09 08:57:00.0,vSensor2
e309bf62-e2db-44e0-b30b-0a846add7bfa,3019,54,2017-11-09 08:57:00.0,vSensor2
e361ba10-6ed0-42d7-a6bf-9ff0ab9d7ef0,4088,11,2017-11-09 08:57:00.0,vSensor2
e48d4d99-9cb4-4f32-8ef9-0af8774d0efa,3048,55,2017-11-09 08:57:00.0,vSensor2
e54ab950-e13a-4beb-8d3e-8786847dc54c,6212,31,2017-11-09 08:57:00.0,vSensor2
e583b2bd-4c02-4fe6-88e9-5dbd1d164323,5086,76,2017-11-09 08:57:00.0,vSensor2
e5ad0348-ec31-4b86-8bae-59a58f93e7d6,6062,0,2017-11-09 08:57:00.0,vSensor2
e6831e08-58b4-4c95-94d8-03fc087ebd2b,5029,100,2017-11-09 08:57:00.0,vSensor2
e686f77b-058b-48b6-9d5a-e933734561f5,3042,22,2017-11-09 08:57:00.0,vSensor2
e70079c1-6855-42b9-abc2-dff9ee307dee,5100_3,97,2017-11-09 08:57:00.0,vSensor2
e97e5e16-8c4a-4f7a-97d3-8e8f70be70ec,5216,49,2017-11-09 08:57:00.0,vSensor2
e9e373b6-e4cb-4dc7-94c2-54278d55f5f1,6029,12,2017-11-09 08:57:00.0,vSensor2
ec142bf2-40c9-4160-a8b8-7c6934b31774,3231,72,2017-11-09 08:57:00.0,vSensor2
ecc71acf-58dc-49d3-905a-30c57651babb,3054,20,2017-11-09 08:57:00.0,vSensor2
ed4b7730-af50-40f8-af9c-cfbd4493851c,3026,62,2017-11-09 08:57:00.0,vSensor2
eddf541c-b71d-44ef-ab57-46f9cca549de,2074,36,2017-11-09 08:57:00.0,vSensor2
edf6b7c6-704b-4d40-bbb8-7ae13a2aec62,2066,69,2017-11-09 08:57:00.0,vSensor2
edfdc119-7618-4fae-8649-7441fc8b76ee,5039,80,2017-11-09 08:57:00.0,vSensor2
eee5e35d-9cfd-4352-a147-b8c1380cc835,2222,12,2017-11-09 08:57:00.0,vSensor2
efcd355a-e81f-46a7-a043-d4c97becc5ed,3032,91,2017-11-09 08:57:00.0,vSensor2
f079403e-4de6-4109-b1df-7283af91a08d,1423,44,2017-11-09 08:57:00.0,vSensor2
f13e4ab4-47c3-486e-a8cb-dddbae7ce76b,1429,6,2017-11-09 08:57:00.0,vSensor2
f18b43a0-8300-4cae-9800-0e45af83ad09,5008,93,2017-11-09 08:57:00.0,vSensor2
f23dc465-b8d9-4ffd-b677-ef50d2021869,5072,6,2017-11-09 08:57:00.0,vSensor2
f6559613-e42f-48ed-8890-9f29ffc9b4b7,6086,60,2017-11-09 08:57:00.0,vSensor2
f75a7f0c-2fac-4579-a98d-112297045f50,2204,38,2017-11-09 08:57:00.0,vSensor2
f785a719-0d86-44db-8dc8-7105fd5ce0a6,2042,72,2017-11-09 08:57:00.0,vSensor2
f7ddab7c-55e9-47f0-b8fb-4c10fc15f0e8,6215,47,2017-11-09 08:57:00.0,vSensor2
f8d20e5c-d766-4ce5-93b9-eaa1272b1e88,5100_4,68,2017-11-09 08:57:00.0,vSensor2
facbe9fd-5db0-46e8-ab78-f0c3f4bf8d4f,2211,3,2017-11-09 08:57:00.0,vSensor2
fbe81791-d1be-4906-8075-8d0650591bbc,4052,93,2017-11-09 08:57:00.0,vSensor2
fc15811d-a22f-4f8e-a3ba-8ce47ce096c3,3226,54,2017-11-09 08:57:00.0,vSensor2
fc4e96dc-ebef-4d95-bfa8-88fd8de4eb57,5100_7,63,2017-11-09 08:57:00.0,vSensor2
fc5c3d3f-58c9-4dff-82b8-f79c75cf6694,5084,45,2017-11-09 08:57:00.0,vSensor2
fe3ce7c4-f778-4101-8b37-888158b6256c,4072,7,2017-11-09 08:57:00.0,vSensor2
fe806ba6-0ced-4ca5-ba3d-9b767ab0854b,5211,33,2017-11-09 08:57:00.0,vSensor2
fec2b050-80d1-406c-9b36-3ea5f42bfe24,5241,91,2017-11-09 08:57:00.0,vSensor2
ff4bd03f-04a2-40c9-8cba-cefa7de064be,5231,17,2017-11-09 08:57:00.0,vSensor2
