004c94b8-764e-4bae-b2e5-a6ff498138c8,46,2017-11-20 13:10:00.0,5f404708_c7d8_4344_b905_71596f559601
01d1d316-6a54-44f0-82e1-9749b07a4c87,7,2017-11-20 13:10:00.0,fa2c8a64_ceef_4c0f_9b91_1fccaa160e3d
0232eb48-d686-4dcb-a8fa-2f9524202acf,57,2017-11-20 13:10:00.0,aebb945a_8765_4bd6_8573_aaf3513c043e
027b073a-6c31-4c97-bfe6-6f6d7c2477e2,10,2017-11-20 13:10:00.0,13afe24d_0794_4d2d_a931_ae400591d9d7
03abf1f6-b477-4872-b528-3a8de2cfe379,69,2017-11-20 13:10:00.0,a09d0b20_9fb0_4c00_8a9a_f62168aff775
06077d92-0db4-4fce-ac9d-7ba017eff92f,60,2017-11-20 13:10:00.0,088af802_d2fb_42a8_b519_ab9dc8a29038
0628827b-889b-4cf2-9ef5-e83a16d00edd,78,2017-11-20 13:10:00.0,5e08cf27_1df4_45aa_94bc_da81ffd5f008
06b1ea99-e35f-49f1-b010-1108d13406b2,51,2017-11-20 13:10:00.0,4b567635_a57b_4fb8_86f2_403a0da4e238
06db6bce-a000-408d-be9a-c57d392ef3cf,44,2017-11-20 13:10:00.0,32817423_ab8d_447f_8b1e_3e08ac86df17
07c0655f-6530-4f92-bf50-c83857a4e179,16,2017-11-20 13:10:00.0,e3d488cd_6198_4bd4_a364_b21fc2aa4ae6
081171a8-2f2e-493f-a68c-341fdd329ab4,3,2017-11-20 13:10:00.0,26679d97_8d67_4ddd_939a_dcb1fbdb9df7
08af76af-75f8-40ec-923d-c0439118cdcd,61,2017-11-20 13:10:00.0,9eaf9968_1cd5_4e12_a911_d7411d473b51
09240b23-dfe7-48c0-9074-3afc840eb704,63,2017-11-20 13:10:00.0,d56bf1f1_bdc4_4fd1_9061_a61105d9810a
0b007fb0-bea9-4f55-91da-183c871b45a9,26,2017-11-20 13:10:00.0,72271b1c_b357_4714_9055_094a54cbc129
0e496d7a-927c-4352-87a5-c98355ff8372,64,2017-11-20 13:10:00.0,70b2007a_b57b_4750_8bca_834ff9383acb
0ff1e912-e9bb-4cfe-9a60-dbab96ae4df1,70,2017-11-20 13:10:00.0,e2568dc1_9e62_4de3_bcf9_80e5d076dc95
1085d13d-9b92-4da1-a196-3265e44ef96b,21,2017-11-20 13:10:00.0,6d35ea2f_bf6e_4bb6_af15_eaf1eeb19b62
10eb716f-dc6c-477d-9e0e-6c8ccd2566f4,17,2017-11-20 13:10:00.0,c40def21_35f8_481c_a5e7_dec9a483d8b8
11a69abb-b469-4937-acd1-8a2838ba7d42,54,2017-11-20 13:10:00.0,836d3b01_9507_4ba3_b76a_db6ff1b8631f
12559ed9-13e2-4089-a02c-cb056db515dc,15,2017-11-20 13:10:00.0,78a59d5b_c05a_4d9f_adeb_2eb7521d6e78
1260a9bb-69be-48c0-8954-9668ca037719,64,2017-11-20 13:10:00.0,566cbbc8_7750_472c_ac71_e5ab1d08169e
12c32507-d4b2-4532-accc-7ca9e3e7863f,31,2017-11-20 13:10:00.0,39014de7_b857_494a_84af_eaef79ffa12a
13aef7a6-4625-4e7b-8718-6fc3831469c9,20,2017-11-20 13:10:00.0,b069287b_f7f5_4a9c_937d_5a36f34c60bd
15b6df3f-7b07-4a29-838f-52bd6d754f5c,6,2017-11-20 13:10:00.0,7a7c8295_7880_4314_b816_a92ae238f867
17a715bd-9f60-4ed6-8e75-a1b8003f3089,22,2017-11-20 13:10:00.0,40e02b28_a818_49f0_b9fc_fd99004bc559
1832a5a8-4508-4237-8158-49c6330c8852,79,2017-11-20 13:10:00.0,c719bd71_6b19_4274_be22_6adc283d3d29
1c24ec09-dbe3-4752-8b98-3ed5a585572b,60,2017-11-20 13:10:00.0,f9ce6449_534e_4c14_9e8f_7945db84794a
1c454c0d-68fa-4882-91dc-f716dfef2b41,38,2017-11-20 13:10:00.0,e0a7026a_a3ee_4794_b7b2_ddd4635c1377
1c502e22-32ea-4f1c-a13f-cb1997d8b688,39,2017-11-20 13:10:00.0,cd8d3b05_03cd_4cc2_9261_8127b9356754
1d047886-9890-4cd4-a064-8ce3c482d38e,83,2017-11-20 13:10:00.0,956abe75_02db_4951_a098_dff4ea63ca26
1d28288b-d0ce-4925-8aca-f83514cbdcb8,63,2017-11-20 13:10:00.0,063be5e2_65d9_4476_a5b7_7ac504a2ffc6
1e9ea48a-7378-46c5-b257-9b62e78e8859,7,2017-11-20 13:10:00.0,511d6155_1392_4928_bdeb_a898edfa2e67
1fc74b05-7cda-4e4d-8fb6-1fc33e5bd006,64,2017-11-20 13:10:00.0,392954ce_bfaf_4f37_a5e5_ff17303b683a
20291e18-e3db-42c4-b4b1-f84bc32ef5d5,30,2017-11-20 13:10:00.0,07f5fe2e_7bbc_4829_ad1b_529fc4dcf3ca
21d35f16-c3ab-449e-8b02-236111bd7423,75,2017-11-20 13:10:00.0,dcf8dd72_caca_4b7b_9046_f2eecdda718c
2228f528-491e-4ee7-ac7c-56ec2a853d6d,82,2017-11-20 13:10:00.0,21584f5e_078c_4bfb_8180_f302fddc512b
23d38695-0e30-4c5b-9703-7257f83f6d11,54,2017-11-20 13:10:00.0,962c0bb8_d7ab_4a93_8cdf_19630075abf1
268138e1-ced7-4ed4-956f-bd997387e394,98,2017-11-20 13:10:00.0,d008cf16_4f43_4842_a9e4_19bae2e8d52b
290f4b51-d95b-4fc2-a499-b85f16f6db81,27,2017-11-20 13:10:00.0,c4705913_7443_4a31_b1da_a73a39d05afc
2c60964e-b585-431e-a988-ff9f13602b28,76,2017-11-20 13:10:00.0,406d8fb5_e59b_4d0f_a3bd_48b30cc0e97a
2c64d1b7-8fe2-4fbc-9af6-16f7e0f22c67,26,2017-11-20 13:10:00.0,01aac98c_5deb_4322_baa3_44ce73b60b10
2f54d4e6-042b-4bf6-b1b0-abe4bcadf0a7,60,2017-11-20 13:10:00.0,8b72bf88_3b96_485f_8950_ba7848df8f70
34ee1426-bd0a-4731-9c16-848813155f17,60,2017-11-20 13:10:00.0,b38a8937_4f8e_41a9_9978_953da7d79c00
373979b9-ca37-4ef4-aa95-f6cb5330f666,42,2017-11-20 13:10:00.0,4bac4744_7eab_4449_a947_adad01ee3b89
38ba22cc-8ac5-4658-888c-0a4d72389bde,85,2017-11-20 13:10:00.0,16e310e8_cf49_49af_b4a2_dad8646427ec
3a3aa441-ad9e-4d23-9e25-0d8fa03bc737,52,2017-11-20 13:10:00.0,260388fd_1b02_46cf_bb09_7ecb3f55bd62
3aa2abad-dd14-4b6c-99e0-787d65e9199c,26,2017-11-20 13:10:00.0,5bf971cc_3309_43b9_be7f_2ffb8b8253c2
3b2d78c5-3e6c-4405-896d-13f930c29966,42,2017-11-20 13:10:00.0,6ceb2187_962e_472e_9781_636d0166d730
3d332dee-0f8f-428a-8df4-8647cf9414ef,38,2017-11-20 13:10:00.0,a5d360eb_f6e1_47c9_ba3d_80e0340a7b6c
3dc17435-ec00-463c-bec8-c58690a653e7,92,2017-11-20 13:10:00.0,57a01257_6ce9_4575_b4db_bf2149aa460c
3e765d12-8c5e-483f-84da-229dfee677b7,50,2017-11-20 13:10:00.0,22edcb0a_2cb0_4218_ad92_bc268219a349
476630a3-0306-438d-905e-72ad9c02dfc1,13,2017-11-20 13:10:00.0,c1b269ca_1480_4279_91c3_5d507e4311dd
4d3b5e3e-69da-495f-a0e4-f93ced61e7d6,30,2017-11-20 13:10:00.0,8fe559e6_ab25_42d5_b055_73f63ad799b0
4e480c22-403c-41bd-942f-bcf1f135e665,9,2017-11-20 13:10:00.0,31507168_6085_4248_8394_2db47b8a2608
4f79ed8b-b485-4199-843f-31bdd7ca4728,51,2017-11-20 13:10:00.0,129272d6_41e3_4bc3_91bf_5334190cab92
4f82ff36-f88b-430b-8b83-d8c6d1bda8fc,29,2017-11-20 13:10:00.0,3e718e69_203d_4c0b_af75_8b570c9df1d2
4faa58fd-c9cb-43fe-87a8-7caa3c7b71ac,97,2017-11-20 13:10:00.0,23c111bd_7fe9_456c_aee5_e00e28e714e8
4ff1e0e5-dccc-463c-a28c-2908fb0a199b,84,2017-11-20 13:10:00.0,d8272d0f_e19a_4a4d_b5c6_9b406127c8cd
50293202-99f5-457d-bff0-a0de435ba7f2,38,2017-11-20 13:10:00.0,8b242a60_8c6e_4548_b351_30e31209f4b5
523c63e7-9021-48e9-8541-ae42f1bf92ba,51,2017-11-20 13:10:00.0,d9515683_b052_4772_8107_006afb768dd5
53f0d3d6-fc84-4d6f-968b-82336f25734e,76,2017-11-20 13:10:00.0,aafee12a_f377_4fc9_81aa_6cb14c357de0
548896e6-e4cf-4c97-a4bb-28ed40972897,78,2017-11-20 13:10:00.0,5564fb5c_b82e_4915_839b_c1b8cb73135d
557ae12c-3f1e-4797-91bc-d25b8a7f528c,3,2017-11-20 13:10:00.0,25040df9_d544_41fc_bf1a_0a5db922e0d8
55a5b602-fc5b-41c5-9dfc-738ab968f41e,21,2017-11-20 13:10:00.0,f581eb75_0e4e_4c26_9792_81422ea45e9a
56108517-74db-4c1e-b62f-7ce4152422b7,87,2017-11-20 13:10:00.0,a0a934f9_59be_4a14_aee5_bcac9185626c
5636fc0a-b9ef-407f-bbe9-737c15b74e1c,82,2017-11-20 13:10:00.0,c7313270_4c87_41d5_8611_793e28967ff3
57e3ecda-9527-49d1-a5db-51545c66c2ec,5,2017-11-20 13:10:00.0,1b77f2fd_47ce_4d5f_b402_2f35b5f97079
580605e4-4f85-410a-804c-e95f820ad738,13,2017-11-20 13:10:00.0,59926a1c_dc59_4c79_bf41_6d3cc5ed70e3
583c6ca1-b0ce-4e33-b182-4ddf967ecedb,18,2017-11-20 13:10:00.0,24811836_b705_45fa_9058_37e0675261b6
589cdff9-29d2-48b7-9a09-0da90a96a409,79,2017-11-20 13:10:00.0,4fbf0bf6_9ace_4c0b_94ed_6a3f28c2efda
5a6dfbab-f367-4a50-9dfe-bc93f54f2709,12,2017-11-20 13:10:00.0,0430d70a_393b_4741_9594_e76a8634e33b
5c523a7a-3521-4f6c-ad29-2ce4273bbdf7,71,2017-11-20 13:10:00.0,f2c66e44_fd4a_42bf_8d9d_01d8f4c7b6c1
5d279664-e101-4cb6-b2e7-b16e42370b04,77,2017-11-20 13:10:00.0,155bdc3c_648c_4736_9648_7da6ee3aa00f
5d2e309e-37b6-4fd7-963a-6b297ac3b1cd,66,2017-11-20 13:10:00.0,8ecf8932_e0c5_4bb1_968f_a5a22c5293ba
601ec752-f692-43ae-a33a-1cd5d10292d0,81,2017-11-20 13:10:00.0,b1e3f6f8_54d4_42d9_860c_10c4c0b60798
62813cfb-2b63-450e-bbad-6046e33c6f1e,46,2017-11-20 13:10:00.0,d25306a9_a252_4d16_bcd8_33bfee7d7835
6331b7f6-fcdf-4dd6-b56b-c57d70d01825,87,2017-11-20 13:10:00.0,e316655c_d026_497d_acbc_f62acf40fa1e
63c5239a-9aed-4224-a087-e56f8efcbb9a,35,2017-11-20 13:10:00.0,4a5405c0_898f_44fd_89e0_e1b300191765
65b1c9c1-2082-45b6-81a6-f956317b3ed3,19,2017-11-20 13:10:00.0,6da8d9e4_a9b2_44c8_a2fa_f5263784ca6d
65c15925-f863-4863-9430-4d7e05724971,40,2017-11-20 13:10:00.0,ad8b6c76_77e1_4f3e_b2a4_d135f4049725
6607d6d4-76dc-4c53-8029-8e0c1ddfa91d,18,2017-11-20 13:10:00.0,63afe293_638d_4f63_90b4_a9e9930ff513
6878bd76-1d16-4378-93d6-e38edfb95623,7,2017-11-20 13:10:00.0,5ed67310_d6ce_4022_8c0a_c3fe2560b09f
68e2abd8-4019-4267-b788-3fb7e58fd786,48,2017-11-20 13:10:00.0,6d5567b2_0964_4739_be7a_1a65686665d7
692a4a57-5911-4a2f-bee5-be2f76c0e8a3,52,2017-11-20 13:10:00.0,56bcc0b2_768b_4732_9db3_da270aecf5d9
69a3a925-d37a-4e54-bccf-ded368f60a8c,76,2017-11-20 13:10:00.0,b295a8ad_0a67_44e2_bbbd_4224be69b00f
6ba60e7f-2a87-4c95-a7ec-82e5d78b4843,53,2017-11-20 13:10:00.0,50b2ce0d_b619_4ecb_96d8_94a913b0a078
6c56c241-c1bc-4cc1-b3ec-ee71db469679,55,2017-11-20 13:10:00.0,3e6db314_244c_4307_8388_2b17f6448f9a
6e4f23b5-7e85-4e2f-93ef-905ecec06a97,70,2017-11-20 13:10:00.0,7424679c_dbad_431e_831e_e25e8c4dbd58
6f250fad-82e5-45bd-9ef0-d50f485a315a,95,2017-11-20 13:10:00.0,31371848_a2d6_4038_b07d_35f5db1f6793
6f8e625a-e4f7-4490-99a4-5275d74e0764,49,2017-11-20 13:10:00.0,f93684cd_9fbe_45c2_9fdb_a39532489394
718f3c76-ef83-4bb2-8aed-cf691a6b8ba7,91,2017-11-20 13:10:00.0,4e4d439d_efb2_420a_87d8_c1592f8513cc
740d6a44-d26c-4571-8eac-5c3e168ae5c9,32,2017-11-20 13:10:00.0,253bfbb3_51da_49d8_986e_0df617d8194f
761548e4-85e1-4fbb-8e6d-f508faa3cf13,3,2017-11-20 13:10:00.0,ca291145_ab5a_41a3_a649_797d359a2c55
762ecc9a-308b-4e6f-9231-f13eec9d0e48,93,2017-11-20 13:10:00.0,dad9d142_e38e_407f_8e21_87608d8162cb
77087334-1523-4897-9c24-669c86ebc63a,10,2017-11-20 13:10:00.0,85ec43a8_1fe9_4dc8_a1ba_3a35851229cf
7792eb18-6fd8-4f01-9350-a9d4915dc72e,84,2017-11-20 13:10:00.0,bff5b423_94c9_4839_b33a_7b692cf7474e
78188d2b-77a1-402d-aa93-c926d730cd0d,74,2017-11-20 13:10:00.0,d7c558bb_91dd_467a_af6d_f7152cbf7d8c
7a8e2a69-f14c-4225-bd01-f7bc7c2ac14a,37,2017-11-20 13:10:00.0,4cc6cff9_a97c_4f2b_8ab6_84a6bf858b8b
7b0da047-1fdb-4b88-b39e-99dd6a8f42e8,93,2017-11-20 13:10:00.0,667d9d2d_fa9e_4cca_a922_920a50061fc6
7d9f153c-f2ee-4856-a830-65d2e550fc4b,99,2017-11-20 13:10:00.0,019a7278_0e95_48a5_8103_b301e149ca8c
82189214-c3e0-4344-8b50-c18b92d5a710,28,2017-11-20 13:10:00.0,4d350760_687c_44fd_9f3d_5c28a17bb758
83993570-c12c-45c9-8b23-8a288db31dd5,64,2017-11-20 13:10:00.0,712c36f4_6e58_4bea_bc20_3fec6d51322e
8608f559-9f68-40b2-8607-c48926b887ed,90,2017-11-20 13:10:00.0,61506a37_bb1f_4a57_9c63_b79f75046087
871876b5-9298-45bf-b037-3ea60e17ab36,29,2017-11-20 13:10:00.0,a586c969_a92a_4086_b187_651cdf569dc6
8a4c7d57-c993-4d31-8965-b7423b067fcd,17,2017-11-20 13:10:00.0,257a22b1_68e6_419e_90bb_695f5f154921
8a7d45fd-0cf1-4c4b-b737-0effd2437526,86,2017-11-20 13:10:00.0,465dfc01_e3e6_4d7c_a562_50781892269b
8aab7698-6209-45e8-a899-d10fbccab932,66,2017-11-20 13:10:00.0,4ec3faed_db19_402a_a756_60c08ff40024
8bda00a8-3b06-4fb9-850e-bb5c8ab66446,50,2017-11-20 13:10:00.0,4bf823dd_2e41_4e4e_95a9_f81467d2fd59
8cf8cfa1-156a-4aeb-911b-34fcceed87cd,30,2017-11-20 13:10:00.0,460b7a28_8057_4af6_8c82_23fe3c37b3a6
8d855ae7-17b5-45e3-a70c-b67a2e956474,29,2017-11-20 13:10:00.0,0a48d959_aef9_43a8_a3bd_df0a2f701b7b
8d98b85c-4000-42f8-a94b-59fb8325f796,78,2017-11-20 13:10:00.0,d17cdaa7_d788_4747_925d_27d91b9aad4d
904c5a1c-a0f7-4ecf-a909-b494c71965cf,87,2017-11-20 13:10:00.0,8025838f_3329_4aaf_8cda_222a81e82cc7
91900b3c-11c1-4d60-8f9a-a7d7d5867729,28,2017-11-20 13:10:00.0,75934d45_525f_4508_93b5_33448d198192
94065def-61b0-444c-8ae5-5b5e85be9eb8,89,2017-11-20 13:10:00.0,934c1620_caeb_4cc9_86e3_09ce6f10a0d8
94127347-cee4-456c-8290-69394279cfb9,21,2017-11-20 13:10:00.0,beace017_b726_4f5c_9c45_0a63179a0e9a
943e9529-8439-451f-8874-4d1bd1f7e255,76,2017-11-20 13:10:00.0,1d3a6221_3be0_4449_9ddb_b47de53fcd27
96108966-8536-4d8e-8e9c-3e67ab4dd3e4,76,2017-11-20 13:10:00.0,c427532c_cdef_45b4_8bf4_96107d0c6beb
966775bb-24f1-4ff6-9e22-62498f11a4c5,76,2017-11-20 13:10:00.0,748b4115_c341_4328_a705_5641cf4bfa54
9727f48b-f5e3-47d8-ba5c-0a89f33d7276,30,2017-11-20 13:10:00.0,68a0c69c_f747_4d43_8538_76d4e9a7fc01
97ce9a74-cb6c-40cc-8aa8-87b4a2fa946a,34,2017-11-20 13:10:00.0,56824634_876d_4d2f_abcf_120c930a63e5
9c7aa72a-fc58-4b34-ae05-0ac71df4f905,34,2017-11-20 13:10:00.0,020f362c_49ce_4545_9d30_0cbe3c738046
9ea9ec3a-34d4-4694-b70a-1d4c27d89d79,56,2017-11-20 13:10:00.0,99e23a5a_56d3_4a10_a6b1_d084768a4726
a05f5869-d61c-4f42-957e-124d81f9e443,88,2017-11-20 13:10:00.0,af508f35_dd00_4dbf_9d64_74372acd284d
a0d243d1-1e5d-4900-9462-78c53896e697,98,2017-11-20 13:10:00.0,c5cae245_a8b9_457e_bb50_b61d88218f0b
a21e9b1e-bd89-4be0-960c-07b7792e7908,72,2017-11-20 13:10:00.0,e9407733_34b6_46a9_844e_f8507e5d61fe
a3bc9b46-866e-479c-92f2-8beed7867cb6,43,2017-11-20 13:10:00.0,8b2cb401_f140_4954_b3c4_d582dcacf8d2
a5442744-76b4-4b34-8739-0433201c6bb4,64,2017-11-20 13:10:00.0,aae1d3dc_3001_4e6b_be55_df5e86b7adc4
a60f6b87-f5ec-4caf-83b1-03198abcac31,44,2017-11-20 13:10:00.0,9769a021_796c_4c31_8cfd_f95daf96d50d
a6694a84-bcbd-470f-a6a9-2284bbcdde6b,92,2017-11-20 13:10:00.0,05a92933_e8dc_45cb_99f8_ff51307231c0
a8f10c09-d2fd-4dfa-a846-f68dfc5c7fa6,23,2017-11-20 13:10:00.0,8d135923_a35d_425e_bbd0_4b3cfd83d492
a9a05bc9-9ff2-40e3-8eac-b04820156951,58,2017-11-20 13:10:00.0,7aab9bd3_9f47_4843_8463_c6bc44da1e7a
ab11daf8-8e63-4c92-a29b-b8abfda504a3,87,2017-11-20 13:10:00.0,7f22831e_a751_4413_9113_11ae0b6e7deb
ac5d3779-b0c0-44f4-8be8-b4f7a178cbc3,96,2017-11-20 13:10:00.0,16c9e927_77eb_4fbb_bd82_6ce6bfd786ac
ac98aa9b-7d81-489d-9886-e67815d0c69c,48,2017-11-20 13:10:00.0,a49f428e_0286_4196_958b_94ce9d1177ec
ad3ca5d1-1608-423c-99fe-b6199c8cc142,93,2017-11-20 13:10:00.0,e4f84490_f30f_4e9b_a601_a78423f270e0
ae88281a-cf46-45fa-b23e-d9b5b93079d0,34,2017-11-20 13:10:00.0,024dc92b_b53b_49c1_8d97_9a28ae3bf490
afc65be9-c9fc-4cc6-ab11-5f2a8ae884a6,61,2017-11-20 13:10:00.0,5e6d7a6e_39ca_47bb_84f9_0720ac5c61f3
b157a4c7-2836-4bdf-a3b2-a058fcb13685,57,2017-11-20 13:10:00.0,4827568d_1db3_4329_9931_9ca20104b8bf
b30e2361-f298-40dd-b7d4-39cb46a6c4a0,32,2017-11-20 13:10:00.0,51538d2e_4824_46d7_8a74_1c8162d0c743
b5992c60-7d96-4f89-9ee3-d2d397ecfa08,62,2017-11-20 13:10:00.0,06ff7a79_d6a1_4036_961e_ff605daae9cd
b6e2c54e-ace6-4baf-a137-de6c6108e408,55,2017-11-20 13:10:00.0,a44122b5_1670_4ad9_98f6_ee7c9796c19f
b6f747bc-334d-4dd2-99ad-348f32087cd6,3,2017-11-20 13:10:00.0,ff4aabcd_5a75_4fc3_a5a4_a647642a12bb
b837cc0f-a95a-4710-8f35-7395e2450412,82,2017-11-20 13:10:00.0,364f9fb1_6156_4fa4_8d32_a853c07c14d4
ba2d5176-a23f-4f5d-9258-350c5eb605f5,17,2017-11-20 13:10:00.0,30f01a49_27c6_463f_8ded_51cee5514b65
bb13ae87-126d-4116-8969-5107196a5463,50,2017-11-20 13:10:00.0,2b09c37c_5a17_4bcd_a1b9_2b8de1ab6ad7
bd95a82a-d6bb-4408-b906-d4d68f8c388a,10,2017-11-20 13:10:00.0,7a88ca9e_9a2e_4dd5_97e3_cbc1eaaea20a
be473339-3c4f-40cb-bcfe-dab2b988b097,20,2017-11-20 13:10:00.0,d0680cea_c96e_4527_a30a_676fcac4b80b
bf104dda-738c-4e41-818d-a054335ccd24,13,2017-11-20 13:10:00.0,5d7cfd09_6859_43d9_851e_a107822198bf
c0b75367-aafc-4163-abb9-b5d3fc28dbed,89,2017-11-20 13:10:00.0,ac58a267_e6e6_414d_b3ad_0e8b48f307ff
c16038cf-b200-4922-9cc4-9fd6064dc41c,24,2017-11-20 13:10:00.0,2b51c798_02de_4a63_adc0_95f2db1a7101
c1f2221b-6c28-45dd-b130-0f5cc2eec362,66,2017-11-20 13:10:00.0,389a0b1b_160f_4a7a_bfaf_cdb92d29ba8a
c25bd44f-2719-4515-9b08-997f23f13a1b,23,2017-11-20 13:10:00.0,e5243f0e_ff6e_421d_93fc_a34012c32e4f
c32cb833-682c-4ced-af0b-f53a6cca5f20,96,2017-11-20 13:10:00.0,81441868_59bf_4cc6_a252_d9a430cb0a97
c8fe9e11-b238-4aa5-9cad-b7e187cff8be,36,2017-11-20 13:10:00.0,7313793b_369f_4812_9bb9_131434d7ce7c
cab02b2f-e7c5-4ed6-ac3a-aa0e389039ec,82,2017-11-20 13:10:00.0,68b09dfa_1c21_4f3e_a8f7_1abac6242966
cbab8a59-7371-4b9e-8b31-5a494008a988,23,2017-11-20 13:10:00.0,589f183c_a611_4415_bf8a_9cd5aac24182
ccb017ad-a4a6-49a0-b2e4-242983bc6ae1,15,2017-11-20 13:10:00.0,3071efb7_855b_47db_8a1e_3c7d0136eaa8
ce014469-aa4a-4ebe-9aed-baf701072590,16,2017-11-20 13:10:00.0,b1617d7e_512f_42ec_a643_91498d88c9ac
ce2c64f6-7264-4cb1-84d3-deda7d43350e,42,2017-11-20 13:10:00.0,7182630d_39ba_4f4c_9034_f2c61f53f20b
ce947ee7-3899-489f-9274-b2c065ba3b45,33,2017-11-20 13:10:00.0,eb2fdee8_b6df_48a1_b4fe_0f00ab908b08
d12a3800-fe0f-49be-a486-789c4ce03cd3,11,2017-11-20 13:10:00.0,34649176_ebc4_4689_8e97_9fc7711a2a08
d16c676a-ba09-40e0-9bae-9669ba96fdf9,64,2017-11-20 13:10:00.0,afa49397_9b8b_4468_8d26_189e95ae819a
d1b97a6b-5e00-4b36-8968-a443d100afb6,40,2017-11-20 13:10:00.0,d89dc1af_ff76_43ae_8935_4acee38ddb06
d30984e8-6a64-46f9-8624-ad7e4b9c31e4,64,2017-11-20 13:10:00.0,01831b65_e5a4_4fd8_ab23_508a1aee9cfa
d42bb53e-d59d-4983-a1b0-c09979f8ceff,89,2017-11-20 13:10:00.0,7d97cd8c_a27e_4c58_8307_9ef4c0852ee9
d42dca21-bf25-45cc-9175-a33d4118a227,73,2017-11-20 13:10:00.0,e5896b56_d946_4291_8f10_a209de9aad65
d6c95f08-2cff-4bf2-ba11-fe9794cfcbe1,11,2017-11-20 13:10:00.0,97d153fd_16f2_4f63_a3ac_65de83852b1e
d6ce2d5e-2c41-4c86-8d15-8570b1ef7e8c,75,2017-11-20 13:10:00.0,e1488d0c_56ff_4608_bffb_ed4e5c70dc8e
df07be11-6ead-4f07-a038-7202d299a527,84,2017-11-20 13:10:00.0,587af435_897a_496a_b9c3_4d523bd13b6c
df807092-5934-42e7-9c6c-3ce1f2b47615,74,2017-11-20 13:10:00.0,9a737415_4154_4669_9594_2e8a76df5de9
e00d188c-0d53-4f53-b778-f1a3fe281a67,6,2017-11-20 13:10:00.0,cfcf8296_49d6_4e35_ba80_01af5edb7bc2
e357a5ad-23f8-45f2-90da-047865190266,70,2017-11-20 13:10:00.0,a88f71a3_3454_46db_80e8_e9416072f4c1
e38da44b-d0af-4134-80fd-91d3a382e7a6,60,2017-11-20 13:10:00.0,a1575ada_436d_41d8_9fda_842d19ee1d09
e6ac8b66-e741-47e8-8826-6675828a6b2b,67,2017-11-20 13:10:00.0,33780ea3_de98_444b_a2a7_69f242124892
e9ae1336-cb14-44bb-a093-f40c3fbfadc6,63,2017-11-20 13:10:00.0,87215f91_544b_4d2a_9e54_fdcac9025042
e9c2d560-fd1a-41ca-a5a4-78cce7cef16c,30,2017-11-20 13:10:00.0,f4244169_c932_4165_becf_3077e973e096
eb91e478-a805-4d17-b157-138c4966d013,43,2017-11-20 13:10:00.0,ee3d04e8_5b52_4872_b848_5a7c7336ee12
ebf405a3-af09-4ab9-a05d-eef34d6094e6,32,2017-11-20 13:10:00.0,9df87c65_981e_4d98_8a7f_87f0b88739fc
ec8adac2-7750-40a8-a4e1-c53b4f96074f,43,2017-11-20 13:10:00.0,9c7d6520_2b29_4974_98da_fcbb767febfb
ec8e5d67-ff6d-4a2d-bb5e-6c47b15ad0b9,6,2017-11-20 13:10:00.0,8a99ff1d_2cf6_472a_b18e_eaa07db0bf83
ef1a240b-3bbd-435f-82d4-67eeda230172,43,2017-11-20 13:10:00.0,56b69f40_30b7_43e8_a6ca_f32fe948ff76
efe13138-97cb-4d78-99ba-bd18c48e3518,86,2017-11-20 13:10:00.0,5e3fc47f_67ad_4456_b4eb_0b22744a31de
f01a3246-55f5-4544-b470-fb7341f3676c,41,2017-11-20 13:10:00.0,7f245af3_afca_4a3e_bf74_c9b301c01fef
f055d2d2-f92b-4c69-8b18-4aaaf159803a,77,2017-11-20 13:10:00.0,230eee2b_ad1e_4ac9_b412_84ca5a386d7e
f0a1e927-0d34-424f-8373-bf5e3e668a3b,10,2017-11-20 13:10:00.0,6d2335b8_80f1_4e78_9f2c_fcc0775b1b86
f39ec13e-1db7-4fe5-8d08-6fc28bafb3eb,57,2017-11-20 13:10:00.0,6d111af6_4387_4694_8474_7e741464283e
f49ff781-a052-4e52-ba6c-fde5cc843b59,13,2017-11-20 13:10:00.0,d7fbbfb8_389b_4ee4_b920_91eb44950913
f4cac385-3be8-40ea-857d-2b6ae229e7df,30,2017-11-20 13:10:00.0,d8226832_1ec0_4c45_831f_9528fd33216b
f57a2785-9144-4c11-8e4e-7df4913ac35a,66,2017-11-20 13:10:00.0,42a6b996_c3b1_48b5_a1d9_50c2cac09258
f5b45a42-6c8f-4ca3-8697-a9dd8078d011,53,2017-11-20 13:10:00.0,cb256dcd_ead6_4ab9_b445_fa11345ad28e
f5dd85c7-e6d8-428e-a4f4-f77e77e46357,50,2017-11-20 13:10:00.0,063cae4a_9052_4835_8d99_545857915955
f5f7dff4-8ae2-403f-8c0c-2fb26c120a2a,35,2017-11-20 13:10:00.0,13bb2617_f025_431b_b1c7_c1c7d50d5972
f80e4350-0db6-4441-93d9-e78affae4fe3,87,2017-11-20 13:10:00.0,bd121cd5_9a7d_4a5d_8fc6_a2cbbecee875
f860021c-a84f-4112-874f-6791ee2c6cf0,90,2017-11-20 13:10:00.0,bd922ff3_1c39_4119_b42d_c3b73ee08de3
f87f0944-d4f8-4cea-816c-95b32be0cb58,91,2017-11-20 13:10:00.0,c88a126c_d105_4088_bfa7_14e140cb8152
f91ffb07-3b7a-4194-8cd1-36fcbfb79bcb,56,2017-11-20 13:10:00.0,6d45fa49_0d62_49fd_a62c_2469544d1491
fa5cb706-24b7-43af-b11f-da3fde8af913,36,2017-11-20 13:10:00.0,7879ff3f_3b10_4f1e_9cf4_c59f62b8ed10
fc34890b-596e-4d9f-afbb-f91992017402,58,2017-11-20 13:10:00.0,5756e3bb_4b8a_482f_9a90_da7df47fc4ca
fcff9c15-222a-4ec7-953f-59a000d65d1f,82,2017-11-20 13:10:00.0,92fd38d7_b906_473c_87b8_685baca239c4
fe4c1fd5-2cf2-4574-b9f7-572bf9b8047a,15,2017-11-20 13:10:00.0,5b21a01e_d246_4a39_89e6_f4fb6b5ecf05
